2.4871
2.8474
3.0113
2.6983
2.7828
2.8983
3.7576
3.8073
3.7025
2.9415
2.8712
3.5629
3.7129
3.5121
3.5455
3.4364
3.6972
3.7299
3.7650
2.8932
2.6946
2.8412
2.6899
3.7206
3.7578
3.7199
3.6330
3.7056
3.7466
3.7676
3.5923
2.7345
3.7182
3.5876
3.5331
3.7530
3.4497
3.7872
3.9060
3.6351
3.6138
3.6975
3.5565
3.4470
3.6449
2.6698
2.5904
2.7465
2.7423
3.8947
3.7426
3.7956
3.7975
3.7661
2.6657
2.5924
2.8739
3.8162
3.6518
3.7461
3.7718
3.6851
3.7827
3.7369
2.7193
2.5910
2.7626
2.6839
2.6118
3.8193
3.7710
3.8180
3.7320
3.7654
2.7788
2.7015
2.6150
2.5725
2.7304
2.6883
3.7176
3.8043
3.7734
3.6745
2.8011
2.7339
2.6145
2.5691
2.8855
3.6179
2.6485
2.6694
2.8419
2.8063
3.6821
3.8040
3.5224
3.9408
3.5304
2.7638
2.5338
2.6000
2.7013
2.7664
2.8081
2.7026
2.7468
2.7984
2.6910
3.6501
3.7467
3.9394
3.5899
2.6485
2.5436
3.5981
2.7496
2.7679
3.6267
3.5665
3.5710
3.6029
3.5636
3.5159
3.6144
2.7496
2.7516
3.5845
3.5707
3.6018
3.5307
3.5653
2.7627
2.7114
2.6942
2.6795
2.6894
2.7394
2.6719
2.6510
2.6984
2.8014
3.8507
3.7448
3.8159
3.5868
2.3721
8.0465
2.3054
16.1336
2.3843
8.0422
2.2720
3.5635
2.8259
2.8254
3.5873
3.8490
3.7001
2.8643
2.8332
2.3350
2.2615
2.5908
2.7019
2.3944
2.3565
2.7445
2.8001
3.7396
3.7280
3.5717
2.7067
2.6594
2.8662
2.6454
2.5312
2.7988
2.7573
2.5220
2.8827
2.7277
3.7150
3.4986
3.7622
3.3950
3.5052
3.4833
3.6554
3.8388
3.7926
3.5136
3.8384
3.5759
3.5736
3.5374
3.3891
3.5097
3.5663
3.4706
3.8112
3.7683
3.8401
3.7584
3.5043
2.5169
2.7203
2.8038
2.5242
2.6327
2.8769
2.6725
2.7525
3.5865
2.7354
2.8623
3.5707
3.7683
3.8985
3.8688
3.8125
3.4451
3.4948
3.4899
3.3994
3.5528
3.5403
3.4752
3.8342
3.5629
3.8000
3.8366
3.6630
3.4699
3.4899
3.4338
3.7611
3.4872
3.7156
3.5886
2.7415
2.7699
3.5896
3.6902
3.5637
3.5711
3.6094
3.5887
2.7142
2.7177
3.5276
3.6496
3.5878
3.5523
3.6286
2.8400
2.7227
3.5152
2.5526
2.6950
2.6069
2.6665
2.5359
2.7610
2.6070
2.7112
2.8487
2.7967
2.3989
3.2152
2.5930
2.5112
2.7567
2.6409
2.6048
2.8428
2.6822
2.6628
2.5867
2.6532
2.9384
2.6984
2.7352
2.7779
2.5735
2.7006
2.7695
3.5988
3.4627
3.9083
3.9727
3.5916
3.7027
3.4865
3.7552
3.7321
3.5426
3.4574
3.9386
3.5714
3.9116
3.8988
4.1278
3.6178
3.7914
3.5842
3.4363
3.6719
3.8195
3.8364
3.5083
2.4530
2.7274
2.5715
2.7917
2.8354
2.6578
2.8005
2.9541
2.6109
2.6981
2.5892
2.4691
2.8056
2.5301
2.5936
2.8690
2.6538
2.5630
2.4636
2.4889
2.9099
2.6407
2.5694
2.7842
2.7754
2.6033
2.7967
2.5719
2.8528
3.9069
3.8527
3.6232
3.5960
3.8879
3.4895
3.9004
4.0738
3.9215
3.6593
3.7620
3.5462
3.4578
3.6594
3.8264
3.9085
3.5551
4.4344
3.4939
2.7371
2.7021
2.6486
2.7024
2.7441
2.5460
3.7493
3.9201
3.6530
3.6135
3.6298
3.8217
3.6995
3.8234
3.5354
3.6060
2.8690
2.8175
2.6137
2.5841
3.5465
3.7313
3.6027
3.8130
2.5507
2.6068
2.5004
2.7244
3.1132
2.8743
2.4796
2.8129
3.6305
3.9541
4.0785
4.1206
3.7257
4.0008
3.9963
2.4907
2.6693
2.5449
2.6592
3.9317
2.5882
2.8214
2.6760
2.6364
2.6854
2.6148
3.8091
3.8298
2.8280
2.7311
2.5560
2.8351
2.8501
2.5069
3.6429
3.5571
3.3761
3.9385
3.8171
3.8213
3.6121
3.6009
3.5036
3.4794
3.6959
3.8021
3.8109
3.7268
3.6099
2.5196
2.7587
2.7623
3.6245
2.4731
2.5984
3.2940
3.4848
3.4700
3.6075
2.9876
3.5521
2.8114
2.7898
3.7618
3.3742
3.5516
3.7615
3.3837
3.6290
3.5394
2.8891
3.6059
3.6300
3.5985
2.8625
3.7029
2.7907
2.7716
3.6631
3.5341
3.5894
3.5627
3.5635
3.5310
2.7528
2.7668
3.5932
3.5675
3.5758
3.5985
3.5463
3.5714
2.4070
2.7205
2.5178
2.7634
2.5280
2.7472
3.7922
3.5533
3.7991
3.5120
3.3520
3.4047
3.5106
3.5209
3.8261
3.5744
3.8144
3.8396
3.5744
2.7712
2.8408
3.6586
3.7254
3.6198
3.6010
3.7728
3.7229
3.5745
2.7554
2.7031
2.8084
2.7500
2.7751
2.7167
2.7166
3.6436
3.7517
3.7132
3.7615
2.5571
2.6974
2.7960
2.9209
2.6033
2.8378
2.6412
2.8288
2.8589
2.8255
2.6127
2.6980
2.9184
2.5713
2.7062
2.6742
2.6099
2.8628
2.6907
2.6568
2.8037
2.6143
4.2006
3.4708
3.7089
3.6495
2.6150
2.6276
3.7811
3.7779
3.6286
3.5039
2.6260
2.7117
2.6776
3.7725
3.8006
3.6557
3.5496
2.6334
2.5681
2.8081
2.6158
2.7262
2.4882
2.7889
3.7686
3.6322
3.7956
3.7507
2.6196
2.6061
2.7654
2.8302
4.0330
4.0992
3.8214
3.8586
2.5549
2.4784
2.5681
2.5258
4.0363
3.8755
3.7607
2.8173
2.8631
2.5072
2.6018
2.7985
3.6424
3.7235
3.8691
3.9562
3.6658
3.7702
3.8782
3.8729
3.3323
3.5154
3.6914
3.7538
3.6118
3.8370
3.5811
3.5983
3.9416
3.6002
3.8858
3.7915
3.8807
3.8391
3.8411
3.3462
3.5484
3.9808
3.6364
3.7482
3.7233
3.4877
3.6697
3.8589
3.4570
2.8346
2.6266
2.8437
2.4974
2.6218
3.1329
2.8971
2.7410
2.2903
2.7077
2.7411
2.8353
2.6071
2.8440
2.7071
2.8435
2.8340
3.6455
3.7406
3.6083
3.5551
3.9113
3.4536
3.9604
3.9018
3.9573
3.8062
3.8662
3.8570
3.9093
3.7633
3.6021
3.4274
4.0987
3.6432
3.6643
3.3984
3.4958
3.6501
3.7476
3.5957
3.5544
3.6251
3.8218
3.6149
2.7613
2.7195
2.6231
3.5174
3.5135
3.4618
3.9222
3.6608
3.4898
3.4168
3.7903
3.5751
3.6946
3.5862
3.5531
3.7952
2.7885
2.6838
2.6290
2.8352
2.6360
2.6910
2.9467
2.4866
2.5930
2.7487
2.7663
2.5941
3.5548
2.8885
2.8633
2.8707
3.0088
2.8968
2.7326
3.8530
3.5297
3.5403
3.8431
3.6673
3.5950
3.5637
3.5243
3.5631
3.5771
3.7370
4.2116
2.7571
2.6207
3.9642
3.7028
3.7990
3.5800
3.5003
3.7391
3.6235
3.9710
2.7126
2.7085
2.4919
2.5591
2.8193
2.5643
2.8483
2.4960
2.7155
2.7463
2.6721
2.9095
2.5999
2.5271
2.6394
2.8526
2.4529
2.7125
2.6880
2.8751
2.8553
2.8052
2.5716
2.6353
2.8999
2.6273
2.7293
2.5205
2.5081
3.5436
3.5232
3.7474
3.9247
3.5820
3.7958
3.4095
3.7987
3.6811
3.6975
3.4543
3.5089
3.8076
4.1159
3.7368
3.8405
3.7646
3.7323
3.9428
3.7778
3.9486
3.6305
3.9317
3.5061
2.7239
2.6622
2.6637
2.7706
2.5522
2.6025
2.8255
3.2630
2.8711
2.7960
2.7019
2.7611
2.5030
2.5734
2.4736
2.5655
2.9310
2.5835
2.4875
2.8391
2.8988
2.8290
2.5867
2.8445
2.6407
2.6870
2.5161
2.8031
2.4966
3.5395
3.8338
3.8413
3.6173
3.4702
3.3927
3.7792
3.6801
4.0013
3.9447
3.9020
3.5457
3.9903
3.4869
3.5046
3.8095
3.7926
3.8204
3.7299
3.6150
3.4245
3.7068
3.8370
3.8244
2.6277
2.7545
2.5750
2.7153
2.5893
2.8941
2.6986
2.7946
2.9127
2.8679
2.3659
2.6279
3.1047
2.6593
2.5415
2.5605
2.5567
2.7877
2.6561
2.6319
2.8713
2.7662
2.7787
2.6173
2.6084
2.9424
2.7206
2.8192
2.4078
3.2485
3.3401
3.7019
3.9522
3.7907
3.6629
3.5414
3.8086
3.7733
3.4263
3.2939
4.0743
3.5549
3.9517
3.8858
4.0866
3.6197
3.8434
3.6418
3.4013
3.6452
4.4683
3.9218
3.5623
2.5189
3.0994
2.9680
2.6314
2.6729
2.6306
2.7006
2.8271
2.5505
2.2368
3.1225
2.6843
2.8395
2.3290
2.7094
2.5533
3.0244
2.9908
2.5888
2.6963
3.2867
3.7908
3.6391
3.4732
3.2001
3.6646
2.4568
3.2143
3.6648
3.8110
3.9333
3.7045
3.9186
4.0805
3.7752
2.5569
2.5657
2.7083
2.6051
2.8188
2.8241
3.8903
2.7462
2.7933
3.5914
3.6453
3.6233
3.5632
3.5207
3.5215
3.7429
3.7971
3.6967
3.7849
3.6655
2.7802
2.7337
2.6204
2.5811
2.7607
2.6721
2.5891
3.7171
3.8054
3.7394
3.7150
2.7339
2.5878
2.7203
2.7168
3.7269
3.7764
3.7792
3.5083
3.7656
3.6878
2.7768
2.5638
2.8563
3.6751
3.6821
3.7415
3.8117
3.7537
3.4600
3.7897
2.6382
2.7273
2.7237
3.6602
2.7705
2.7103
2.6282
3.6893
3.6785
3.7142
3.6643
2.5884
2.6912
2.5834
2.7403
2.6839
3.7267
3.7842
3.5452
3.5795
2.7728
2.6900
2.7387
2.7735
2.7022
3.8891
3.8223
3.7856
3.6749
3.5476
2.6116
2.8873
2.6987
2.7565
2.7289
3.8634
3.7856
3.8101
3.7277
3.6697
3.5892
2.8525
2.5224
2.7066
2.7267
2.7295
3.8561
3.5629
3.5727
3.5216
3.7328
3.5861
2.7239
2.9127
2.7464
2.7523
2.7375
3.8553
3.8064
3.7130
3.8732
3.5558
2.5112
2.7650
2.6584
2.7054
2.7784
3.7339
3.7927
3.7264
3.5041
3.5934
3.6348
2.5396
2.6032
2.8400
2.7093
2.7276
3.7529
3.8039
3.8063
3.6372
3.6941
3.5885
3.5549
2.5368
2.8389
2.5309
2.6915
2.7252
3.7387
3.5301
3.6100
3.5697
3.7318
3.6002
3.5787
2.7815
2.6641
2.6012
2.6887
2.7309
3.6913
3.8140
3.7202
3.5935
3.7744
3.5634
2.6037
2.8594
2.5925
2.6818
2.7392
3.6625
3.8003
3.7158
3.6469
3.7100
3.7966
2.7325
2.8156
3.6706
3.8845
3.6476
3.7401
3.5735
2.6462
2.7638
2.6388
2.6146
2.7522
3.8304
3.7946
3.6545
3.8193
3.5759
2.5133
3.6871
3.6896
3.7254
3.7384
3.8014
3.8671
3.7292
3.6264
3.6057
2.4837
3.6784
3.8690
3.7180
3.6766
3.7907
3.7994
3.8549
3.6345
2.7834
3.6224
3.9086
3.4734
3.7354
3.9279
3.7145
2.5625
2.5126
2.7224
3.4971
3.7934
3.8638
3.7323
3.8443
3.7538
3.7973
3.8221
2.6050
2.5986
2.6663
2.6158
2.7880
3.6366
2.6339
2.7030
2.6289
2.5644
3.7888
3.6818
3.7296
3.7781
2.6086
2.7858
2.8299
2.5394
2.6548
2.5820
2.6052
3.5452
3.7023
3.7752
3.7989
3.6272
3.7282
3.7891
2.7666
2.5106
2.5003
3.6079
3.5068
3.8021
3.4171
3.6175
3.8277
3.4694
3.5288
3.7970
3.4531
3.7465
2.6414
2.6997
2.5967
2.6791
2.6939
3.5700
3.5363
3.7753
3.8034
3.6300
2.8054
2.8091
3.5537
3.7637
3.3871
3.5619
3.7725
3.3882
3.7110
2.7590
2.7624
3.5872
3.6157
3.5955
3.5482
3.6149
3.5358
2.6742
2.8351
4.5054
3.6174
3.5995
3.6524
3.2525
2.7729
2.7759
3.5867
3.5246
3.5578
3.6087
3.5565
3.5535
2.4296
2.7493
2.4148
2.7449
2.4733
2.7152
3.8585
3.4454
4.0554
3.9488
3.9707
3.7214
3.8389
3.6090
3.8322
2.6909
3.0243
3.7631
3.1041
2.9474
2.9492
2.6761
2.8927
4.0576
3.9448
3.9306
4.6931
4.6324
3.8946
3.9589
3.8838
3.8682
4.6832
4.7415
4.7357
4.7414
4.7225
4.7087
4.7273
4.7349
4.7423
4.7229
3.3266
4.7058
4.7365
4.7434
4.7362
4.7259
4.1603
4.7360
4.7395
4.7407
4.4895
4.6365
4.6672
4.6800
4.6809
4.1929
4.6800
4.6671
4.6817
4.6471
4.0306
2.7474
2.8650
2.4429
2.4969
2.7836
3.9721
3.8632
3.6292
2.7371
2.6729
2.8874
2.6349
2.5405
2.7850
2.7468
2.4738
2.8769
2.7364
3.7528
3.4709
3.8000
3.3740
3.5056
3.5052
3.6562
3.8172
3.8243
3.5168
3.7571
3.5150
3.5282
3.5417
3.4186
3.4747
3.5201
3.4846
3.8000
3.7727
3.8550
3.7886
3.6325
3.6068
2.8007
2.7185
3.5516
3.4262
3.6439
3.5755
3.6084
3.4490
3.5543
3.5650
3.6408
3.4957
2.9358
2.9252
3.5500
3.5011
3.8639
3.5670
3.6033
3.5251
3.8626
3.5409
3.5226
2.9023
2.8692
3.6869
3.3693
3.5272
3.6410
3.3369
4.3462
4.2081
2.6264
4.0944
4.3456
4.1974
2.6322
4.1012
3.6101
2.8367
2.8321
3.4943
3.6581
3.6303
3.5402
3.6853
2.7323
3.8708
3.4968
3.6765
3.4892
3.6481
3.4873
3.5910
3.8236
3.9095
3.7141
3.7165
3.6878
3.7519
3.5722
2.7701
2.7502
3.5516
3.6698
3.9616
3.6782
3.6031
2.7419
2.7543
3.5793
3.5968
3.5645
3.5798
3.5971
3.5330
2.5816
2.6590
2.7612
2.7528
2.7265
2.7064
2.7564
2.7115
2.6560
2.7098
2.6913
2.7877
2.6660
2.7665
3.8003
3.8492
3.7143
3.5595
2.7844
2.6430
2.5387
20.1469
2.7839
2.6531
2.5193
3.7194
2.6105
2.7421
2.7486
3.1249
3.0919
2.7056
3.1844
2.7193
2.8631
3.9897
2.9266
3.5771
3.7355
2.8670
2.6915
2.8413
2.6640
2.5801
2.6889
4.0684
2.4989
2.5299
3.8352
3.7367
3.4729
3.8263
3.6921
3.4695
2.3094
8.1627
2.3316
2.3043
8.1576
2.3152
13.9205
2.2739
8.1228
2.3481
2.3519
8.0392
2.3576
3.3267
3.3285
2.3404
2.7917
2.5797
2.5855
2.7409
2.8952
2.8313
2.6882
2.6654
2.7125
2.8193
2.6666
2.4115
2.7167
2.6343
2.6202
2.5366
2.6428
2.6225
2.4211
2.8632
2.6340
2.7471
2.6095
2.6160
2.7644
2.6616
2.7031
2.7824
3.6905
3.4249
3.9436
3.9211
3.5927
3.7749
3.7286
3.7487
3.8010
3.6955
4.2260
3.9870
3.5671
3.9945
3.5392
3.4880
3.7339
3.8766
3.7102
3.7794
3.5845
3.9588
3.8780
3.4025
3.6099
4.1862
3.2346
3.6542
3.9176
3.2298
2.4909
2.7843
2.7666
3.5833
3.8569
3.7908
4.0187
3.3661
3.5885
3.5989
3.5943
3.8330
3.7794
3.8355
3.3985
3.5579
2.9148
2.8631
3.5886
3.4866
3.7083
3.6703
3.5813
3.4999
3.7191
3.6475
2.6664
2.6857
2.8788
2.8506
2.8314
3.8185
3.5723
3.5156
3.4730
3.8433
3.7752
3.6531
3.6581
3.6192
3.8059
2.4994
3.6512
3.7363
3.7416
3.7273
3.7428
3.5464
3.7281
3.7160
3.7364
3.5510
2.7353
3.6512
3.6154
3.7244
3.7264
3.8090
3.8704
3.7181
3.6786
3.3692
3.6152
2.8079
2.7198
3.4755
3.7221
3.5649
3.6567
3.7345
2.7397
2.7354
3.6121
3.5715
3.5789
3.6409
3.5797
3.5683
3.6158
2.7435
2.7851
3.5985
3.5529
3.7690
3.6557
3.5132
4.5679
2.9066
3.8340
2.5585
2.7353
3.5348
3.8118
3.9563
3.5603
2.8228
2.8214
3.6635
3.7832
3.5889
3.5744
3.6333
3.7495
3.5528
3.5956
3.5898
3.6383
3.5744
3.5400
3.5700
3.8259
2.6785
2.6272
2.7107
2.7306
2.7356
2.6031
3.8650
3.6593
3.8368
3.8910
3.7955
2.8051
2.7741
2.5046
2.5373
2.7220
2.4949
2.7497
2.7037
2.6500
2.5301
2.7542
2.4670
3.6327
3.5835
3.3820
3.8250
3.7996
3.4420
3.6317
3.6803
3.8325
3.5353
3.5157
3.5885
3.3968
3.7908
3.7210
3.4622
3.5206
3.8437
3.7807
3.6859
3.6133
2.5033
2.6808
2.4818
2.6608
2.7618
2.8088
2.5242
2.6461
2.5612
2.5936
2.7082
2.8104
3.6045
3.8946
3.6598
3.5282
3.4777
3.9032
3.8205
3.3836
3.5150
3.6164
3.7189
3.7961
3.7426
4.2064
3.5022
3.9104
3.8548
3.3939
3.5471
3.9851
3.9823
3.8926
4.0000
3.4627
3.5766
3.8241
3.7239
