10.276
10.502
9.670
10.558
9.479
4.492
10.437
10.404
10.183
10.378
10.701
10.248
10.317
10.072
10.303
10.337
10.432
8.576
10.467
10.022
10.095
10.577
9.768
7.474
10.248
10.324
10.402
10.529
10.598
9.449
10.200
10.522
10.355
10.376
8.234
8.232
10.232
9.940
10.373
10.324
7.189
10.099
9.901
9.928
10.574
10.555
10.634
4.309
10.320
10.032
10.439
10.418
10.158
8.397
10.280
9.401
9.858
10.222
10.673
9.910
9.719
10.160
10.309
9.960
10.611
10.628
10.551
10.410
10.237
10.284
10.594
10.431
10.666
9.068
7.158
10.158
10.494
9.947
10.464
6.205
10.340
10.294
10.398
10.151
10.370
10.555
10.326
10.500
10.412
10.607
10.277
9.755
10.270
10.333
9.984
10.532
10.235
10.326
10.306
10.337
10.388
9.366
10.332
10.267
10.616
10.535
10.440
10.210
10.403
10.590
10.292
10.216
8.806
10.461
10.614
10.601
10.444
10.211
8.415
10.215
10.019
9.719
10.543
9.864
10.225
10.046
10.251
10.423
10.248
10.383
10.535
10.282
10.286
10.627
10.261
9.573
10.569
10.625
10.388
9.631
10.355
10.206
10.601
10.656
9.973
10.752
10.394
10.098
10.489
10.466
10.299
10.548
10.688
8.949
10.464
10.478
10.156
10.253
10.588
10.441
10.687
10.463
10.611
10.235
10.245
10.013
10.574
10.547
10.611
10.329
9.705
10.208
10.612
10.047
9.753
10.288
10.591
10.508
10.481
10.079
10.764
10.386
10.405
10.420
10.485
10.286
9.791
10.288
10.252
10.375
10.663
10.247
10.222
10.175
10.670
10.380
10.190
10.454
10.143
10.410
9.578
10.344
10.401
10.532
10.477
10.356
10.397
10.495
10.663
10.562
10.622
10.330
10.555
10.367
10.482
10.370
9.226
10.367
10.544
10.407
10.539
10.366
10.566
10.381
9.773
10.212
10.510
10.187
10.065
10.274
9.899
10.624
10.144
10.251
10.722
10.015
10.382
10.516
10.020
10.480
10.519
9.967
10.637
10.491
10.272
10.583
10.263
10.102
9.917
10.683
10.580
10.297
10.408
9.686
10.088
10.655
10.359
10.324
9.542
10.317
9.477
10.539
10.559
10.225
10.286
10.480
10.751
10.491
10.500
10.256
9.130
10.432
9.828
10.661
10.262
10.417
10.604
10.420
10.450
10.087
10.225
10.544
10.617
10.208
9.045
10.275
10.248
10.359
9.805
10.268
10.404
10.462
10.400
10.496
10.402
10.383
10.329
10.202
10.302
10.200
10.308
10.341
10.289
9.978
10.314
10.384
10.716
10.334
8.703
10.460
10.351
10.496
10.132
10.301
10.687
10.321
10.352
10.537
10.813
10.334
10.503
10.389
10.364
10.323
9.952
10.229
10.583
10.592
10.398
10.171
10.243
10.371
10.628
10.366
10.351
10.291
10.843
10.366
10.426
10.447
10.427
10.349
8.363
10.281
10.267
10.461
10.173
10.366
10.396
10.339
10.223
10.567
10.180
10.411
9.612
10.245
10.526
10.428
9.929
10.506
10.590
10.200
10.008
10.434
10.006
10.371
9.492
10.259
10.397
10.502
10.121
10.595
10.494
10.422
10.243
9.896
9.877
10.274
10.543
10.387
10.256
9.999
10.292
10.277
10.064
10.418
10.366
10.310
10.467
10.477
10.397
10.334
10.532
9.786
10.242
10.382
9.639
9.713
10.541
10.176
10.444
10.591
10.615
10.131
10.268
9.892
10.170
10.203
8.996
10.152
10.451
10.154
10.572
10.205
10.638
10.150
10.565
9.612
10.220
10.392
10.515
10.320
10.516
10.505
10.372
10.353
9.811
10.346
10.067
10.474
10.586
10.577
10.480
10.395
10.423
10.416
10.644
10.226
10.317
10.407
10.534
10.390
10.642
10.249
10.606
10.329
10.135
10.444
10.336
10.497
10.347
10.384
10.175
10.292
10.541
10.556
10.520
10.240
10.251
10.080
10.588
10.523
10.114
10.469
10.392
10.123
10.483
10.374
10.507
10.554
10.174
10.268
10.177
10.233
10.020
10.265
9.798
10.130
10.226
10.286
10.481
10.530
10.711
10.061
10.310
10.452
9.305
10.228
9.957
10.362
10.004
10.571
9.176
10.482
10.489
10.203
10.430
10.256
10.477
10.506
10.342
10.439
10.122
10.373
10.295
10.233
10.474
9.994
9.894
10.375
10.489
10.224
9.639
9.741
10.265
10.509
10.449
10.245
10.612
10.048
10.621
10.419
10.094
10.228
10.368
10.090
10.178
10.357
9.912
9.936
9.891
10.428
10.085
10.499
10.538
10.088
10.314
10.289
10.273
10.224
9.813
9.949
10.061
10.452
10.225
10.359
10.381
10.057
10.095
10.434
9.813
10.383
10.503
10.291
9.031
10.538
4.580
10.532
10.631
10.320
10.481
10.369
10.153
10.421
10.298
10.346
9.679
10.474
5.528
10.288
10.679
10.307
10.536
10.412
7.240
10.390
10.203
10.372
8.916
10.397
10.471
10.266
10.647
10.371
10.538
10.452
10.453
10.353
10.224
10.378
10.096
10.419
10.400
10.423
10.502
10.458
10.494
10.437
10.332
10.580
9.849
10.435
10.280
10.508
10.336
10.537
10.450
10.380
10.338
10.439
10.344
10.367
9.868
10.436
10.000
10.504
10.343
10.387
10.132
10.419
10.106
10.788
10.486
10.032
10.469
10.395
10.311
10.582
10.425
10.452
10.618
4.053
10.824
10.535
10.434
10.577
10.337
10.666
10.447
10.471
10.452
10.477
10.054
4.868
10.448
10.496
10.265
10.261
10.288
10.212
10.432
8.927
10.446
9.881
10.549
10.464
10.374
10.422
10.376
10.425
10.291
4.439
10.659
8.167
8.992
10.541
10.514
4.405
10.206
10.287
7.507
10.574
10.357
4.764
9.769
10.598
10.139
10.331
10.533
10.436
10.637
6.833
8.198
9.854
10.546
4.186
10.020
10.368
10.001
10.426
10.554
4.279
10.662
10.248
10.091
10.545
10.480
10.320
10.303
10.188
9.997
10.454
10.587
10.428
9.769
10.273
10.065
10.525
10.398
10.392
10.493
10.350
10.462
9.938
10.446
9.986
10.653
10.193
10.440
10.035
10.240
10.218
10.451
10.467
10.511
10.377
10.500
10.177
9.907
10.517
10.441
10.476
10.374
10.215
10.362
10.457
10.563
10.461
10.607
10.404
10.412
10.323
10.483
10.383
10.185
10.470
10.314
10.485
10.047
10.576
10.396
10.425
10.378
10.294
10.441
10.399
10.501
10.623
8.318
10.341
10.366
10.132
10.433
10.749
10.182
10.614
10.204
10.522
10.056
10.625
10.537
10.421
10.483
8.577
10.501
10.579
10.512
10.547
10.786
10.489
10.365
10.237
10.586
7.857
10.152
10.594
10.276
9.931
10.443
9.807
10.505
10.438
10.120
10.464
10.545
10.484
10.511
10.343
10.291
10.372
10.665
10.325
10.426
10.492
10.268
10.277
10.258
10.837
10.158
10.048
9.792
10.301
10.533
10.622
10.719
10.346
10.446
10.691
10.540
9.857
8.832
10.475
10.469
9.384
10.630
8.516
10.066
10.797
10.360
9.945
7.549
10.111
10.657
10.080
10.434
9.223
10.412
10.724
10.224
10.154
7.485
10.339
10.631
10.301
10.429
10.160
10.264
8.053
9.810
10.639
10.192
10.385
10.745
10.425
9.273
10.416
10.470
9.516
10.533
10.260
9.680
10.398
10.620
10.233
10.599
10.136
10.080
8.048
10.565
10.237
10.006
10.196
10.801
9.754
10.460
10.317
10.392
9.859
10.585
8.945
10.535
9.968
10.591
10.087
10.266
10.178
10.317
10.356
9.611
8.649
9.998
10.526
10.599
10.235
9.450
9.517
10.421
10.526
10.675
10.107
10.294
10.521
10.365
10.533
10.297
10.365
10.260
10.457
10.591
9.768
9.688
10.271
10.446
10.069
10.139
10.211
10.213
10.475
9.849
10.135
9.685
10.319
10.170
10.122
10.367
10.030
10.290
10.259
8.775
10.347
10.238
10.143
10.061
9.928
10.116
10.351
10.264
10.471
9.955
10.614
10.270
10.192
10.466
10.668
10.158
10.499
10.154
10.376
9.880
10.531
10.353
10.225
10.331
10.064
10.597
9.981
10.168
10.242
9.817
10.280
10.282
10.141
10.557
10.707
10.441
10.171
10.244
10.682
10.407
10.454
9.888
10.276
10.531
10.037
10.252
10.290
10.316
10.487
9.680
10.356
10.031
10.214
10.325
10.669
10.171
10.531
10.436
10.159
10.582
10.483
9.774
10.442
10.328
9.820
10.434
10.174
10.313
10.403
10.729
10.610
8.840
10.341
9.901
9.787
9.997
10.453
10.621
9.996
9.518
10.112
10.639
10.338
10.130
10.059
10.471
10.589
9.868
10.190
9.701
10.498
10.417
10.536
10.413
10.316
10.499
10.633
8.765
10.031
9.432
10.661
9.345
9.309
9.189
10.683
10.441
10.663
9.921
10.284
10.523
9.097
8.740
10.667
10.060
10.401
10.299
10.609
10.220
10.410
9.579
10.560
9.959
9.989
10.273
10.652
9.558
10.672
10.142
10.091
10.445
10.437
10.261
10.469
9.345
10.409
10.252
9.784
9.227
10.366
9.820
10.572
10.541
10.334
10.227
10.509
10.262
10.309
9.510
10.401
9.700
10.424
10.101
10.201
10.422
10.247
10.727
10.241
10.217
10.167
10.428
10.215
9.807
10.176
10.305
10.345
10.295
10.392
9.393
10.533
10.586
10.411
9.751
10.038
10.189
10.130
7.246
10.090
10.515
10.012
10.256
10.111
10.543
10.050
9.563
10.382
10.238
10.368
10.455
10.431
10.471
10.341
10.349
10.568
10.247
10.492
10.420
9.927
10.229
10.466
10.438
10.472
10.390
10.388
10.216
10.435
10.349
10.391
10.405
10.356
9.956
9.739
10.589
9.794
9.476
9.831
8.967
10.546
10.427
9.707
10.547
10.096
10.286
10.457
9.937
10.569
8.664
10.628
9.710
8.918
10.559
9.678
10.413
8.664
10.311
10.305
10.304
9.839
10.494
10.212
9.866
6.271
10.437
10.087
9.063
10.376
10.036
10.468
10.307
10.159
10.131
10.258
9.711
10.508
10.457
9.505
8.923
10.703
8.907
10.457
8.910
10.167
10.281
9.861
10.592
