4.6873
6.1628
4.8782
4.9943
4.7933
4.8256
11.3782
4.9383
4.9605
5.3456
3.4763
4.8233
5.4003
5.0049
10.0584
4.9494
5.1213
4.8363
3.5701
4.4246
4.9677
4.8989
3.5054
4.9542
3.4889
3.1478
4.9330
5.0456
4.0097
4.9045
3.7389
4.8236
4.7481
4.8367
5.1234
4.8308
2.3685
4.9248
5.0365
4.9861
4.8300
4.9992
4.9357
4.6286
4.5326
4.9654
4.8098
4.6984
4.8913
5.1335
4.9798
5.1317
4.7498
5.1200
4.9379
3.8810
5.0760
4.7972
4.7778
5.0591
4.9540
4.8034
4.5453
5.1013
4.8869
4.8855
4.7200
4.9526
4.9605
4.9423
4.9463
5.0581
5.1003
4.7829
5.0144
4.9435
4.8563
4.8196
4.9724
4.8644
5.0315
4.9377
4.9567
4.9090
4.9168
4.8740
4.7644
4.7259
4.9095
4.9017
4.6872
4.9196
4.9310
4.9694
4.8559
5.0197
4.6047
4.9685
4.8631
4.9692
4.9184
4.9565
4.9794
4.8437
4.9094
5.0134
4.9016
4.7521
4.8189
4.8810
5.0066
5.0335
4.8514
4.6863
4.8342
5.0581
5.0059
5.0750
4.9652
3.4597
4.8641
4.8492
4.7953
4.9789
4.7492
5.0171
5.0224
4.8182
4.9215
4.7747
4.7785
4.8100
4.6538
4.8113
4.9368
4.8811
4.9725
4.5995
4.7221
4.6611
4.8319
4.9481
5.0492
4.9959
4.9060
4.8041
4.9797
4.9616
4.7370
4.9227
4.8959
4.6832
4.8757
4.9808
4.9433
4.9006
4.8493
5.0093
4.7291
4.8843
4.9674
4.6403
5.0742
5.0033
4.8189
5.0582
5.0182
4.8070
4.8455
5.0149
4.9420
4.7546
4.8748
4.9757
4.8664
4.9289
4.9520
5.0410
4.8589
4.7898
5.0800
4.9956
4.7519
4.9507
4.8626
4.8636
4.6988
4.7726
4.1427
4.7143
4.9897
4.9987
4.9310
4.9401
4.6368
4.9702
4.9541
4.8536
4.9184
4.9773
4.9972
4.8075
4.9295
4.9446
4.9609
4.9481
4.7655
4.6785
4.9689
4.8776
4.8628
4.9774
5.0037
4.9745
4.8711
4.9791
4.6202
5.0055
4.8315
4.9662
4.9296
4.9093
4.6818
4.8863
4.9278
4.9953
4.8197
4.9593
4.9752
4.9992
4.9857
4.9541
4.6580
4.8762
4.7893
4.7782
4.9690
5.0196
4.8286
4.8439
4.9621
4.9703
4.8350
4.8335
4.9713
4.9787
4.8346
4.7962
4.9656
4.9432
4.2110
4.7865
5.0075
4.7792
4.3280
4.9997
4.9375
5.0673
4.9663
4.9642
5.0053
5.0498
5.0086
5.0092
4.8145
4.7660
4.8618
4.9213
4.9729
4.9384
4.9092
4.9856
4.9958
5.0102
4.8794
5.0068
4.7871
4.9993
4.8619
4.7919
5.0059
5.0160
4.8037
4.8472
4.8033
4.8829
4.9964
4.7811
4.9874
4.9992
4.8479
4.9793
4.9568
5.0422
4.9913
4.9969
5.0251
4.8039
4.5741
4.9399
4.9041
4.6049
4.8746
4.9447
4.9412
4.8149
4.9506
4.5140
4.7767
4.9591
4.8818
4.7818
5.0037
5.1406
5.0068
5.1030
5.0332
3.4714
5.0170
4.7787
2.4876
4.9790
5.0247
4.4797
4.8808
2.8370
5.0641
4.9905
2.9703
5.0994
3.5580
5.1279
4.9888
4.9745
4.9085
4.9806
4.8720
4.9518
4.9385
4.7419
4.9974
3.2872
5.0062
4.8666
4.9853
4.8208
3.5605
4.9827
3.8035
5.0042
4.7953
4.8526
3.5026
4.8314
4.9531
4.9881
3.5748
4.7928
4.8933
4.6350
4.8456
4.8214
4.7068
3.4672
4.9256
13.2037
4.7579
4.8283
4.9100
4.6961
4.9995
4.2826
2.4101
4.9469
4.9327
4.9087
4.9612
4.9479
4.9768
4.7421
4.9764
4.8587
3.4653
4.9699
4.8494
4.8165
4.9769
3.4721
4.9504
4.8959
13.2485
5.0285
12.8589
4.9853
4.8805
3.4913
4.8549
4.9884
3.5258
4.8061
4.9037
4.9803
4.9264
4.9827
5.0077
4.9843
3.4973
5.0102
12.5493
5.3543
4.7997
4.9485
4.9008
4.8042
4.9119
4.8351
4.9141
4.6942
4.9634
5.0777
4.9123
4.9942
4.9483
5.0222
4.9406
4.9961
4.9870
4.9911
5.0091
4.9072
4.9307
4.9623
4.8851
4.9632
4.9841
4.9647
4.7947
4.9261
4.7227
4.7529
4.8961
5.0231
4.8331
5.0138
4.9796
4.8686
5.1482
4.9297
4.8885
4.9278
4.9426
4.6349
5.0171
4.6796
4.9399
4.7717
4.6378
4.9657
4.9615
4.9460
4.7704
4.7366
4.8456
5.0061
4.9600
4.7573
4.9774
4.8223
4.4856
4.9379
4.7699
5.1922
4.9924
4.7029
4.9241
3.5373
4.9168
4.9750
4.9414
4.9830
3.5277
4.6764
4.9591
5.0110
4.7420
4.9120
5.0799
4.7876
4.7168
5.0204
4.7088
4.9261
4.8299
4.9147
4.9877
4.7880
4.9259
4.9687
4.9008
4.8274
4.7502
5.0336
4.9868
4.8264
4.9531
4.9931
5.0074
4.9285
4.9882
4.8639
4.9454
4.9738
4.8951
4.7427
4.7798
4.9705
4.9489
4.9444
4.8962
4.8719
4.7029
4.8996
4.6912
4.9838
4.9658
4.8986
5.0134
4.8979
4.8128
4.7942
4.8901
4.9920
4.9859
4.9744
4.9668
4.9323
5.0078
4.8275
4.7979
4.9420
4.7910
5.0153
4.8274
4.9062
4.8424
5.0310
4.7977
5.0268
5.0197
5.0137
4.9814
4.7872
4.9765
4.9997
4.9745
4.7155
4.7324
4.6530
5.0579
4.6016
5.0247
4.9761
4.7927
5.0715
4.9192
4.8901
4.9437
4.9040
4.8056
4.8667
4.8897
4.8537
5.1030
4.7558
4.9187
4.8640
4.9693
5.0474
12.8505
4.7641
4.9725
5.1001
4.9236
4.9026
4.9308
4.7994
4.9888
4.9526
4.8495
4.9929
4.7852
4.8074
4.9798
5.4707
5.2113
5.0266
4.9327
4.6895
3.5240
3.4726
3.4727
3.4611
3.5349
3.4930
