3.7282
3.7967
3.7812
3.7055
3.7250
3.7288
3.7846
3.7360
3.7632
3.7841
3.6972
3.6740
3.8011
3.7598
3.7357
3.7776
3.6916
3.7061
3.7242
3.7783
3.7438
3.7548
3.8375
3.7526
3.8050
3.7399
3.7137
3.8198
3.7613
3.7584
3.7688
3.7555
3.7405
3.7912
3.6386
3.7339
3.7811
3.7750
3.7114
3.8365
3.7924
3.8018
3.7709
3.7514
3.6800
3.7825
3.8615
3.9226
3.7478
3.8047
3.7305
3.7907
3.7233
3.8501
3.7601
3.8095
3.7933
3.8202
3.7464
3.7867
3.7969
3.7503
3.7432
3.7685
3.8122
3.7065
3.7482
3.7709
3.7492
3.7677
3.7539
3.8115
3.7813
3.7668
3.7326
3.8082
3.6944
3.7755
3.7342
3.7767
3.7771
3.7723
3.6730
3.8199
3.8073
3.7681
3.7862
3.7818
3.8122
3.7766
3.7091
3.7585
3.7372
3.7982
3.6984
3.9253
3.7080
3.7752
3.7001
3.7420
3.6822
3.8051
3.8367
3.7681
3.7930
3.7619
3.7321
3.8280
3.7953
3.8000
3.7228
3.8118
3.8322
3.7983
3.8041
3.6973
3.7942
3.7132
3.7819
3.8017
3.8211
3.6935
3.7472
3.8083
3.7139
3.7327
3.7719
3.6424
3.7515
3.7795
3.8581
3.7589
3.7660
3.6563
3.7639
3.8153
3.7657
3.8467
3.8214
3.7609
3.8323
3.8101
3.7166
3.8427
3.7486
3.6883
3.8182
3.7424
3.7500
3.7151
3.7846
3.7113
3.7414
3.7879
3.7921
3.8071
3.7591
3.7005
3.8153
3.7424
3.7432
3.7178
3.7870
3.6527
3.8116
3.7694
3.6810
3.8371
3.7607
3.7905
3.8007
3.7792
3.7053
3.7322
3.8165
3.8092
3.8226
3.7620
3.7564
3.7134
3.7683
3.8065
3.8238
3.7917
3.7834
3.7740
3.8054
3.8091
3.8191
3.7931
3.7304
3.7047
3.8073
3.8748
3.8177
3.7372
3.6926
3.8204
3.7530
3.8201
3.7916
3.7711
3.8263
3.8204
3.7603
3.8242
3.8086
3.8214
3.7987
3.7812
3.7396
3.8523
3.8137
3.8157
3.7932
3.8093
3.8628
3.8112
3.7398
3.8018
3.8165
3.7219
3.8203
3.7597
3.7594
3.8170
3.8209
3.7718
3.8154
3.7794
3.7136
3.7940
3.8045
3.7219
3.7714
3.7662
3.7323
3.7827
3.8168
3.8244
3.8424
3.7708
3.8070
3.7948
3.8186
3.7414
3.8494
3.7759
3.8134
3.7738
3.8100
3.8139
3.8591
3.7494
3.7779
3.7533
3.8086
3.7268
3.8159
3.7167
3.8063
3.7639
3.8127
3.7992
3.7640
3.7567
3.8221
3.7806
3.8183
3.7380
3.7318
3.7806
3.8259
3.7749
3.7960
3.8165
3.7502
3.7758
3.7857
3.7620
3.8030
3.7329
3.8212
3.7550
3.8168
3.8098
3.8144
3.8330
3.8024
3.8187
3.8146
3.8031
3.7665
3.7045
3.8402
3.7194
3.7773
3.7874
3.7683
3.7832
3.8505
3.7321
3.8082
3.7206
3.7724
3.7176
3.7454
3.7431
3.7802
3.7630
3.7741
3.8254
3.7583
3.8082
3.7997
3.7709
3.7730
3.7256
3.7904
3.8133
3.7152
3.6707
3.7540
3.8301
3.8231
3.8222
3.7580
3.7378
3.7125
3.7664
3.7610
3.8271
3.7764
3.7773
3.7555
3.7248
3.7913
3.8027
3.7816
3.7328
3.7697
3.8230
3.7737
3.8102
3.7537
3.6764
3.7838
3.7290
3.8629
3.7192
3.8141
3.8254
3.7480
3.8178
3.8110
3.7446
3.7018
3.7908
3.8190
3.8261
3.8257
3.7739
3.7767
3.7082
3.7161
3.7878
3.7700
3.7787
3.7620
3.8158
3.7389
3.8308
3.8022
3.7661
3.7720
3.8245
3.7484
3.8314
3.8716
3.7766
3.7261
3.7704
3.8089
3.7310
3.8328
3.7593
3.7409
3.6987
3.7997
3.8213
3.8155
3.8142
3.7311
3.8148
3.8196
3.7447
3.8017
3.7438
3.8247
3.6934
3.8254
3.8348
3.7048
3.7150
3.7256
3.7501
3.7980
3.8270
3.7176
3.8188
3.7214
3.7636
3.8102
3.7324
3.8183
3.7502
3.7844
3.7421
3.6940
3.8105
3.7546
3.7789
3.7945
3.7010
3.7197
3.7538
3.8541
3.7692
3.7201
3.7329
3.7670
3.8361
3.8196
3.7669
3.7293
3.7840
3.7396
3.7869
3.7490
3.8056
3.6965
3.7308
3.7455
3.7252
3.8053
3.8034
3.7252
3.8140
3.6770
3.8131
3.6961
3.8277
3.7596
3.7108
3.7122
3.8236
3.6711
3.8096
3.8212
3.7895
3.7608
3.7928
3.7800
3.8116
3.8198
3.8161
3.7682
3.8330
3.6874
3.8028
3.8127
3.8107
3.7575
3.7945
3.8220
3.7465
3.7885
3.7211
3.8128
3.7527
3.7743
3.7839
3.8033
3.7914
3.7944
3.8211
3.7672
3.7860
3.8076
3.8233
3.8185
3.7115
3.6885
3.8072
3.7068
3.8416
3.8013
3.8349
3.7858
3.8065
3.8104
3.8401
3.8062
3.7328
3.7648
3.7618
3.7387
3.8111
3.7888
3.8150
3.7690
3.7817
3.8056
3.8066
3.8208
3.8226
3.7361
3.8167
3.7920
3.8065
3.8157
3.7432
3.7068
3.8051
3.8058
3.7033
3.7993
3.8053
3.8451
3.7738
3.8144
3.7116
3.8105
3.8352
3.6760
3.7792
3.7979
3.6997
3.8201
3.7603
3.8254
3.7960
3.7883
3.7168
3.8044
3.7993
3.6685
3.8097
3.7926
3.7066
3.7896
3.7740
3.8203
3.8429
3.8198
3.7204
3.8229
3.8170
3.8241
3.8414
3.8236
3.7206
3.8305
3.8266
3.7160
3.8187
3.7898
3.7523
3.8258
3.7667
3.8369
3.8144
3.8204
3.7607
3.8352
3.8294
3.6910
3.8165
3.8267
3.7362
3.8487
3.6768
3.6711
3.8138
3.7618
3.7438
3.7724
3.7760
3.7948
3.8111
3.8134
3.7648
3.7962
3.7952
3.6962
3.8269
3.7625
3.7318
3.8054
3.8296
3.8548
3.8125
3.8054
3.7988
3.8076
3.8149
3.7675
3.8279
3.7427
3.7792
3.7933
3.8219
3.7334
3.8310
3.8239
3.8159
3.7795
3.6813
3.7799
3.8302
3.8144
3.8166
3.8102
3.8259
3.7441
3.8273
3.7938
3.7597
3.8116
3.7282
3.8064
3.8258
3.7961
3.7641
3.7601
3.8215
3.7415
3.7349
3.7094
3.8163
3.7906
3.8187
3.7811
3.8003
3.7474
3.8117
3.8055
3.6961
3.7305
3.7999
3.7368
3.7916
3.7931
3.8126
3.6984
3.7923
3.7630
3.7868
3.7900
3.7380
3.8501
3.7849
3.7751
3.8083
3.7808
3.8232
3.6963
3.7952
3.7130
3.8113
3.8032
3.8234
3.7662
3.8113
3.6953
3.8208
3.7839
3.6886
3.7104
3.8054
3.7158
3.7504
3.8017
3.8327
3.7896
3.7793
3.7598
3.8139
3.7876
3.6895
3.8305
3.7836
3.6893
3.7684
3.8263
3.8300
3.7834
3.8091
3.7205
3.7875
3.8287
3.8212
3.8102
3.8103
3.7930
3.8128
3.8230
3.8242
3.8207
3.6916
3.7482
3.8292
3.8187
3.7322
3.8287
3.6449
3.7705
3.8285
3.8259
3.7757
3.7581
3.6879
3.8185
3.6657
3.8292
3.7889
3.7799
3.6984
3.7822
3.7986
3.8267
3.7836
3.7749
3.7099
3.7398
3.7073
3.8206
3.8121
3.7980
3.6721
3.7218
3.7806
3.8255
3.7357
3.7756
3.7389
3.7641
3.8417
3.8175
3.8210
3.7943
3.6898
3.7841
3.8603
3.7866
3.7265
3.7773
3.7062
3.6966
3.7795
3.7832
3.7837
3.7754
3.6970
3.7555
3.8003
3.8091
3.7539
3.7580
3.6819
3.7761
3.7966
3.8091
3.8087
3.7545
3.6386
3.8214
3.7566
3.7813
3.7388
3.7396
3.7331
3.7466
3.8078
3.7857
3.7952
3.7815
3.7294
3.8090
3.7828
3.8087
3.7191
3.7560
3.7761
3.7616
3.7773
3.8084
3.7790
3.7806
3.7607
3.8030
3.7696
3.8341
3.7844
3.7562
3.7650
3.8163
3.7725
3.8285
3.8109
3.7565
3.8131
3.8223
3.7758
3.7859
3.8162
3.7776
3.7901
3.8230
3.7691
3.8402
3.7292
3.8093
3.8159
3.8226
3.7761
3.8380
3.8201
3.8015
3.7728
3.8018
3.8035
3.8404
3.7095
3.7566
3.7889
3.8327
3.7179
3.8330
3.8079
3.8279
3.8057
3.7976
3.8337
3.7631
3.8171
3.7558
3.7807
3.8340
3.7813
3.8122
3.7772
3.8081
3.7227
3.7458
3.7839
3.7572
3.8246
3.8058
3.8096
3.8262
3.7759
3.8191
3.7213
3.7868
3.8357
3.8180
3.7647
3.7430
3.7955
3.7516
3.7771
3.8181
3.7110
3.7544
3.7751
3.7867
3.7650
3.7765
3.7702
3.8180
3.7825
3.8103
3.7718
3.6881
3.8257
3.7707
3.8188
3.7854
3.7856
3.7996
3.7649
3.7910
3.7253
3.7784
3.8157
3.7787
3.7754
3.7405
3.7765
3.7420
3.7120
3.8019
3.7865
3.7676
3.7605
3.7505
3.8003
3.7191
3.7664
3.7778
3.8192
3.8251
3.7742
3.8153
3.8178
3.7448
3.8067
3.7153
3.8096
3.7052
3.6910
3.8027
3.7382
3.7359
3.7788
3.6730
3.7673
3.7253
3.7351
3.7604
3.7113
3.7979
3.7366
3.7134
3.8137
3.6885
3.7137
3.7980
3.7466
3.6851
3.7271
3.6883
3.7827
3.7182
3.7784
3.7361
3.7639
3.7030
3.7194
3.8391
3.7991
3.7551
3.7649
3.7327
3.8554
3.7381
3.7741
3.7178
3.7090
3.8715
3.7529
3.6974
3.7686
3.7217
3.8224
3.6902
3.7736
3.7674
3.7261
3.8561
3.8116
3.7597
3.7712
3.7188
3.8567
3.7793
3.7560
3.6924
3.7184
3.7924
3.7549
3.7295
3.7336
3.7648
3.7515
3.7651
3.7640
3.7736
3.7552
3.7660
3.7151
3.7368
3.7990
3.7931
3.8181
3.7446
3.8225
3.6924
3.6966
3.8167
3.7787
3.8023
3.7426
3.7567
3.7821
3.6951
3.7295
3.8093
3.7876
3.7829
3.7092
3.7253
3.8204
3.7192
3.8117
3.7773
3.7079
3.8214
3.7071
3.8077
3.8265
3.7509
3.7722
3.7856
3.7966
3.7507
3.6854
3.7821
3.7827
3.8501
3.7876
3.8007
3.8047
3.7627
3.8037
3.8250
3.7568
3.8090
3.7490
3.8101
3.8123
3.7625
3.7181
3.8352
3.7890
3.8255
3.7639
3.8138
3.8120
3.8232
3.8224
3.7697
3.7629
3.8310
3.8227
3.7844
3.8175
3.8041
3.8124
3.8297
3.8164
3.7861
3.8092
3.8182
3.8000
3.8300
3.8101
3.8021
3.8176
3.7617
3.7131
3.8124
3.7742
3.8372
3.7797
3.7847
3.8180
3.7830
3.8039
3.7835
3.7680
3.7843
3.8096
3.7069
3.8339
3.7356
3.8054
3.8028
3.7314
3.8310
3.8069
3.7967
3.7908
3.7292
3.7862
3.8216
3.7935
3.8121
3.8023
3.7618
3.8124
3.7682
3.7836
3.7473
3.7649
3.8113
3.8147
3.7397
3.8030
3.7200
3.8089
3.8175
3.8046
3.8039
3.7245
3.8201
3.8159
3.8095
3.7431
3.8067
3.7978
3.7830
3.8079
3.8106
3.7927
3.7928
3.7709
3.7699
3.7770
3.8033
3.8187
3.7896
3.7504
3.8119
3.8191
3.8130
3.7304
3.8101
3.8296
3.7864
3.7248
3.7880
3.8236
3.7203
3.7919
3.8018
3.7294
3.8236
3.8217
3.7364
3.8075
3.8030
3.7680
3.7671
3.8062
3.8074
3.7998
3.8111
3.7677
3.7874
3.8190
3.7644
3.8072
3.8175
3.8216
3.7839
3.8268
3.7502
3.8246
3.7797
3.8289
3.7155
3.7911
3.7241
3.7935
3.7307
3.7967
3.7748
3.8106
3.7088
3.8027
3.6650
3.7967
3.7383
3.8093
3.8105
3.8110
3.8258
3.7860
3.7206
3.7859
3.7728
3.8072
3.7753
3.8123
3.7800
3.7591
3.7546
3.7382
3.7555
3.7308
3.7074
3.7483
3.7470
3.7124
3.6965
3.6936
3.7886
3.6915
3.6944
3.7451
3.6734
3.7714
3.8063
3.7439
3.7683
3.7727
3.8194
3.7691
3.7834
3.7235
3.7814
3.7445
3.8219
3.7297
3.7977
3.7518
3.7964
3.7340
3.8172
3.7240
3.7703
3.7417
3.8135
3.7367
3.7714
3.7579
3.7675
3.7712
3.7702
3.7525
3.8239
3.7623
3.7694
3.7817
3.8067
3.7230
3.8107
3.7643
3.7841
3.7348
3.8326
3.7428
3.7510
3.7853
3.7889
3.7835
3.8150
3.7640
3.8234
3.7873
3.7652
3.7397
3.8073
3.7405
3.7916
3.8248
3.7386
3.8256
3.8114
3.7619
3.7266
3.7732
3.8283
3.7490
3.7699
3.7819
3.7800
3.7598
3.7774
3.7815
3.7784
3.7802
3.7759
3.7583
