35.53
38.61
39.48
36.99
33.2
36.55
34.13
33.96
31.31
38.65
27.35
43.43
36.14
35.21
36.62
29.91
39.38
30.65
26.52
33.93
41.95
29.61
40.48
41.14
25.77
40.77
44.95
33.41
41.86
38.31
23.22
38.65
39.67
34.96
38.97
37.95
34.56
41.17
41.16
26.2
43.02
39.63
31.11
43.46
31.51
31.05
39.78
31.09
28.13
45.26
39.97
38.43
39.03
36.75
23.28
42.65
29.31
32.3
37.58
39.37
32.39
40.92
33.89
34.93
33.97
35.55
44.24
31.51
36.44
43.12
38.97
31.26
41.38
35.31
36.12
36.61
43.41
31.53
36.16
34.11
36.89
43.72
30.89
40.32
44.56
29.28
44.33
34.93
27.09
41.97
37.3
35.48
37.02
40.08
25.81
43.57
38.14
27
41.6
36.99
28.17
41.29
42.53
32.98
35.41
41.6
23.36
45.26
36.01
28.71
39.75
33.7
29.67
44.63
33.19
30.59
43.39
33.01
28.4
40.24
40.33
28.87
40.08
45.49
36.36
36.59
36.14
32.21
34.14
42.12
30.96
36.6
47.12
33.14
37.41
38.84
34.8
34.53
40.5
25.08
46.88
39.71
33.48
40.37
39.89
26.78
41.8
40.24
33.01
34.61
41.07
34.53
32.84
41.82
34.41
38.79
40.69
25.43
41.56
35.09
33.41
42.11
37.28
30.54
33.05
33.69
30.25
28.51
32.9
40.58
28.31
31.27
42.45
31.17
23.74
43.33
36.19
31.46
37.85
36.19
40.24
34.06
35.58
24.68
43
29.71
26.54
40.54
36.71
30.52
30.04
38.93
33.78
40.56
29.93
29.56
38.2
36.87
24.48
41.23
36.9
26.46
36.76
36.19
26.42
34.82
41.84
26.04
36.97
39.35
23.31
40.77
42.21
29.13
43.09
38.85
30.53
40.58
39.06
39.23
39.15
36.38
41.77
29.87
25.66
27.66
45.19
31.58
29.84
33.71
37.22
28.65
40.67
30.26
28.32
39.03
38.94
30.06
42.54
29.74
27.21
43.22
32.13
24.68
40.63
37.32
36.04
38.34
34.4
30.2
42.44
29.57
27.59
42.47
36.82
34.16
35.17
39.89
43.71
28.38
35.6
39.41
39.57
35.34
41.32
39.05
39.33
28.9
37.48
26.95
37.4
31.11
40.57
45.89
33.64
35.1
36.97
38.02
32.14
31.31
25.27
39.61
19.98
38.79
36.59
23.03
40.16
35.77
31.85
36.48
35.16
37.49
32.53
37.74
30.85
41.64
33.46
36.51
38.4
36.19
32.31
33.95
41.37
34.3
39.55
23.29
39.8
28.86
26.09
33.47
34.46
35.29
33.88
35.5
35.86
27.21
40.56
31.3
23.86
36.75
43.38
39.82
38.22
38.07
38.98
39.45
30.93
35.05
39.87
34.51
30.09
42.89
38.26
38.57
32.74
34.99
31.54
43.13
35.47
34
42.72
34.79
35.1
31.49
39.87
22.91
45.28
32.82
37.22
37.3
40.91
34.48
34.91
36.97
38.82
33.47
38.87
35.1
25.98
40.72
24.04
26.95
43.96
29.77
27.02
43.82
35.9
29.27
39.2
37.89
26.34
39.67
33.67
25.45
39.13
27.76
27.64
43.7
37.68
30.91
44.18
40.62
33.47
32.17
34.67
31.24
43.6
38.38
25.31
48.13
28.7
20.79
44.9
36.09
24.45
39.63
29.14
34.94
37.41
26.69
25.04
43.54
25.57
18.82
44.05
26.12
28.89
43.05
36.98
28.22
40.49
32.18
28.4
39.04
33.49
33.28
39.05
38.97
30.34
36.41
35.2
32.1
39.79
41.58
26.23
47.09
34.33
30.47
40.4
39.57
23.55
41.8
35.77
23.99
45.05
38.96
28.32
43.82
38.15
22.31
40.12
41.89
23.37
34.65
34.47
24.13
46.07
37.21
29.46
40.48
37.78
29.89
45.56
39.24
30
41.45
35.97
29.31
39.48
24.02
35.06
40.13
31.84
38.79
36.14
28.84
39.99
41.41
34.51
43.52
27.36
26.64
46.53
31.53
35.45
33.97
34.77
23.19
34.99
36.74
22.12
41.54
40.58
24.96
39.32
40.97
32.21
34.02
40.35
23.8
39.76
34.83
29.69
38.65
41.27
23.66
37.01
35.85
27.97
33.19
35.68
25.91
39.71
36.01
29.82
39.64
34.82
32.35
38.84
33.81
24.96
39.25
37.48
26.2
36.63
35.18
23.57
37.38
32.89
27.55
43.63
40.63
28.23
38.96
34.78
27.42
40.71
40.05
31.51
40.65
33.86
24.61
40.23
43.44
20.73
41.13
39.04
24.54
41
39.84
25.29
39.27
40.6
39.73
40.71
34.41
34.45
40.48
36.25
27.88
38.87
40.61
28.52
42.21
37.73
23.47
38.49
42.7
33.6
42.09
33.93
28.54
40.52
27.32
28.08
28.4
35.78
34.58
34.54
41.22
37.4
33.81
36.59
32.58
34.07
46.9
34.22
43.03
31.2
26.44
36.75
43
27.67
35.33
37.55
28.36
39.31
38.58
24.28
42.57
41.52
35.8
31.01
39.2
36.37
34.82
41.65
31.33
38.65
37.56
25.76
41.17
37.74
23.75
34.26
43.69
30.94
38.98
36.43
27.74
35.17
41.15
27.2
35.48
41.32
30.23
29.9
43
32.74
20.79
38.08
25.08
37.43
39.78
19.14
37.85
41.68
25.81
39.58
45.41
30.7
38.59
28.93
39.76
22.94
40.25
31.75
28.15
39.58
31.88
20.9
42.33
31.79
21.54
40.85
20.08
31.61
43.13
24.34
31.43
29.22
27.12
41.46
35
24.85
39.38
35.48
26.9
31.63
42.52
27.34
39.1
32.16
31.56
39.17
28.3
27.64
38.28
34.28
24.99
38.44
34.35
23.85
36.48
41.53
22.41
41.34
30.93
29.86
34.84
32.2
28.12
42.34
30.82
29.48
39.92
32.66
20.05
37.81
39.49
27.92
37.73
42.36
24.74
29.26
42.69
25.43
41.7
40.71
26.8
33.09
40.1
41.47
31.21
39.33
36.26
30.5
45.25
36.91
32.06
37.54
30.2
31.79
39.99
30.18
42.22
35.22
23.61
44.4
36.27
29
34.39
38.69
37.96
26.13
34.44
25.9
29.81
40.51
25.2
38.68
38.74
18.65
38.2
40.7
25.42
36.78
36.14
25.15
42.02
31.98
21.88
38.1
33.37
19.77
37.33
37.34
18.61
36.05
32.13
22.3
38.37
35.52
19.26
38.65
42.81
31.4
33.65
46.33
25.23
40.54
36.95
31.6
33.81
25.17
25.5
38.13
34.87
25.86
43.49
35.11
30.6
40.06
38.74
31.71
35.66
33.54
39.68
35.29
35.6
35.53
37.27
35.73
36.23
27.58
41.84
26.91
31.9
42.72
31.15
28.99
40.53
38.16
37.33
31.72
33.71
28.94
44.12
34.25
30.85
37.51
39.13
22.43
38.92
31.38
30.34
39.63
35.38
26.75
41.66
34.4
21.79
43.95
29.31
32.92
38.08
30.05
32.01
43.52
33.92
24.87
46.11
19.84
35.37
42.52
30.23
35.22
31.2
36.68
32.96
23.96
36.28
27.65
41.33
37.38
33.77
38.11
32.66
30.58
35.71
41.89
30.63
44.95
25.18
32.29
42.69
37.74
33.53
38.29
41.68
29.78
37.55
37.12
28.59
34.27
33.08
35.96
34.13
42.9
36.66
39.08
33.76
34.73
35.26
37.28
40.04
38.37
36.21
38.55
36.36
26.22
36.64
31.71
24.54
40.77
30.94
21.64
37.53
44.9
22.37
36.45
38.2
19.64
39.44
37.7
27.82
38.24
31.1
24.61
40.11
38.65
28.81
37.01
38.56
20.54
38.31
37.41
31.31
38.97
33.03
34.59
39.53
34.04
19.48
37.77
38.61
22.16
37.67
36.53
28.78
31.81
38.82
30.15
37.22
32.12
25.38
36.65
35.81
27.87
37.6
21.57
26.22
42.09
32.9
28.08
44.28
30.42
35.39
36.43
22.97
28.32
30.15
29.58
29.34
32.35
33.77
37.02
35.02
40.91
31.85
36.92
35.33
36.49
35.93
34.97
31.1
39.85
31.66
33.79
39.09
30.44
36.94
36.87
35.89
38.45
30.85
37.44
40.84
30.84
43.13
27.18
31.76
38.78
29.56
38.34
38.46
25.71
40.25
36.89
26.19
37.42
27.38
33.19
33.55
34.33
31.77
40.17
37.17
28.08
41.83
32.54
29.02
40.16
37.98
25.43
37.35
38.82
24.75
38.87
37.52
25.66
41.86
37.73
29.26
38.68
36.75
23.93
44.96
35.17
24.31
40.43
38.09
32.98
43.29
35.81
28.19
40.08
40.61
27.71
37.72
42.33
24.14
42.25
38.57
24.89
34.48
38.91
28.59
41.16
30.16
25.57
42.5
40.41
23.49
41.49
29.76
29.8
41.3
37.99
26.51
37.56
37.46
24.36
36.35
36.4
25.59
39.07
23.29
32.57
36.02
32.4
37.06
32.49
42.65
38.94
40.05
35.93
36.29
31.39
43.03
35.94
32.6
37.57
36.3
28.11
40.91
36.03
26.96
41.07
26.3
27.45
42.77
35.28
27.78
45.32
37.79
29.59
40.73
37.57
38.07
40.29
32.3
31.71
36.85
33.65
28.87
42.44
39.02
32.92
42.99
36.87
34.71
37.34
26.61
31.76
42.19
29.57
42.45
38.03
31.74
39.39
36.98
33.18
39.13
33.51
29.31
43.46
32.5
26.36
43.05
36.54
28.87
32.3
37.39
33.69
32.58
37.1
42.08
36.52
35.41
43.94
31.36
35.79
33.5
43.89
33.97
23.35
48.89
34.53
13.89
40.13
41.5
30.47
35.76
39.58
19.52
33.13
40.79
23.38
46.47
24.06
24.45
47.11
30.49
26.78
40.73
32.72
32.07
39.72
35.45
25.84
43.07
32.8
25.23
38.81
35.68
37.29
36.06
34.16
40.43
39.24
29.86
36.29
43.15
32.45
33.73
35.37
27.51
40.87
35.34
29.18
25.89
37.64
32.75
36.16
36.85
41.09
37.01
36.21
41.2
40.82
30.71
44.66
33.68
30.38
42.85
40.11
30.05
40.27
35.89
34.82
38.76
35.76
31.3
45.19
35.18
27.99
39.98
29.89
35.45
38.84
31.32
23.13
38.63
30.62
28.11
45.65
25.69
29.7
38.76
32.46
41.35
27.62
34.03
30.52
36.77
29.94
40.31
29.16
28.15
30.91
35.99
29
25.25
42.45
29.34
28
39.17
34.07
29.98
40.02
31.64
34.96
32.69
26.37
35.84
37.75
29.54
41.41
30.77
27.05
38.2
35.62
19.58
35.19
44.69
32.06
34.66
35.31
29.01
30.99
43.13
30.38
35.2
39.53
35.86
29.51
37.67
36.31
33.54
40.86
36.19
24.27
44.73
33.39
28.42
33.75
42.37
21.18
37.55
37.74
25.12
38.19
40.42
29.7
43.96
41.82
30.07
34.74
40.31
27.83
33.87
37.92
21.46
41.43
36.91
25.26
41.24
35.27
30.25
38.15
34.33
23.91
34.75
32.23
22.41
41.25
30.29
28.37
39.3
34.94
26.16
35.59
40.25
22.06
36.29
43.4
27.23
38.45
32.18
23.1
38.05
40.91
27.41
40.08
36.76
23.53
38.26
33.5
30.94
39.69
38.18
26.5
36.89
39.89
27.98
34.71
34.88
33.61
28.23
40.28
23.39
35.37
38.49
33.8
39.7
46.45
18.84
39.46
45.78
27.68
40.76
38.41
27.44
42.25
32.16
36.16
33.51
39.88
24.63
41.73
43.56
23.18
37.87
36.77
22.39
33.61
39.11
17.77
37
34.02
21.19
36.91
40.74
13.11
38.19
35.82
16.18
40.95
39.28
15.48
40.64
41.25
23.32
37.52
39.62
28
41.39
40.82
19.05
39.38
42.86
24.17
39.89
42.67
26.59
41.26
43.79
25.86
38.22
38.04
34.56
39.49
28.86
36.17
34.04
25.39
41.84
36.55
35.04
39.66
36.01
34.13
40.07
36.67
29.72
37.69
38.25
33.39
41.74
38.01
33.53
40.88
42.25
38.75
34.49
37.81
37.92
39.62
36.98
43.56
29.38
43.09
40.91
24.7
40.62
43.94
32.47
33.59
33.77
26.17
32.63
35.35
29.46
43.76
46.83
21.49
36.93
40.1
17.69
36.06
36.56
22.32
35.45
41.97
26.54
39.15
34.47
27.95
42.08
35.46
29.67
41.11
39.84
19.94
40.12
31.35
19.95
36.3
36.42
20.33
36.18
39.93
22.12
37.04
36.51
23.21
41.03
34.43
22.88
39.58
34.27
29.38
36.27
36.32
26.87
37.68
42.15
26.08
36.91
33.79
27.82
39.13
32.14
24.41
42.57
35.83
27.23
38.27
37.99
23.42
36.95
36.36
28.41
31.67
36.98
26.04
37.36
38.48
28.8
38.54
43.12
27.09
39.2
40.68
24.71
42.03
49.39
24.86
37.77
44.27
23.59
40.87
37.53
30.56
32.04
40.83
22.66
39.39
43.63
26.71
43.24
31.33
38.41
33.17
44.21
34.44
31.21
33.66
24.51
37.54
36.12
26.85
32.29
34.31
23.41
42.92
36.55
27.1
39.76
43.35
26.03
38.22
30.03
20.61
42.75
31.56
30.85
38.41
34.8
27.85
31.31
42.39
26.85
38.13
33.66
28.67
40.23
36.52
37.34
34.42
37.9
28.6
36.93
29.02
41.62
30.34
25.21
50.28
31.47
43.44
34.77
36.8
39.89
27.5
40.59
36.63
32.96
35.49
43.9
34.63
33.82
34.79
33.4
42.42
27.88
39.93
40.36
26.57
39.77
36.38
26.32
42.98
32.45
34.34
35.58
34.33
33.74
37.53
33.87
28.13
42.82
38.83
31.3
34.28
33.08
31.16
38.06
30.62
24.44
37.31
33.56
24.86
40.08
32.05
32.17
36.11
39.21
26.94
38.2
34.81
21.83
35.36
29.77
16.74
36.9
37.91
25.41
39.4
35.92
27.24
41.53
34.82
42.33
34.06
25.06
37.75
35.81
27.47
35.23
40.76
23.8
34.05
39.89
34.67
27.77
37.82
40.27
35.46
29.12
40.18
34.12
31.58
40.3
27.55
37.86
38.08
41.79
36.26
35.37
38.38
34.34
33.76
40.46
35.69
29.39
35.48
39.92
26.95
45.08
38.85
26.23
39.98
32.21
31.74
27.05
40.75
30.78
33.94
36.5
30.07
37.93
32.46
39.7
34.86
31.74
32.56
35.58
37.39
30.77
26.39
39.81
31.71
35.98
31.32
40.21
42.1
29.53
39.98
39.79
27.29
38.24
34.94
32.52
32.96
37.86
39.89
24.55
30.12
36.89
32.42
34.07
35.22
37.19
37
33.5
29.85
40.33
36.48
34.57
38.26
36.49
30.44
38.44
36.71
36.22
28.02
40.83
29.53
32.98
34.83
40.51
31.85
37.97
33.11
33.71
41.77
32.27
42.33
29.89
34.23
41.5
34.79
33.55
34.51
35.51
36.93
29.67
41.83
37.47
31.99
44.38
35.38
28.48
38.88
39.16
32.57
39.51
37.57
34.35
42.29
38.49
27.66
41.59
38.62
23.53
36.72
42.23
35.23
33.48
36.85
36.06
26.82
40.28
32.78
27.3
37.18
36.17
30.76
43.05
30.11
29.66
41.32
36.51
29.89
40.9
32.85
32.45
40.17
23.52
38.15
38.09
26.26
40.16
41.86
30.47
38.77
40.42
40.62
31.86
36.75
34.85
32.45
38.25
30.14
41.64
39.04
30.04
39.72
37.17
37.58
40.34
40.64
43.02
33.65
38.86
40.53
38.56
30.71
34.98
31.32
37.87
31.88
32.43
42.73
37.2
28.95
40.97
36.52
31.17
38.97
27.93
34.88
41.02
31.56
36.62
36.6
33.48
33.92
39
33.23
34
37.46
34.05
34.34
36.05
29.12
31.48
35.34
30.56
30.29
41.44
26.92
22.38
39.14
28.29
23
41.22
37.83
26.15
42.1
30.97
24.23
39.55
22.94
37.19
41.82
31.22
42.87
32.73
25.9
35.54
35.28
19.78
37.41
30.99
24.39
35.96
28.7
25.34
41.21
24.97
21.96
35.16
31.42
20.74
38.19
31.39
24.45
43.27
37.55
23.99
33.66
36.31
19.05
37.53
34.8
34.17
29.21
36.84
31.78
28.94
41.79
36.99
27.76
40.73
24.9
43.68
37.23
21.76
35.34
42.84
20.57
33.83
41.57
22.65
38.22
40.54
26.31
45.78
36.66
32.19
37.21
33.67
20.3
42.76
35.82
25.91
33.88
38.78
32.12
26.69
43.16
33.17
28.32
42.94
32.02
33.74
39.41
41.41
31
41.45
37.42
43.98
35.27
42.21
33.12
38.67
39.86
37.76
33.72
35.87
32.04
41.48
37.24
37.85
40.71
36.66
29
40.25
34.81
29.9
40.11
40.97
34.81
37.97
32.77
40.82
28.38
36.58
27.55
39.64
29.34
40.42
37.88
26.21
39.55
37.49
29.61
37.52
39.31
28.22
38.03
31.68
30.32
37.01
33.68
34.78
40.11
32.99
32.27
38.68
40.48
38.21
20.19
40.17
28.5
32.07
38.9
31.87
28.48
36.85
35
26
43.76
40.33
27.95
39.94
41.53
26.13
38.79
33.51
33.63
39.29
34.25
30.74
36.05
40.37
29.8
43.25
38.91
27.31
43.26
35.7
37.55
36.74
37.18
34.89
39.74
35.46
39.21
34.07
36.14
25.27
43.57
34.5
29.12
41.87
29.18
36.41
40.55
30.59
43.13
24.32
27.24
41.13
34.89
31.05
39.85
33.94
35.63
28.37
37.96
26.66
39.12
38.63
24.38
37.69
37.31
21.7
40.58
41.12
29.37
43.54
39.01
25.77
42.93
34.24
28.08
43.44
37.1
38.98
33.7
33.91
35.92
39.31
33.8
40.28
31.54
38.41
41.46
28.52
40.6
28
39
37.54
31.91
43.08
35.68
30.85
34.29
42.08
42.62
33.44
38.88
41.77
26.32
38.77
29.69
30.83
34.77
32.11
25.73
36.86
32.94
34.4
42.99
33.05
34.67
38.3
28.27
37.6
27.19
40.21
32.73
36.37
35.42
27.66
42.96
34.73
29.85
29.57
41.28
28.75
42.09
31.5
32.94
36.26
35.61
36.89
30.03
26.78
38.09
40.09
28.01
38.98
36.67
31.69
42.28
34.72
24.06
36.85
36.96
34.41
38.84
29.58
26.3
37.1
39.29
25.16
34.97
37.72
23.34
47.15
34.89
36.39
30.56
36.18
30.08
29.61
40.29
30.39
33.6
36.53
36.41
29.75
39.12
39.14
27.2
41.95
31.23
23.92
38.01
31.15
40.65
32.25
26.13
37.73
37.59
27.82
42.52
39.04
19.92
46.74
29.49
38.78
32.81
42.31
38.25
38.43
29.3
27.2
40.32
39.58
30.37
38.64
37.41
37.17
34.03
34.09
41.25
31.8
41.18
35.4
35.11
40.44
36.61
31.37
41.74
40.15
28.29
33.03
33.35
40.98
36.68
35.39
40.39
36.47
30.68
39.09
30.35
37.8
41.49
37.57
35.65
38.5
39.65
25.9
36.62
41.75
38.72
31.66
36.07
30.39
33.71
35.29
42.27
27.68
40.69
40.4
29.43
39.2
36.72
25.15
34.26
37.37
24.96
36.79
39.32
29.95
35.92
31.26
30.46
44.04
34.33
32.64
37.54
41.97
29.04
39.59
29.8
27.12
45.37
35.69
37.54
36.06
35.38
37.6
35.61
34.4
37.05
36.54
26.06
42.65
41.79
28.07
40.81
33.05
36.22
40.45
41.71
25.34
31.62
39.36
24.28
42.65
40.23
23.87
41.89
36.33
34.06
41.26
34.86
27.44
36.31
42.43
37.67
38.37
31.48
31.82
37.42
34.26
34.09
32.09
41.98
33.2
41.57
34.96
36.98
32.91
36.7
29.78
43.51
35.69
39.29
38.02
38.02
25.13
44.21
37.72
24.52
41.52
31.33
35.67
29.43
40.24
35.21
32.62
43.4
39.09
33.69
32.26
37
41.78
39.38
35.33
34.97
39.35
39
35.69
40.02
40.08
27.63
41.69
39.45
32.81
40.58
37.06
36.83
37.96
29.29
40.89
30.31
30.1
34.86
35.65
32.51
36.59
33.96
25.75
38.7
36.35
38.85
38.82
30.41
28.61
41.26
38.51
31.62
38.17
35.58
28.25
40.66
33.81
31.26
39.94
27.16
29.89
40.95
22.78
36.78
34.52
35.38
27.44
37.32
31.45
32.82
35.04
35.2
38.48
26.3
37.09
34.49
30.71
36.72
40.03
29.81
34.33
34.65
35.35
38.19
37.79
34.19
39.07
28.74
44.42
36.67
22.54
43.25
37.55
25.78
38.84
40.92
28.08
33.42
35.87
35.37
29.99
38.64
34.46
31.84
39.18
33.12
37.16
37.56
38.41
32.06
36.03
40.18
20.08
38.8
35.86
25.3
43.89
32.96
26.69
34.35
40.14
28.37
41.23
34.92
28.04
35.86
37.68
30.88
38.45
36.4
34.56
36.42
39.31
35.67
33.37
31.81
35.84
32.62
32.95
42.09
38.6
31.06
36.77
39.49
26.57
44.89
31.99
20.57
38.73
35.34
22.56
43.63
31.22
22.22
42.69
41.05
28.37
39.33
32
32.33
38.15
35.27
28.78
38.86
42.18
33.75
39.49
33.57
30.41
40.88
35.54
35.47
41.96
32.21
36.12
40.39
34.61
34.11
34.52
33.55
39.6
31.02
38.06
32.7
28.71
39.21
35.23
30.88
43.93
42.98
21.73
39.77
33.94
36.2
35.25
32.42
40.93
35.86
36.32
34.33
38.24
42.31
29.65
38.04
39.9
37.6
37.15
38.27
34.92
37.98
33.57
38.98
37.3
31.97
41.06
32.46
37.55
29.47
42.31
40.58
33.93
46.78
37.76
38.85
36.22
36.2
39.38
31.56
31.11
34.1
35.39
35.2
32.44
35.49
26.39
44.11
32.97
21.38
37.73
37.08
24.77
42.26
37.92
30.61
36.19
42.62
25.49
39.06
41.96
29.3
31.79
35.29
38.86
31.37
35.27
35.73
23.41
41.69
27.47
28.51
34.76
39.39
22.67
42.17
36.07
34.46
32.78
36.06
41.02
40.23
41.62
31.57
30.09
37.05
33.2
37.7
33.05
38.35
40.91
37.53
37.26
32.36
42.24
34.28
31.81
44.6
34.67
35.78
34.28
38.47
38.73
34.62
37.14
32.59
36.94
40.7
34.09
39.12
34.34
35.77
37.37
38.67
32.59
40.17
33.75
34.65
38.61
36.29
30.75
40.44
23.21
43.31
34.71
25.74
39.48
36.92
28.94
38.17
26.21
29.32
39.69
28.75
37.35
33.85
34.42
28.88
44.1
37.18
28.48
39.85
35.75
29.76
40.1
34.39
32.2
43.66
34.41
35.08
41.34
36.3
31.96
43.18
33.99
33.06
43.05
36.02
30.06
40.97
37.97
29.97
42.79
36.31
30
38.99
34.22
29.99
42.96
36.55
26.33
48.38
33.06
43.07
35.22
27.57
41.56
42.56
23.7
40.57
41.37
31.2
41.54
36.71
27.51
40.94
37.14
34.09
31.61
30.1
31.52
33.95
44.55
26.89
37.74
32.05
31.07
34.22
37.82
28.7
38.69
32.65
16.36
40.83
34.18
25.19
34.12
40.11
24.35
42.72
29.32
22
42
35.01
31.24
42
38.07
17.21
38.58
35.1
30.57
40.02
39.86
33.69
30.38
36.39
26.74
26.79
41.41
31.67
18.31
46.86
42.37
21.53
45.51
37.2
29.17
44.56
36.02
21.36
43.27
42.66
20.36
41.96
41.24
29.88
34.11
36.37
29.9
39.75
35.95
30.6
33.85
34.47
28.53
36.49
31.88
29.08
40.91
28.62
32.8
35.32
38.63
38.32
32.76
36.83
31.33
36.08
42.25
35.04
29.44
30.58
41.62
34.45
30.99
43.18
29.71
24.26
42.13
34.2
25.24
45.38
37.68
27.99
36.51
43.54
25.86
35.63
36.29
30.95
39.15
35.68
26.36
41.07
37.45
28.91
45.86
33.18
18.17
40.19
42.06
32.18
28.78
39.72
30.41
32.1
42.64
29.6
28.02
43.51
41.37
28.27
37.95
37.91
24.6
42.18
37.96
23.45
41.99
37.28
30.77
40.8
37.8
32.6
38.98
41.09
43.4
33.16
35.75
36.66
38.62
39.51
25.77
38.42
44.43
35.07
39.72
34.77
36.46
34.96
36.78
34.68
29.39
32.4
33.72
33.45
39.9
30.41
29.94
44.1
31.42
33.82
43.38
32.06
29.41
28.48
36.45
40.65
31.78
40.88
35.38
35.59
41.66
32.69
30.28
40.91
26.7
31.22
36.89
35.73
40.05
34.7
33.49
25.05
32.58
32.43
29.17
39.34
44.74
38.78
30.7
28.36
30.21
38.59
38.1
32.22
40.73
30.96
28.63
40.84
29.77
37.4
40.41
33.17
38.32
33.95
34.89
42.69
31.57
41.73
38.83
41.53
37.83
38.11
37.63
39.67
37.92
29.84
34.67
35.8
35.39
38.28
38.87
31.29
35.38
35.51
35.17
31.72
40.45
31.27
34.05
38.1
37.78
32.72
35.43
27.92
40.3
35.08
32.3
43.17
39.98
34.2
39.32
44.38
33.85
41.98
44.97
30.83
44.24
38.04
45.94
36.84
36.12
36.81
36.48
41.04
32.09
30.18
40.56
41.51
31.55
32.96
34.76
29.17
38.99
29.02
32.44
28.33
34.88
36.16
26.41
37.43
36.78
34.69
38.34
29.35
39.27
31.18
24.89
31.83
34.13
31.13
38.89
22.55
35.64
32.18
36.41
37.07
33.02
42.5
32.99
37.9
31.36
43.26
36.84
36.23
37.7
41.02
29.7
38.04
34.07
30.15
39.17
33.18
20.78
46.19
33.83
30
43.03
28.49
27.81
41.77
34.8
31.84
36.47
30.92
35.03
44.24
26.1
42.86
38.29
29.66
40.66
38.21
24.32
42.77
41.5
23.01
36.52
43.18
27.41
38.28
39.04
25.45
35.82
43.72
28.51
41.51
45.77
20.68
41.47
40.5
28.42
46.28
32.87
24.29
43.98
33.77
26.35
44.3
32.68
36.06
32.2
31.33
35.09
36.18
34.83
35.35
36.33
34.29
26.57
46.73
32.28
35.53
36.2
26.96
43.18
35.61
31.72
41.46
44.65
24.11
38.65
35.67
27.65
38.74
33.15
34.96
25.86
43.53
37.31
24.57
41.78
40.03
30.55
44.27
36.69
36.01
26.86
41.48
39.25
34.98
37.77
40.61
27.1
40.36
31.44
30.66
45.95
28.82
34.88
37.15
26.01
41.61
39.71
31.11
40.69
33.78
31.3
32.55
33.7
39.61
28.75
37.04
41.39
29.16
37.77
29.28
44.05
34.15
47.93
30.7
35.81
46.3
33.4
37.82
36.3
38.05
26.96
36.89
33.79
37.36
31.57
41.17
35.39
39.06
33.5
39.43
39.74
36.89
39.63
36.39
32.88
36.76
35.73
35.43
35.7
32.63
40.03
34.58
36.9
30.67
39.21
37.14
39.66
33.96
39.26
39.1
33.72
34.08
42.88
35.61
32.94
38.96
40.45
31.67
28.36
45.49
31.39
34.5
35.32
34.15
39.59
31.78
40.2
41.38
33.65
40.65
33.12
40.66
38.13
37.05
31.29
39.26
40.82
32.45
32.4
37.49
34.76
37.06
32.45
34.49
41.23
28.14
40.49
32.6
36.67
37.19
26.38
40.09
39.21
27.98
39.79
34.24
29.79
34.68
30.17
39.16
33.73
33.87
38.31
42.54
36.04
33.53
38.89
33.94
27.25
42.13
40.13
21.48
40.14
34.35
31.55
42.24
35.32
32.61
38.72
33.76
37.6
32.38
41.2
41.65
37.47
36.16
39.08
38.46
35.55
36.77
38.03
30.14
41.36
31.4
37.88
43.25
35.4
34.51
44.73
33.76
42.91
40.34
34.64
37.81
34.26
34.72
41.15
30.11
39.69
35.42
26.53
43.91
32.13
27.7
41.74
34.29
34.49
37.04
36.96
36.16
30.15
41.37
35.33
33.69
35.27
28.43
44.36
31.31
28.84
38
32.41
30.34
40.25
32.82
28.89
36.98
33.98
24.07
28.09
44.66
19.52
43.54
36.77
39.43
36.99
33.16
27.16
39.32
39.51
24.57
40.75
35.45
31.45
41.1
33.8
29.75
32.29
39.83
36.9
41.86
33.97
24.58
42.36
31.11
26.27
39.07
36.78
27.94
40.35
38.64
29.13
38.99
39.71
23.78
41.73
40.68
26.29
37.98
39.07
38.22
31.9
38.56
34.23
26.74
40.71
32.19
27.08
40.04
27.96
33.71
39.38
30.8
41.63
34.31
23.84
33.45
34.89
32.38
41.77
36.65
38.3
32.83
37.63
39.47
30.26
41.99
35.39
31.16
43.15
39.79
31.42
41.25
36.49
31.39
40.4
36.68
28.35
43.43
36.16
32.79
43.67
41.65
27.7
45.09
32.33
29.48
39.43
37.36
28.67
44.31
37.78
37.84
36.67
36.65
29.1
41.4
41.78
29.74
39.37
37.17
33.66
35.09
31.3
39.66
33.38
32.38
31.61
40.51
29.9
34.27
37.45
31.53
33.05
41.03
32.69
33.31
34.47
25.92
40.73
32.46
23.28
37.68
34.71
23.23
41.08
43.66
24.73
43.2
34.69
27.42
42.44
36.63
31.34
42.17
35.42
30.62
35.48
32.86
27.19
38.43
35.68
17.71
39.83
42.2
22.12
41.56
36.54
27.08
43.17
29.47
34.75
41.56
34.38
34.32
40.89
31.38
27.57
36.17
41.35
40
29.61
37.44
35.18
37.33
37.53
32.78
30.3
41.43
38.06
28.37
39.91
40.27
27.77
40.74
37.98
30.66
40.62
41.22
33.9
42.4
37.85
33.39
40.79
36.04
38.94
37.74
40.52
38.12
35.87
38.3
32.54
40.15
36.84
29.75
40.77
31.39
32.07
36.21
38.86
25.15
42.49
35.02
20.74
42.15
34.62
37.88
38.45
39.85
38.71
28.55
39.16
34.65
44.34
44.16
33.06
39.54
38.28
37.74
31.5
43.65
29.84
44.26
30.42
41.62
29.05
31.01
35.78
38.1
22.11
42.87
33.46
32.86
39.37
37.62
32.04
38.86
38.32
38.64
35.31
31.93
29.84
38.57
36.18
42.48
36.67
35.74
35.77
36.09
34.65
30.98
37.33
35.87
30.86
40.27
33.33
25.06
40.12
36.96
30.96
41.88
33.02
25.84
36.76
37.89
24.86
43.76
33.37
40.32
24.03
40.11
30.7
39.06
34.34
37.59
37.11
32.81
34.9
28.42
38.05
34.71
29.42
41.79
42.46
26.14
40.32
37.66
32.35
41.11
36.25
31.4
36.63
38.47
36.11
31.9
38.33
32.21
37.35
43.56
31.8
37.4
38.91
38.88
35.16
38.24
31.78
36.14
29.46
33.47
39.14
39.45
34.3
32.55
39.66
30.86
38.76
40.88
38.62
36.26
45.1
37.4
32.79
39.48
33.11
36.92
36.99
36.88
40.4
42.1
37.73
34.2
42.16
29.97
39.75
42.98
36.73
39.12
40.68
34.58
37.15
42.19
34.31
41.51
40.28
34.91
39.97
38.32
36.68
36.17
42.08
27.36
34.41
37.68
31.98
36.25
34.32
35
34.44
30.84
35.86
41.44
39.49
32.26
45.1
35.38
36.24
34.86
38.98
31.41
39.97
39.66
32.81
39.65
37.97
42.05
34.67
44.24
35.53
28.76
42.36
40.38
34.89
41.62
37.21
30.8
34.63
36.34
28.09
28.67
38.3
33.13
38.48
34.35
33.37
32.4
38.11
35.39
33.95
39.5
34.83
37.93
32.26
38.71
41.55
33.37
32.88
31.97
40.85
36.3
33.83
40.65
32.61
42.99
41.46
29.9
35.52
39.02
37.35
35.71
34.58
40.27
35.4
21.84
38.8
36.55
28.73
37.76
28.68
33.95
36.51
34.85
28.03
41.69
37.49
34.22
34.67
39.2
33.82
35.21
38.88
37.72
28.17
34.8
41.49
36.16
35.51
35.96
38.79
29.78
43.1
34.85
30.98
37.54
35.72
44.41
34.54
37.72
35.75
36.65
35.34
35.56
33.53
29.17
38.26
33.19
33.01
33.55
29.37
39.28
41.46
33.61
35.24
26.2
44.19
35.19
18.86
39.8
36.64
17.22
39.57
37.91
24.36
36.21
41.39
29.24
37.51
35.39
32.21
39.26
36.03
27.12
38.54
38.76
26.98
43.54
32.71
34.86
30.43
41.67
30.15
29.35
38.69
35.78
31.29
43.55
31.34
44.4
34.1
28.16
42.73
33.91
34.76
37.05
30.73
37.6
41.01
33.02
29.78
35
38.35
36.14
32.55
34.74
41.22
34.33
32.67
41.38
31.25
36.44
34.28
33.33
37.56
38.4
25.89
45.38
30.98
28.42
39.62
32.71
35.18
25.5
15.5
40.24
33.46
27.76
39.08
41.67
25.51
43.86
35.81
18.11
44.57
36.14
28.16
41.25
35.37
30.87
42.49
37.46
27.93
40.78
30.4
21.14
35.82
37.59
37.44
38.26
31.13
24.23
41.73
37.75
36.55
29.01
38.38
33.7
27.01
41.27
40.66
30.42
42.24
32.22
36.27
29.54
34.25
34.78
34.51
37.58
31.26
38.38
31.32
27.25
39.85
35.69
33.7
40.61
38.52
33.31
44.64
39.65
33.21
39.71
32.38
40.49
24.62
32.64
34.1
33.61
33.69
32.16
41.73
33.83
31.5
40.52
36.21
32.34
35.91
28.51
33.33
39.77
36.63
29.8
37.23
35.85
24.89
43.64
38.25
30.01
39.76
39.11
25.11
39.89
34.49
26.81
39.78
42.3
29.53
37.11
41.9
34.56
29.4
32.9
41.86
29.41
34.67
32.82
34.96
32.37
41.16
30.5
32.32
37.83
39.41
24.68
40.13
41.3
30.2
39.53
39.34
30.39
43.23
34.31
33.34
39.31
40.61
30.4
34.19
40.36
36.74
38.25
35.71
37.97
41.58
34.62
40.34
24.87
37.33
41.72
26.68
41.34
31.09
34.32
38.78
39.82
30.31
41.54
37.09
35.06
35.04
40.41
36
30.7
39.97
31.63
31.08
33.06
27.63
42.25
29
43.76
35.18
29.07
41.99
37.16
30.51
44.5
28.02
32.26
40.86
38.1
39.01
29.73
40.67
33.55
32.5
36.71
41.83
37.51
30.86
31.81
30.28
35.26
31.69
28.5
40.45
30.96
29.44
40.65
29.14
28.8
45
36.71
23.85
41.81
31.43
25.99
45.04
35.23
35.22
39.21
41.14
25.29
42.29
33.46
23.27
39.31
34.54
19.17
43.68
34.05
33.51
34.96
28.36
29.81
42
36.9
25.49
41.16
33
26.76
41.38
38.96
23.43
41.43
35.52
25.33
44.05
34.35
31.65
41.16
35.56
23.99
38.73
32.2
35.12
40.83
39.6
27.43
41.37
42.16
39.91
37.26
36.76
27.49
41.56
34.81
43.05
31.2
38.48
35.14
36.22
41.84
30.19
37.07
38.21
35.44
34.93
42.99
35.18
33.8
32.79
36.94
28.01
26.29
41.74
31.43
27.13
38.74
29.9
31.69
36.92
36.99
21.73
39.82
33.61
38.29
31.85
41.01
37.69
34.3
42.02
40.49
32.45
38.64
42.66
37.17
34.58
36.86
29.38
39.19
29.66
39.24
35.88
30.76
35.06
39.17
31.38
41.99
32.87
34.79
37.13
34.82
43.8
33.33
39.05
44.98
31.38
38.74
44.84
28.23
44.41
36.06
31.35
48.93
34.61
24.53
41.78
26.38
39.46
34.8
34.18
36.65
34.55
33.46
35.55
32.63
39.2
34.82
35.27
38.36
35.79
34.63
38.62
38.05
41.49
25.26
38.9
39.24
31.9
39.71
35.68
34.72
31.84
37.16
26.82
39.54
39.13
28.59
40.31
33.34
32.38
35.65
37.97
29.79
41.52
33.26
36.96
33.66
30.48
37.29
35.85
36.05
35.66
36.5
29.14
39.07
29.13
40.03
43.33
23.37
44.38
40.37
39.31
38.82
43.13
29.62
37.61
38.78
34.14
37.64
38.75
32.09
40.78
36.04
29.85
38.73
36.04
25.89
44.55
35.24
29.85
39.09
34.6
40.08
39.17
28.26
37.71
37.76
26.6
39.78
39.66
36.92
29.88
39.67
32.31
28.88
42.75
32.48
32.95
39.47
37.64
31.67
36.74
43.77
29.17
39.51
32.45
39.23
38.65
35.95
38.24
38.65
38.31
28.54
43.73
38.36
30.2
37.51
35.53
26.46
40.11
30.33
33.13
38.27
27.7
40.27
38.16
30.3
39.11
33.64
30.73
42.14
34.2
29.53
40.27
36.18
30.88
44.66
40.13
26.07
38.53
40.96
38.66
35.54
37.97
37.74
29.59
44.83
31.9
36.54
42.07
35.49
37.02
37
39.25
27.03
41.31
30.96
36.38
41.43
30.71
41.42
28.82
34
38.91
28.77
32.61
33.54
35.53
25.43
42.73
38.97
31.86
38.72
44.82
31.96
39.47
35.35
30.66
35.04
41.29
22.93
39.83
40.12
22.59
39.21
41.47
31.13
37.21
39.31
28.63
41
44.2
41.94
33.78
36.14
38.1
29.54
40.15
35.69
33.47
32.4
40.03
36.28
37.67
39.87
33.34
39.89
41.55
37.72
44.01
42.41
25.25
40.65
25.27
43.18
38.32
23.14
39.52
33.93
27.27
39.31
33.73
42
34.18
29.6
39.85
33.84
42.72
34.86
36.91
33.86
32.33
27.86
37.3
25.06
22.52
38.29
32.95
24.85
40.79
41.03
26.48
40.57
33.93
32.12
39.37
34.19
27.85
40.1
41.21
31.43
33.41
33.26
42.53
36.87
26.62
41.87
31.81
25.43
36.33
38.38
24.44
41.97
35.97
32.85
41.14
36.43
29.82
41.24
37.25
35.78
30.32
39.03
33.87
32.52
33.88
28.78
33.79
32.12
34.95
31.47
41.4
32.45
28.54
38.76
30.65
29.19
40.58
37.41
35.18
36.36
26.89
29.16
40.07
38.49
22.67
40.34
35.84
28.06
39.87
28.69
29.58
38.62
31.01
28.96
39.81
38.77
26.6
37.69
32.26
31.75
35.56
28.52
28.11
35.24
33.7
30.03
36.12
28.76
29.72
37.65
29.09
32.24
38.14
34.4
29.54
38.61
33.39
28.52
33.69
34.97
28.21
38.85
31.78
30.7
42.39
26.74
35.65
36.81
32.84
34.32
37.05
38.37
30.2
42.11
33.67
27.86
40.42
27.29
35.33
37.51
39.55
30.22
36.86
35.34
26.84
38.56
24.99
33.42
44.02
32.92
32.21
38.26
31.51
26.07
38.57
34.74
35.73
38.78
33.65
26.56
40.85
38.38
34.67
32.58
41.71
36.24
40.45
30.39
42.59
37.87
24.38
43.52
34.7
33.72
41.33
25.17
30.74
35.15
36.2
41.46
34.86
36.2
27.76
44.29
37.28
31.22
45.29
30.3
27.92
39.03
37.3
30.19
34.16
46.53
25.94
38.27
33.59
21.72
32.89
30.59
29.64
35.3
39.23
28.02
40.03
42.5
29.32
39.29
37.98
31.6
45.75
31.86
30.53
36.28
33
27.55
41.39
31.78
23.12
42.97
39.85
33.91
38.58
29.48
34.47
24.2
44.65
29.29
37.45
34.95
27.47
38.12
38.56
35.52
46.73
35.03
27.22
39.91
33.59
27.58
41.25
37.67
31.93
37.86
39.4
36.85
39.47
34.82
38.73
36.66
36.3
19.89
40.85
37.73
33.66
37.57
39.01
32.22
39.58
37.08
29.87
37.41
37.14
27.52
35.02
43.42
27.27
40.88
29.69
30.52
42.32
36.54
26.62
41.39
38.51
24.28
43.87
28.71
26.34
24.04
40.87
36.61
31.22
35.13
28.97
25.44
42.62
28.7
27.31
37.82
42.57
29.3
44.32
41.65
31.54
41.68
42.93
24.38
38.18
27.63
26.35
41.81
37.4
34.79
36.28
34.47
39.71
33.8
38.24
38.58
36.97
25.62
33.14
39.95
36.97
30.27
42.84
35.84
44.9
35.26
32.49
35.82
40.29
35.13
32.62
43.3
35.9
27.08
40.24
21.91
40.62
41.79
27.39
38.17
47.81
26.43
35.41
41.2
30.08
36.82
37.21
24.55
38.66
33.39
32.17
38.93
37.12
36.81
34.49
31.89
35.27
24.22
41.74
27.4
32.21
44.41
37.08
25.41
34.15
32.15
28.3
39.35
36.81
31.86
42.01
35.83
29.35
46.48
31.23
31.3
42.22
38.34
41.47
36.34
42.36
30.97
40.34
41.7
28.94
39.95
35.96
32.59
36.17
31.66
25.54
38.17
37.7
39.54
38.08
33.4
29
32.05
36.4
30.01
37.6
37.79
28.23
39.46
35.34
25.53
40.32
35.64
31.76
39.5
39.14
28.87
40.85
33.06
35.26
38.12
31.28
24.34
45.21
31.09
29.47
42.83
41.2
22.25
43.61
37.63
35.86
32.51
43.63
36.25
32.77
42.34
39.81
34.95
38.05
42.16
36.42
41.24
40.49
30.51
40.39
37.33
28.35
35.72
45
28.99
34.34
37.35
29.07
35.92
43.44
31.2
37.1
38.46
39.42
38.28
39.35
33.69
36.1
40.27
31.79
37.28
39.98
35.34
34.1
39.19
30.39
39.79
36.82
38.94
34.69
38.36
35.52
40.6
31.16
40.23
30.67
39.85
39.1
29.82
45.63
34.37
35.73
38.53
35.7
25.71
43.76
33.28
30.23
37.37
40.52
21.7
46.68
33.37
32.53
42.01
37.43
32.13
40.63
37.32
29.78
32.87
39.31
33.76
43.3
32.12
32.24
41.59
37.2
30.47
39.59
36.02
31.45
39.11
35.04
37.36
35.09
39.6
31.46
36.56
42.99
31.65
37.7
36.74
28.74
38.18
39.35
27.68
38.7
38.65
30.48
45.24
33.23
36.13
40.15
35.13
38.44
31.26
38.95
42.27
36.46
30.26
31.23
36.68
33.34
35.99
38.47
31.92
36.47
33.72
32.43
39.11
36.51
30.09
41.36
32.93
34.83
38.3
39.83
30.6
32.43
27.5
42.93
40.02
31.88
43.52
38.86
33.49
37.41
36.82
25.48
44.19
37.33
29.4
39.85
36.66
24.01
41.77
36.23
21.83
43.02
34.38
28.38
39.19
33.1
29.34
42.63
34.83
23.99
43.53
23.47
38.7
30.66
13.76
40.01
33.24
23.66
38.02
38.51
30.47
37.94
36.65
35.15
31.87
41.43
31.01
41.94
31.28
38.12
30.04
34.93
28.04
24.81
34.91
29.5
20.73
42.57
34.66
40.09
27.76
35.2
29.34
32.65
37.67
30.17
36.13
24.64
37.71
40.53
30.57
26.15
39.85
31.36
39.69
39.26
23.01
44.02
40.81
32.93
40.01
28.86
33.87
34.86
38.03
25.49
41.67
41.83
37.25
40.65
36.52
38.6
44.2
33.2
30.42
33.34
38.53
36.5
35.96
37.2
35.24
42.33
32.03
27.47
42.04
35.23
33.15
32.94
30.2
33.66
34.85
35.93
39.13
31.54
42.92
38.32
30.3
37.65
34.33
25.07
39.79
39.62
33.99
36.11
39.69
23.55
42.58
36.85
39.72
42.14
33.63
39.23
32.93
33.33
35.89
37.06
27.85
42.12
33.56
26.5
42.42
37.03
26.55
42.83
35.48
27.32
37.56
33.41
36.69
32.31
37.67
29.11
40.43
39.88
27.69
44.17
36.67
36.01
42.61
30.27
29.4
41.4
38.53
26.39
37.82
38.82
20.45
38.28
39.65
40.04
28.36
28.66
38.87
29.81
34.76
41.41
31.71
39
25.13
40.63
35.27
18.54
39.41
40.86
26.48
36.59
37.22
20.72
38.48
44.02
29.37
39.85
26.52
36.18
39.03
20.44
39.71
30.37
29.31
24.99
43.08
29.13
29.04
37.74
38.59
31.38
42.74
34.27
30.79
42.63
36.27
28.17
44
34.17
28.62
38.75
43.77
19.44
41.6
41.56
28.75
42.6
35.13
24.99
39.72
37.91
26.53
40.3
42.5
33.06
40.3
37.58
25.96
38.39
43.32
29.61
44.17
31.6
33.09
33.04
35.54
33.41
37.69
38.68
24.57
37.55
40.89
39.59
35.82
34.3
32.62
34.44
32.16
39.82
33.05
28.18
32.19
30.76
38.51
31.48
36.61
33.27
36.13
37.28
34.37
34.96
37.22
37.21
32.23
40.59
33.15
28.28
40.37
40.36
28.44
40.64
33.72
22.47
36.3
40.11
32.41
40.1
41.3
28.75
42.79
34.86
27.79
42.32
36.61
28.3
40.97
33.34
26.37
43.1
40.5
29.59
37.21
33.6
26.96
44.39
38.63
25.91
42.05
35.32
25.28
43.9
33.95
27.47
37.58
34.56
37.85
29.54
37.89
41.35
36.85
34.98
26.67
41.47
35.31
24.49
37.7
37.55
27.02
40.87
34.46
31.84
42.75
35.04
28.06
43.11
33.43
26.53
41.36
37.17
29.37
44.48
35.64
36.04
37.12
37.8
27.69
42.07
34.77
30.66
39.44
38.52
27.06
36.45
43.26
28.03
41.55
37.43
37.15
39.53
34.09
42.54
29.54
42.32
41.38
28.2
40.55
23.72
29.87
38.98
30.37
24.97
38.15
32.97
28.75
41.46
39.11
23.74
42.21
33.28
39.49
38.42
30.1
37.87
38.41
42.78
31.96
38.64
33.61
39.45
31.66
35.22
34.71
30.37
36.44
33.67
42.35
41.62
39.04
32.31
33.04
31.65
37.16
31.55
36.95
36.69
34.05
23.24
43.01
34.66
34.08
33.43
39.72
35.62
37.08
37.49
37.08
37.17
38.09
29
36.84
28.82
35.03
36.03
33.66
34.73
38.07
34.18
34.88
33.17
35.53
36.05
34.47
30.1
37.15
35.2
35.52
36.54
34.43
35.34
34.73
33.86
36.34
31.95
34.06
37.75
26.41
33.45
41.63
37.53
27.66
42.61
24.55
40.28
39.03
34.22
38.37
36.55
35.59
35.65
43.98
29.98
38.79
36.36
37.66
32.12
39.59
26.83
37.99
37.63
31.84
36.04
40.87
37.12
42.01
38.1
32.07
42.34
33.25
36.29
33.59
38.44
26.67
34.35
25.51
32.99
43.36
26.95
40.14
37.32
25.84
36.89
34.18
25.37
37.53
38.08
24.11
37.22
38.79
21.73
41.03
42.23
35.25
43.47
30.73
41.01
37.99
34.63
26.2
38.29
33.69
23.81
39.87
35.82
26.52
42.69
37.54
24.37
37.92
40.65
32.28
35.64
35.72
42.37
31.66
41.14
40.49
28.49
39.73
38.13
20.25
40.49
40.38
24.78
40.13
33.29
24.72
42.66
17.43
45.33
36.75
21.05
42.15
28.47
27.86
35.13
41.93
42.83
30.92
31.44
32.53
39.16
32.24
31.9
34.74
33.27
41.63
35.2
31.33
30.07
40.02
37.37
38.3
38.44
39.83
40.82
29.09
34.67
33.98
34.8
34.18
43.08
27.3
39.27
38.61
26.6
39.17
38.31
34.03
41.47
36.68
32.05
36.3
28.83
24.73
42.5
33.74
30.69
39.77
35.57
31.75
41.28
28.48
23.74
39.44
29.07
24.45
34.27
33.85
31.75
41.78
25.79
36.16
33.02
28.29
32.42
43.03
26.78
42.36
30.8
37.22
37.73
29.61
39.36
38.73
34.16
35.72
37.54
31.71
34.55
37
31.35
41.27
34.78
36.41
35.22
26.33
39.59
34.08
28.77
37.03
32.83
39.7
29.97
28.19
37.1
42.4
33.96
36.46
40.26
30.11
41.84
31.96
40.13
31.43
30.12
33.69
23.7
45.19
32.86
35.38
36.69
36.93
31.6
42.25
35.78
30.19
40.13
36.53
28.59
40.71
32.67
30.62
40.14
34.02
28.28
36.02
32.22
39.17
32.72
31.69
37.85
35.6
38.6
32.05
25.2
32.83
30.83
37.82
37.01
33.92
34.12
40.53
31.61
42.75
40.17
28.42
45.01
24.86
43.09
34.17
26.55
40.65
32.7
35.41
40.57
36.28
30.99
31.89
38.51
38.93
36.37
30.07
26.53
42.11
28.94
27.31
44.52
34.66
34.43
43.02
36.93
28.07
45.03
37.91
32.71
43.73
32.91
29.65
43.54
40.49
32.72
38.89
40.07
34.4
39.61
32.48
41.37
36.84
24.8
33.34
35.76
33.51
37.14
31.02
34.97
36.88
39.21
23.9
32.21
43.97
33.04
33.51
33.88
35.19
35.33
37.67
31.96
36.93
40.24
30
38.09
35.85
34.98
37.5
30.09
41.33
44.34
35.22
34.07
41.28
44.95
34.39
39.53
32.58
39.16
41.88
32.43
33.25
27.86
40.34
33.69
38.61
26.5
39.88
27.84
31.32
33.43
23.04
35.84
42.24
30.44
37.41
30.87
39.3
35.21
40.11
36.75
31.43
40.77
41.49
26.73
40.71
36.69
31.43
40.1
32.23
39.75
34.34
30.95
39.14
35.38
37.53
25.92
42.24
34.65
25.72
39.25
39.96
28.89
39.77
35.8
27.83
42.76
38.29
22.56
33.55
37.81
26.84
37.7
46.16
24.79
37.59
37.35
29.55
38.58
38.77
22.56
40.9
46.5
23.19
41.44
38.47
29.24
40.69
40.59
24.8
39.28
34.48
35.23
35.34
39.59
27.53
32.76
39.48
27.36
36.95
40.95
27.36
41.79
41.43
24.43
40.38
42.5
28.1
43.37
39.92
28.14
40.52
39.69
30.35
40.5
39.1
29.37
35.95
35.39
28.2
37.22
28.6
25.86
35.36
30.67
25.79
41.16
29.13
33.29
32.33
31.11
38.7
30.08
26.79
39.21
31.83
33.36
35.95
30.07
30.17
35.28
35.99
37.79
22.63
37.56
33.15
32.1
34.48
25.08
39.02
30.54
36.17
36.09
31.79
40.26
29.33
37.8
44.57
31.77
36.35
39.87
27.79
41.81
38.2
26.57
41.72
35.61
34.48
34.4
39.97
38.42
36.99
43.89
34.15
32.91
37.09
33.07
38
36
39.19
30.31
42.27
27.67
37.94
42.86
25.17
43.04
40.96
21.77
43.12
39.67
26.87
37.51
41.94
28.58
33.84
38.05
38.96
32.78
41.29
29.09
30.73
45.8
26.52
37.99
40.77
32.8
38.1
38.66
29.42
37.59
38.05
27.26
37.58
38.45
23.65
37.5
42.75
26.34
34.72
40.43
33.24
32.26
40.07
33.79
26
26.67
38.3
32.55
24.37
42.18
32.67
34.59
37.89
26.07
30.91
38.75
33.02
33.82
40.6
28.09
29.4
45.56
32.2
33.91
37.15
30.97
31.39
37.74
34.09
31.01
39.75
37.81
32.51
31.63
38.68
28.32
38.43
34.73
31.47
39.67
35.22
35.05
34.41
37.7
34.15
33.79
33.12
31.08
41.11
30.12
34.59
34.5
26.83
28.41
34.45
24.51
31.91
35.81
32.83
26.94
42.04
40.08
27.57
40.24
33.01
25.89
41.8
35.38
25.55
42.4
34.22
28.24
40.08
33.2
27.38
38.97
42
33.18
39.08
34.97
31.87
39.04
44.09
26.76
37.35
39.69
26.02
36.93
35.8
34.59
34.07
41.8
31.15
37.63
40.69
32.26
34.94
37.32
39.76
28.87
41.42
40.2
24.59
35.82
39.64
24.72
36.89
38.38
24.16
37.18
34.23
21.01
41.71
35.44
21.78
40.83
41.94
24.31
35.51
38.35
31.72
37.18
42.61
21.17
42.27
34.12
30.18
38.86
38.78
20.26
43.65
39.07
29.04
42.14
42.47
27.05
37.48
42.83
29.05
36.16
40.14
20.78
36.29
39.35
27.59
34.01
43.37
17.66
36.32
43.68
27.46
32.97
42.38
28.15
33.18
39.56
28.27
42.75
37.94
28.07
35.54
36.43
28.42
33.76
40.84
22.88
40.03
41.3
23.68
41.27
40.28
25.41
37.96
34.97
23.11
39.64
39.06
24.46
40.86
43.89
26.5
39.9
39.21
27.61
44.01
40.73
27.67
38.79
40.64
23.85
43.13
44.58
23.72
40.2
40.42
28.24
37.48
41.64
27.87
42.4
38.84
23.14
33.93
42.25
29.3
37.9
36.39
25.99
33.21
40.87
27.25
35.27
42.96
28.09
37.39
47.54
30.54
39.86
41.76
24.86
36.83
42.65
28.15
39.49
38.61
29.53
43.61
38.36
31.08
42.28
42.1
24.93
38.31
36.4
28.81
40.72
39.58
28.34
37.36
43.11
28.47
35.64
40.65
25.71
37.99
40.92
29.42
38.9
47.03
27.51
38.18
42.54
28.74
41.36
34.15
28.68
37.06
42.42
22.74
36.19
37.98
27.6
35.01
45.67
15.14
38.01
38.29
27.27
39.41
39.64
26.46
40.41
41.03
28.81
40.01
35.27
22.51
38.96
36.92
27.8
37.44
39.78
27
36.32
43.85
29.48
41.24
37.89
36.5
43.38
43.36
26.46
42.9
42.73
28.85
39.69
35.78
35.63
35.78
28.88
35.98
28.84
35.5
34.91
22.28
35.65
34.29
28.4
36.03
40.42
30.76
32.38
35.28
39.71
35.57
39
36.92
37.31
35.38
32.88
39.66
20.68
34.72
31.22
28.54
35.52
31.5
26.96
40.54
37.89
27.63
36.95
41.81
22.65
39.07
34.43
23.26
36.98
26.51
26.59
36.05
34.18
21.05
35.44
28.78
26.96
34.33
35.52
33.16
18.53
34.17
41.5
21.33
32.06
33.28
26.42
41.04
35.29
29.01
44.16
22.8
42.27
39.88
23.8
33.05
36.49
30
40.45
31.64
19.66
36.85
36.63
24.21
32.99
35.72
27.03
34
42.62
17.45
36.05
40.89
25.97
35.45
39.73
32.11
37.21
40.83
28.52
40.14
36.99
38.86
31.1
35.81
41.05
33.2
38.34
36.04
33.94
36.9
44.29
29.42
39.85
18.1
38.68
41.13
28.51
36.99
39.4
28.78
37.71
40.79
27.15
38.09
31.82
37.54
34.04
32.27
31.28
34.65
34.41
24.04
35.88
36.23
28.66
40.91
36.52
21.78
34.06
33.78
27.85
42.15
35.88
35.71
36.32
32.15
20.23
39.35
40.52
34.72
29.85
37.99
31.21
32.03
37.65
32.97
34.15
31.47
39.55
40.1
25.91
43.89
36.94
29.04
33.15
24.39
29.76
38.07
26.75
31.53
40.09
28.76
30.67
42.58
22.88
26.41
39.77
34.54
29.26
41.57
28.8
28.2
41.07
23.95
32.02
40.61
28.82
29.84
41.53
33.11
37.25
35.13
31.94
40.84
26.48
38.17
34.34
27.09
36.1
40.41
20.11
39.95
35.28
27.65
38.5
35.04
24.38
35.65
36.11
27.9
38.75
24.44
26.84
42
28.05
24
36.9
33.65
14.06
36.03
36.27
33.21
31.45
37.27
29.73
38.97
32.82
28.12
43.39
37.4
25.41
39.15
42.18
22.53
39.05
38.45
32.39
39.41
41.83
24.24
36.25
40.36
28.93
42.35
39
26.54
40.71
42.27
24.49
36.74
41.77
31.82
31.53
44.08
27.77
35.61
42.95
28.25
43.4
42.21
23.35
40.47
39.26
23.66
31.59
38.22
31.48
43.23
42.27
29.31
27.86
36.72
33.4
33.48
42.76
19.5
35.2
42.21
19.48
35.37
40.23
28.08
39.01
41.03
23.31
39.54
39.84
38.4
39.13
38.87
33.63
36
38.77
35.77
39.79
36.22
34.68
35.26
38.96
29.61
38.53
44.27
27.8
41.67
42.14
28.79
38.94
40.63
27.95
40.04
36.88
33.78
40.44
29.12
37.83
35.13
38.4
35.88
34.03
33.2
34.18
36.61
28.11
41.87
27.64
30.48
35.59
34.84
29.97
43.79
35.25
27.31
38.8
40.77
41.81
36.79
36.43
38
22.03
39.43
45.47
21.67
35.31
39.21
28.33
41.15
39.56
30.35
36.13
37.58
40.39
41.19
40.06
28.75
39.5
44.04
29.64
41.9
37.47
28.84
36.72
38.3
27.76
39.39
25.69
37.99
33.13
25.37
26.5
35.29
26.29
36.89
34.85
33.28
34.08
36.06
30.06
36.5
35.5
28.99
40.74
30.34
32.15
33.79
37.33
29.35
30.59
39.79
27.21
35.09
34.9
31.2
33.58
32.77
24.68
39.57
35.81
30.83
38.75
28.11
33.55
33.85
31.36
38.11
29.75
31.53
40.94
33.91
36.09
46.8
28.99
35.43
42.54
23.48
37.75
42.42
26.71
40.81
38.87
31.66
41.71
34.27
39.89
35.41
37.86
38.91
32.26
40.72
30.64
36.33
37.81
30.32
36.88
38.28
26.71
37.56
44.37
16.63
45.87
32.49
24
40.94
41.81
24.51
40.57
35.19
31.07
37.97
40.5
27.36
36.26
42.87
23.88
39.46
41.32
23.11
35.05
40.27
30.87
34.48
37.63
25.88
38.92
38.5
23.78
36.36
44.16
29.66
36.4
41.43
31.35
40.51
37.26
25.46
38.8
38.88
26.37
39.02
40.61
21.03
38.2
39.99
29.03
37.72
34.81
29.78
37.22
41.14
32.99
31.34
42.74
28.22
36.72
40.72
26.89
43.72
39.28
27.25
40.13
40.35
27.89
37.88
42.85
26.44
36.81
39.95
27.15
41.91
40.09
31.4
34.74
45.66
25.66
41.24
43.84
25.34
40.74
46.38
26.77
40.77
43.25
24.09
31.07
40.09
27.37
41.17
39.53
28.72
38.34
38.34
28.85
35.55
37.58
25.47
30.92
44.23
27.27
35
40.94
24.15
39.98
40.69
24.81
38.05
41.77
26.6
37.84
44.66
22.69
38.18
35.15
25.1
37.18
43.26
27.9
40.6
39.98
22.44
37.35
38.89
20.64
41.94
39.59
29.18
45.57
40.86
25.77
42.86
41.78
26.9
37.45
40.41
27.58
38.14
45.14
27.02
36.2
37.32
26.63
36.17
44.4
29.2
27.83
32.44
27.66
32.6
41.66
21.66
36.86
40.57
22.87
40.43
39.34
26.16
37.1
43.91
26.18
36.21
41.77
24.6
35
38.54
25.63
37.48
36.35
26.62
40.18
37.31
31.52
38.92
46.57
32
32.77
41.08
35.3
38.38
41.07
32.71
39.96
43.55
22.64
39.9
37.8
30.08
33.31
40.11
19.48
34.9
31.26
36.84
23.05
46.54
14.91
31.21
37.82
22.08
39.72
40.98
25.62
33.37
38.58
31.87
30.3
40.97
26.13
36.77
40.5
31.55
37.1
39
29.75
39.82
36.86
29.53
34.97
41.84
23.73
33.07
38.95
28.03
36.52
39.9
23.67
35.93
33.7
26.07
36.93
35.47
33.83
34.43
28.16
36.34
26.67
27.77
38.2
35.02
31.49
40.19
34.23
37.48
29.2
37.5
30.53
38.69
32.32
27.57
37.45
39.77
27.39
43.74
32.95
29.63
36.54
39.18
26.01
41.42
40.49
30.18
41.08
30.13
24.67
47.06
30.27
31.67
41.35
39.89
32.72
40.32
38.97
31.59
44.03
38.6
25.5
39.31
39.07
35.32
38.08
34.57
39.08
33.2
34.05
41.36
37.49
32.32
31.02
34.98
35.21
36.09
36.89
32.34
37.08
34.68
36.41
33
31.4
32.51
36.6
38.64
30.23
33.72
31.8
36.69
34.45
28.29
41.1
35.35
41.41
30.42
28.87
39.99
34.69
33.79
39.92
31.35
40.11
40.52
35.52
35.44
27.95
43.46
38.83
29.53
45.84
35.32
38.96
34.35
39.27
39.52
35.87
36.84
40.82
33.65
41.69
37.69
38.41
39.8
32.93
40.59
41.08
36.6
32.02
41.4
33.71
33.89
35
36.96
32.54
40.15
37.86
25.54
42.55
34.78
16.12
37.86
35.38
22.08
36.44
46.87
32.28
37.84
38.35
36.2
38.54
30.55
38.64
38.13
31.95
38.06
36.02
29.35
39.07
32.18
29.9
45.22
32.49
27.15
45.13
39.25
27.65
41.55
33.08
33.04
40.67
32.02
37.41
34.41
27.86
38.45
40.4
33.85
40.77
38.11
31.03
46.6
29.91
32.63
40.58
32.53
35.74
41.55
34.73
33.65
37.17
38.2
21.56
46.61
30.28
29.03
40.01
33.67
25.73
41.67
33.46
30.77
41.43
39.91
32.48
45.3
32.86
34.11
41.61
35.89
36.7
25.8
39.63
43.32
32.61
42.69
42.98
33.39
37.52
38.58
31.67
37.16
32.03
40.33
36.98
31.44
35.02
30.75
33.78
35.02
33
29.88
27.28
38.3
36.68
36.49
32.91
29.86
36.53
31.99
41.36
34.5
33.71
33.04
35.64
27.69
32.96
35.3
38.42
41.05
32.62
32.02
36.47
44.12
39.35
29.09
42.79
37.43
34.16
43.16
28.6
24.33
38.86
36.72
33.87
39.2
36.81
30.13
39.41
38.82
36.47
34.75
32.02
26.41
47.67
29.87
29.98
40
33.87
28.54
38.28
41.21
34.01
40.38
40.77
29.78
38.82
37.65
34.39
36.46
31.15
38.64
32.5
33.67
28.31
44.67
35.25
35.91
41.71
36.27
25.62
41.26
33.7
24.37
41.29
33.4
29.58
41.81
35.88
42.03
35.51
32.94
40.47
41.01
34.96
38.03
36.57
34.74
43.47
35.66
26.68
41.72
33.12
33.51
36.09
40.14
38.39
36.34
46.15
30.38
41.09
38.79
40.18
30.28
43.2
34.3
40.47
37.28
33.32
42.4
42.51
28.28
38.74
36.65
30.39
36.52
38.39
38.09
39.89
31.81
35.29
37.6
32.93
41.43
43.59
40.05
30
37.33
36.42
33.75
44.2
26.12
40.03
36.42
38.39
35.41
39.22
39.46
35.79
38.59
34.98
40.55
31.97
35.52
36.65
25.91
40.96
40.29
23.39
36.48
41.69
30.94
36.81
30.99
31.43
38.03
38.54
32.2
41.95
31.24
30.63
49.05
18.54
30.4
37.2
42.01
23.99
42.43
34.79
19.25
40.7
40.1
22.27
43.42
33.46
21.45
39.28
34.54
21.12
44.06
32.37
29.35
36.65
30.62
23.19
45.56
37
31.88
39.61
36.34
37.79
37.85
45.15
25.91
42.73
34.87
24.85
41.91
31.51
27.15
45.14
38.74
30.83
34.94
36.24
35.5
34.24
32.74
34.21
28.28
36.65
36.05
33.24
44.15
35.55
36.87
27.76
40.48
24.56
36.72
31.6
38.6
31.66
35.12
43.78
29.37
38.75
28.71
35.72
39.33
37.84
30.04
40.24
34.89
36.23
44.44
32.99
37.19
38.88
36.27
32.68
36.33
33.51
38.73
39.04
30.42
41.25
38.18
32.58
37.34
31.65
30.62
37.34
43.2
30.12
33.47
41.66
32.87
35.34
36.12
34.82
27.25
32.78
34.87
34.82
44.06
34.47
33.54
33.63
35.37
33.43
30.75
41.93
32.13
24
40.3
37.99
28.64
44.56
36.93
34.59
36.31
28.52
42.68
30.7
36.43
33.51
36.95
37.04
24.33
42.32
29.8
26.39
40.6
38.03
30.11
40.29
35.56
24.97
43.12
39.07
26.32
38.87
40.22
28.01
37.1
34.67
32.14
43.2
36.29
26.18
39.78
37.87
30.01
39.35
27.37
41.11
31.24
34.55
40.54
34.34
35.13
39.08
32.95
34.5
33.42
36.3
27.4
33.87
41.45
34.45
28.21
43.78
34.98
30.2
39.6
38.48
37.94
33.09
37.85
30.96
42.47
39.64
40.27
30.03
39.5
32.48
37.71
34.31
31.01
37.05
34.9
33.02
41.2
37.9
32.18
36.82
35.91
27.44
38.13
35.49
32.71
33.53
43.4
28.41
41.66
37.78
28.78
40.08
34.18
32.14
33.26
34.45
24.95
44.31
35.28
35.74
25.9
41.94
32.62
22.35
39.26
33.36
32.36
31.99
36.52
34.87
29.47
35.54
25.49
28.63
32.49
39.5
32.89
29.39
43.64
29.99
25.21
40.26
33.71
34.58
36.72
26.95
30.85
38.2
27.23
39.1
31.36
36
35.33
38.06
37.27
42.72
32.35
30.34
29.71
43.07
32.51
34.72
41.63
33.25
37.04
39.48
35.47
27.53
42.71
40.96
28.87
44.27
34.24
32.2
39.44
31.07
40.62
35.02
36.94
34.08
37.19
37.39
34.54
30.7
37.68
31.68
38.48
34.86
37.78
35.89
30
34.91
33.02
34.35
36.52
40
32.39
20.73
43.32
40.14
32.11
38.28
34.47
28.8
46.31
35.65
30.88
30.38
46.3
31.01
31.39
41.15
34.45
30.05
38.34
33.28
35.22
37.75
38.15
31.02
45.44
41.95
36.29
39.5
36.15
42.26
33.37
36.22
47.29
33.31
35.27
28.26
37.04
39.57
30.84
42.23
33.85
34.89
43.57
43.38
36.61
32.12
33.97
35.2
34.8
41.53
31.23
39.57
43.42
35.66
28.78
41.6
29.34
34.46
38.59
32.45
32.34
36.99
33.93
43.34
33.94
24.79
38.28
38.46
29.14
33.62
27.53
32.38
28.73
31.2
35.24
30.09
33.37
36.38
29
28.58
37.73
36.62
32.14
40.42
32.57
27.48
32.96
40.61
22.29
43.04
34.4
20.89
37.76
36
34.47
40.34
34.57
40.64
39.47
29.22
35.29
33.91
35.55
37.41
36.23
36.97
42.52
29.35
41.57
40.76
28.78
43.87
43.72
29.34
33.92
38.19
34.73
37.1
40.87
33.45
39.33
37.95
31.12
35.86
41.27
36.17
23.66
32.38
29.13
38.07
36.52
40.66
29.84
28.6
38.88
30.7
28.97
39.37
32.56
29.92
41.81
34.1
25.01
40.74
31.25
30.23
38.46
32.14
28.32
36.19
41.74
29.33
30.86
32.9
40.13
33.77
27.7
36.44
35.4
32.04
29.64
41.94
37.76
28.11
39.83
30.58
30.98
41.93
34.08
30.57
42.61
36
25.57
43.24
33.06
40.25
38.89
34.82
40.41
32.36
35.33
39.18
34.58
32.45
33.33
32.87
35.85
39.11
34.19
31.95
29.5
38.15
23.79
39.05
32.15
29.64
30.81
36.06
32.72
25.53
24.8
21.64
32.26
30.76
16.69
36.68
35.64
32.53
35.82
39
38.92
37.24
33.36
30.09
41.26
33.7
34.83
40.53
29.43
35.74
43.32
36.78
31.29
41.7
31.44
38.35
38.32
31.1
35.5
30
34.67
31.9
33.63
30.36
37.87
40.49
29.3
34.19
37.43
34.72
29.07
26.89
35.55
35.11
37.1
34
32.22
42.75
29.36
33.61
26.95
29.59
31.06
26.71
42.25
33.23
28.22
34.91
25.77
34.26
34.33
32.64
30.98
40.45
36.74
33
36.76
38.62
25.55
38.94
37.16
23.54
45.18
34.31
35.51
39.57
29.79
20.51
39.56
32.75
28.85
38.75
39.03
28.54
44.73
32.15
36.3
32.67
33.86
30.96
37.6
38.51
31
39.47
29.83
25.89
43.96
36.18
26.35
38.43
38
32.54
31.25
40.43
40.04
27.77
37.76
33.65
28.35
36.23
30.01
27.17
37.98
34.79
23.72
38.19
39.54
21.52
37.59
40.11
17.74
46.05
39.26
32.45
39.76
26.21
36.35
40.11
41.65
25.37
41.97
36.84
24.91
40.01
35.69
34.18
31.11
36.68
36.06
24.9
33.15
28.88
31.54
33.22
26.94
35.95
41.52
29.42
34.33
40.23
41.69
37.11
29.27
39.03
37.08
41.37
40.96
31.82
39.55
36.95
31.91
28.46
38.69
27.87
29.5
43.27
29.34
38
42.28
28.72
32.56
23.6
44.66
34.63
38.71
31.34
32.27
36.13
28.94
26.92
36.82
33.62
41.75
38.51
31.9
40.35
32.52
41.34
38.97
37.46
32.21
39.04
34.8
37.32
33.16
40.16
35
26.16
42.92
31.02
27.44
43.04
35.75
40.41
40.31
32.68
45.7
32.48
37.36
39.71
31.24
37.01
39.84
29.28
38.29
39.6
35.93
35.02
38.2
29.51
38.57
30.85
39.2
33.1
30.13
29.92
27.23
36.5
31.93
34.14
30.13
34.25
31.1
31.34
35.83
35.05
33.88
32.37
39.27
28.77
38.94
31.96
35.05
37.05
35.38
38.72
34.04
27.22
36.29
31.38
40.19
44.06
25.19
39.7
37.81
27.25
46.08
35.78
26.58
44.71
40.08
28.18
41.86
35.67
29.28
37.11
31.18
37.88
32.9
33.44
36.16
25.5
31.88
36.61
30.87
31.97
38.99
30.44
33.11
32.23
37.03
25.25
48.07
31.73
27.96
47.42
29.85
22.99
43.05
39.24
28.59
38.53
44
37.64
30.83
39.89
35.77
35.39
28.64
36.2
35.05
35.65
32.27
34.25
37.86
36.62
20
40.46
19.92
29.92
43.94
34.22
34.15
39.62
22.61
30.16
43.33
36.16
32.72
36.6
33.13
22.75
46.87
31.47
41.85
29.17
34.29
19.81
35.96
22.71
26.3
36.63
33.86
28.07
34.24
39.24
26.79
38.64
37.06
24.63
34.37
35.29
42.11
28.21
32.01
41.98
39.96
23.92
39.11
40.73
23.23
44.37
34.56
21.87
41.84
35.35
18.81
37.12
34.9
27.63
35.83
36.39
30.51
26.32
40.6
43.16
32.73
39.03
37.49
37.36
37.37
39.91
30.76
37.23
43.35
36.46
36.06
35.97
30.13
41.1
40.79
31.2
43.36
37.38
37.31
39.51
38.17
33.13
39.18
42.64
38.55
34.27
36.2
33.32
34.59
39.78
32.67
34.61
35.69
34.96
39.93
31.45
40.48
39.29
32.39
37.96
34.37
28.35
38.88
40.44
33.19
38.74
37.55
29.81
39.22
38.95
29
40.11
38.95
27.74
39.55
39.91
26.22
40.91
37.86
28.62
36.47
38.86
26.41
22.44
42.03
26.97
35.94
37.01
34.64
33.79
39.87
36.65
29.32
35.28
38.14
29.84
37.72
36.99
28.71
39.55
28.96
26.57
42.71
37.66
35.51
36.79
33.84
37.44
36.05
29
38.93
33.75
30.83
33.88
39.78
21.54
41.87
32
19.42
41.64
33.55
29.26
46.67
31.47
25.67
39.77
40.44
29.64
42.17
38.86
28.92
40.63
33.37
28.36
35.37
40.57
23
42.33
36.88
27
43.37
34.76
31.86
39.83
32.21
26.83
39.58
29.8
20.11
38.65
37.47
22.48
40.66
36.33
30.57
42.73
38.98
28.84
40.94
32.29
21.71
39.71
29.03
27.76
37.97
38.33
35.6
38.02
35
38.6
40.68
32.19
45.69
39.27
34.95
26.94
42.34
31.81
35.24
28.1
35.83
40.36
34.99
34.94
29.67
38.61
35.94
41.7
28.53
36.89
39.32
36.04
35.09
36.34
29.81
39.93
33.81
38.6
29.79
34.45
33.97
35.75
42.7
36.2
32.19
44.62
33.06
40.11
34.18
31.47
39.91
44.5
36.34
35.71
35.94
37.61
35.65
39.94
27.72
43.63
40.99
37.93
30.1
37.88
29.22
42.31
35.24
30.93
40.57
33.03
27.19
42.03
29.69
34.49
38.89
44.16
38.79
30.16
40.17
33.34
42.42
36.87
33.4
39.76
35.16
38.16
24.79
38.61
40.56
22.95
32.12
43.15
29.94
37.64
36.22
24.93
33.54
40.67
28.11
40.13
34.11
45.12
27.46
46.59
35.74
35.18
22.79
48.22
34.36
32.04
34.84
28.14
43.75
32.23
38.05
34.94
38.31
38.4
34.6
32.69
37.71
30.88
43.49
43.21
34.14
43.91
38.99
29.3
38.97
39.58
32.52
43.3
38.71
30.31
41.3
33.83
29.69
40.41
36
32.12
37.32
34.9
33.66
43.76
41.96
28.2
42.4
36.43
31.91
41.57
32.45
28.9
34.11
34.32
29.31
39.05
38.82
31.36
35.13
34.26
35.21
36.54
35.94
38.45
36.5
36.13
37.97
44.07
39.13
34.05
34.16
24.74
47.47
28.7
27.59
38.88
34.84
29.51
33.22
38.29
31.47
40.1
38.37
32.66
34.74
35.47
33.84
38.67
34.55
29
40.12
40.89
27.88
42.98
36.38
25.49
36.41
47.55
19.88
40.03
38.93
27.31
33.91
39.42
31.72
45.7
38.1
31.71
42.11
37.33
25.99
39.31
39.57
27.05
40.38
38.8
31.54
38.06
37.42
24.35
41.62
30.83
27.83
44.12
32.51
29.36
38.07
38.77
25.73
38
34.29
25.64
43.03
38.42
26.81
40.76
34.33
27.97
36.3
35.03
29.53
41.52
33.93
25.48
41.12
35.72
30.15
43.43
30.48
28.5
43.16
37.54
26.43
44.21
34.66
25.48
38.77
43.31
29.93
42.51
36.19
32.19
45.4
31.75
32.89
43.57
37.7
28.29
38.66
38.51
31.72
42.13
36.22
30.21
43.22
37.88
33.89
40.26
40.8
30.76
44.99
33.81
28.18
42.15
31.77
28.63
36.1
35.38
34.19
42.91
37.61
28.99
43.22
30.5
30.52
42.95
32.89
41.76
22.03
44.43
37.16
24.3
37.87
28.53
23.57
42.54
24.12
40.66
39.95
32.74
37.25
45.63
33.76
39.23
39.4
30.94
39.65
41.71
25.8
46.5
37.43
32.57
36.2
43.8
32.12
42.66
38.01
27.03
40.38
40.18
32.17
44.45
39.36
26.95
42.02
31.79
35.24
37.23
39.74
26.02
47.67
35.07
30.13
38.4
29.33
33.22
41.2
31.53
29.8
42.04
37.18
29.92
42
36.97
29.76
41.07
37.12
31.46
43.61
32.18
26.02
38.72
40.95
26.06
41.02
36.26
28.49
39.32
33.64
32.43
38.72
39.04
27.38
42.55
36.35
35.47
27.43
42.36
30.34
42.58
30.97
28.64
41.5
31.52
32.5
45.79
32.27
31.69
37.48
37.83
32.22
40.66
32.01
39.34
28.36
35.67
37.02
37.85
38.15
36.67
32.04
44.71
41.61
25.76
41.7
35.35
28.22
39.76
38.84
28.43
47.82
41.61
31.87
35.44
41.66
28.45
38.02
36.14
28.31
39.67
40.07
25.84
40.51
38.95
28.91
39
40.23
38.96
29.8
40.39
39.4
30.65
36.08
31.97
38.67
41.04
33.17
27.2
44.5
36.01
27.87
37.28
37.3
31.11
30.84
42.14
33.57
29.57
40.73
35.99
30.98
42.13
34.66
26.3
34.03
40.12
23.25
43
33.24
20.86
35.24
44.33
35.07
35.78
34.47
35.83
34.88
38.56
40.93
33.18
36.11
42.49
34.49
35.59
27.39
39.94
40.05
31.31
40.51
31.57
30.31
41.8
30.31
28.69
36.32
37.26
30.92
42.87
34.7
27.28
41.04
34.34
29.6
43.17
33.88
33.4
41.73
35.73
31.6
37.39
33.15
25.27
39.64
39.26
27.99
41.64
34.63
28.72
36.3
32.78
19.8
41.42
38.06
26.59
39.25
43.68
23.33
40.33
34.57
19.75
46.82
33.21
31.9
37.93
38.1
28.75
44.77
30.16
30.12
43.1
24.78
26.89
37.9
33.42
30.84
35.04
30.93
35.02
31.06
40.26
29.41
34.64
37.44
20.91
44.56
30.17
38.59
39.1
30.66
35.4
37.33
28.64
37.91
38.02
31.41
33.13
38.82
37.89
36.77
33.78
35.19
31.14
32.54
41.57
32.83
34.83
38.06
31.46
35.2
38.67
29.74
44.57
31.83
31.38
39.82
28.53
33.35
33.23
32.03
28.07
42.46
38.91
21.5
44.79
33.75
24.52
39.92
35.31
29.6
37.64
40.96
42.02
26.05
35.68
37.69
40.81
29.61
36.65
35.7
37.15
32.79
40.5
37.58
31.79
41.71
34.57
37.26
34.25
37.88
35.41
34.12
31.88
39.78
44.07
30.06
27.4
43.83
37.2
31.31
40.11
36.22
17.55
41.38
36.9
28.04
44.59
33.47
38.63
39.57
37.78
28.49
38.79
35.36
35.98
42.09
33.25
41.54
26.9
44.46
37.37
44.4
28.01
31.69
38.3
29.15
35.84
31.06
29.6
33.44
33.81
28.4
34.58
39.32
28.56
30.87
38.75
32.72
25.21
43.03
34.2
37.09
35.09
35.08
37.94
40.07
30.62
42.26
39.54
28.26
37.42
36.96
30.93
33.69
37.55
27.22
36.48
46.6
33.64
23.25
41.97
38.49
26.29
42.82
37.92
35.33
40.75
38.09
26.24
44.32
30.77
34.86
43.73
27.4
26.18
36.55
36.6
36.29
34.07
41.65
39.36
28.86
37.02
35.02
31.24
39.45
37.64
37.7
30.55
35.61
32.31
32.35
28.83
44.8
31.47
31.95
43.71
30.93
24.51
43.98
35.33
30.44
40.79
36.94
29.46
43.11
38.29
40
41.06
33.21
32.04
41.69
33.01
30.77
37.03
40.36
32.36
40.78
26.35
37.86
38.17
33.25
42.7
29.99
30.52
38.92
29.69
39.58
26.87
32.05
41.64
32.06
24.73
38.91
31.44
23.67
41.05
36.06
26.69
42.37
32.68
33
39.28
33.08
35.63
39.19
36.46
32.98
39.65
35.84
29.15
39
40.84
28.33
41.2
38.7
31.37
40.03
36.55
26.85
46.34
38.51
34.78
37.25
32.81
42.54
38.22
23.07
38.67
39.54
27.97
43.57
38.14
24.99
41.5
38.96
27.25
42.46
38.79
31.35
35.83
36.98
20.61
40.88
32.88
26.62
39.06
33.24
29.02
40.04
37.25
26.62
41.1
33.12
32.38
37.95
35.12
28.53
46.33
35.47
27.35
42.91
30.66
22.24
44.03
39.79
20.55
36.1
44.09
24.33
38.03
35.72
33
36.79
38.51
42.51
30.85
41.03
31.79
27.84
39.39
36.77
28.11
34.15
29.99
29.85
34.13
29.79
26.13
43.24
35.12
31.49
44.23
39.31
28.12
48.83
40.02
35.33
46.11
37.42
35.5
39.49
27.54
40.79
37.64
30.85
40.08
35.78
35.15
38.05
29.4
30.97
34.24
29.76
29.84
42.45
34.77
26.03
45.93
33.19
27.98
35.76
38.11
33.73
31.32
40.71
30.11
38.02
41.52
32.27
42.02
34.07
31.64
40.45
39.5
33.43
40.71
33.62
31.2
41.31
41
33.5
40.3
36.92
36.24
35.92
37.56
39.94
27.83
27.25
41.39
39.79
31.81
37.79
30.03
44.47
39.17
27.04
32.66
44.52
30.28
31.66
38.65
32.02
38.46
31.74
38.55
32.57
33.77
32.24
38.31
32.3
32.99
39.99
39.18
38.33
34
39.89
33.03
30.34
39.8
30.76
33.84
36.5
41.26
36.31
38.48
40.53
33.92
41.69
32.12
39.06
45.85
30.15
36.69
37.99
33.8
32.42
42.61
25.95
40.51
37.95
29.95
39.43
42.75
23.12
38.91
36.06
34.83
33.17
42.65
36.75
29.55
37.31
37.68
34.98
36.63
24.69
41.68
35.29
37.13
39.05
31.55
32.03
41.24
23
41.23
41.67
29.7
34.73
39.9
33.63
41.69
28.59
26.59
41.48
31.5
37.92
27.21
29.07
43.63
30.55
28.62
36.01
32.47
41
40.83
31.59
36.3
37.62
41.48
33.46
38.73
38.6
33.69
33.11
44.13
32.46
33.87
40.91
32.03
24.45
39.71
35.14
25.1
39.15
33.08
25.18
37.42
32.39
21.39
35.8
36.76
21.28
32.89
37.37
21.93
30.22
43.89
25.72
31.54
37.5
33.7
22.93
41.74
36.31
28.47
38.13
31.43
31.69
41.5
30.72
35.63
34.25
27.95
39.61
29.91
34.23
32.68
24.24
30.34
37.43
30.88
37.83
30.85
38.22
26.17
28.76
39.85
30.98
36.61
35.31
26.65
38.71
40.25
31.09
42.79
33.34
27.29
37
37.92
31.61
42.08
30.93
28.16
37.14
33.78
29.32
29.75
43.53
34.39
28.87
44.96
38.27
32.5
34.93
35.24
33.39
25.18
30.88
33.92
37.5
33.99
36.11
35.64
31.6
40.4
38.05
24.72
44.79
31.44
25.81
40.07
40.29
30.46
42.75
36.61
22.83
40.27
35.37
26.65
41.38
38.69
30.12
38.86
40.85
43.04
36.44
33.16
34.02
44.22
36.58
19.62
40.58
40.24
23.29
43.21
40.4
25.5
39.83
44.21
32.96
37.16
38.89
34.29
42.79
26.78
36.58
41.62
28.33
38.15
41.48
29.44
38.17
43.21
33.64
42.29
33.24
37.01
39.58
31.38
42.7
39.51
36.46
38.36
40.34
35.63
40.33
32.99
37.41
37.15
31.08
40.85
36.16
39.6
37.56
29.63
32.01
43.58
27.04
34.63
40.08
40.67
31.69
43.83
32.62
23.08
45.96
35.92
29.26
38.97
37.27
32.75
39.53
33.6
24.15
41.97
34.15
28.34
44.47
25.93
31.83
33.82
30.28
34.96
32.27
30.8
35.04
31.93
39.18
38.27
33.82
35.45
38.32
35.67
26.97
28.73
40.24
34.5
27.99
42.75
36.86
29.56
40.43
30.22
39.05
30.21
39.13
44.47
31.76
40.2
36.05
34.37
34.99
34.2
36.24
31.98
35.59
35.01
35.82
29.98
43.58
36.05
34.05
27.81
40.12
34.43
32.94
38.19
34.01
38.8
33.65
38.05
40.36
34.15
40.99
35.37
35.98
41.91
35.36
32.22
30.07
42.14
34.25
30.28
34.33
34.39
36.83
39.63
31.31
37.02
38.45
35.41
33.11
41.14
40.12
29.78
41.29
32.49
35.79
40.77
30.87
27.7
44.02
24.05
36.5
33.66
33.17
30.52
44.77
32.24
38.59
33.64
38.08
34.8
34.35
39.55
40.85
30.21
36.83
43.41
32.59
36.79
40.71
24.25
42.64
42.42
29.44
39.9
38.76
34.69
37.8
41.98
24.54
43.58
27.69
25.34
43.16
38.22
35.85
37.64
36.98
33.34
30.63
34.92
25.9
40.42
28.84
32.2
40.5
40.2
30.53
42.78
36.12
30.2
41.08
33.96
31.22
40.15
39.56
31.71
40.44
32.01
31.57
40.54
40.31
37.02
32.46
33.54
33.49
33.5
40.95
26.52
34.42
33.89
31.6
41.97
38.13
33.2
38.45
28.14
44.26
37.51
27.18
37.82
40.51
29.14
35.12
41.24
33.44
37.89
36.04
29.98
35.81
40.09
28.66
38.64
42.33
28.42
38.93
36.63
32.05
41.68
36.44
24.82
43.21
31.75
29.08
40.75
34.37
32.57
37.09
41.67
39.84
33.72
38.67
33.95
28.47
40.93
32.48
40.32
32.95
30.72
37.76
33.87
28.52
40.91
34.34
22.83
42.67
40.69
35.74
39.12
43.52
29.03
44.26
26.9
40.58
34.3
35.57
34.14
35.86
43
39.44
34.83
39.69
42.97
31.59
37.9
43.12
33.12
35.84
40.35
35.96
35.57
25.79
41.57
40.67
29.01
39.45
41.2
40.31
38.11
42.82
36.45
31.38
39.85
32.49
32.82
44.15
32.81
32.6
45.25
25.08
38.02
39.86
37.14
34.08
35.37
36.72
31.05
36.67
32.65
36.15
34.77
34.26
33.6
38.39
41.27
32.6
38.03
34.92
29.57
38.94
29.06
42.24
39.39
28.51
38.72
35.72
30.08
37.75
34.96
27.62
30.43
42.37
30.69
35.38
34.38
27.25
41.18
35.06
28.8
39.03
32.49
31.36
43.02
31.05
26.45
40.6
34.55
27.25
42.7
35.06
38.09
37.3
33.97
33.09
35.97
35.19
26.12
41.39
33.12
33.22
42.31
38.22
34.94
40.45
37.32
22.1
37.77
42.38
25.12
39.37
38.33
25.32
44.28
36.29
28.56
38.14
40.17
31.21
42.71
37.56
27.45
41.31
40.9
25.87
43.41
35.18
31.64
36.25
37.2
36.07
38.08
34.94
39.61
34.25
33.53
31.77
42.14
32.4
29.06
38.13
39.05
36.89
38.3
31.4
36.09
40.32
25.28
43.05
33.72
22.49
30.33
33.99
39.98
37.19
34.19
35.68
38.89
35.09
32.76
37.08
41.07
25.29
29.3
39.74
38.14
39.89
38.56
33.5
37.15
43.91
28.47
40.53
42.74
33.53
34.71
42.71
37.1
34.73
38.44
36.29
35.53
35.17
34.84
40.15
39.38
27.49
29.01
37.53
29.56
23.98
40.98
32.76
29.75
38.94
40.37
25.91
39.07
37.49
28.6
34.98
42.6
30.31
34.51
41.75
19.12
39.81
35.45
22.4
41.65
39.99
21.13
38.04
43.09
32.59
31.26
41.72
27.57
43.92
36.8
28.71
34.97
41.28
20.02
41.8
31.85
39.48
28
38.22
34.67
33.02
40.23
29.54
32.93
44.85
41.86
35.39
38.71
38.25
32.35
34.25
24.93
34.83
35.41
32.64
37.11
39.38
24
39.72
38.72
23.27
38.67
37.12
32.56
39.08
35.49
28.46
42.36
36.67
33.44
36.99
38.08
24.63
37.9
39.24
29.22
33.52
39.89
25.18
40.99
37.84
31.88
44.97
34.57
29.92
37.85
32.76
24.87
42.5
39.71
33.62
36.73
32.13
35.34
37.11
43.1
28.8
35.8
38.28
26.59
45.78
34.93
39.49
42.1
31.87
40.01
42.34
37.92
40.58
40.17
35.88
36.74
39.74
33.46
26.62
39.64
35.69
29.73
36.76
38.46
37.13
32.97
33.38
38.55
34.19
37.43
30.17
37.47
37.28
29.23
38.75
35.78
28.86
38.9
35.14
27.51
41.26
36.49
31.96
36.85
36.46
28.89
43.87
26.01
28.8
41.91
21.97
32.86
43.64
33.42
29.8
40.19
36.49
28.2
38.74
30.78
27.17
37.03
38.14
28.27
34.2
36.48
41.56
29.87
34.09
41.82
29.88
39.32
38.65
36.65
35.63
32.08
30.66
37.19
29.14
45.74
32.41
34.67
39.67
36.4
32.71
39.41
33.7
23.61
42.95
34.63
31.51
39.79
35.55
28.98
40.05
39.05
28.8
42.11
42.03
35.62
38.03
38.7
34.46
41.73
29.1
33.63
36.47
32.89
36.78
31.9
37.81
39.29
33.21
36.04
34.74
35.58
43.61
30.53
36.18
36.41
40.4
27.4
40.02
40.35
28.33
39.28
45.99
29.23
39.53
32.39
44.07
27.01
37.49
41.43
32.63
45.51
30.74
35.26
21.92
42.93
37.56
25.97
43.83
34.78
29.51
44.57
37.9
29.69
36.41
37.75
36.82
26.52
34.92
36.65
32.79
32.88
45.35
32.31
35.13
41.57
42.65
29.36
37.74
32.67
27.22
34.13
34.58
35.56
41.93
36.99
39.36
39.97
29.67
43.78
38.7
31.74
41.5
28.49
29.23
40.15
30.84
7.06
41.95
34.01
25.06
35.9
27.06
32.62
41.13
32.17
31.5
42.29
29.3
28.76
34.94
28.55
18.23
36.97
34.48
24.45
36.3
33.14
33.83
37.29
30.11
28.06
38.45
37.43
21.1
37.49
27
31.47
34.22
30.73
21.83
39.63
34.56
23.98
39.35
29.77
44.44
22.9
31.83
33.05
31.83
34.28
25.02
39.84
44.59
33.2
36.88
39.72
36.53
34.38
35.61
33.42
31.25
41.05
35.53
32.98
44.15
27.7
39.39
33.02
28.03
49.67
38.53
31.8
36.55
41.96
33.88
43.91
38.26
27.18
41.08
40.74
31.67
40.29
41.79
21.31
42.05
39.74
23.53
41.74
36.39
30.51
40.19
37.85
33.12
39.65
31.55
36.06
32.73
35.26
40.08
25.56
28.65
38.33
31.53
40.96
30.6
32.29
41.12
31.11
41.78
38.36
35.85
36.14
39.42
30.25
39.05
38.87
27.81
34.23
37.52
32.34
41.56
38.17
29.47
43.06
37.08
33.47
39.4
32.79
45.79
31.27
36.48
38.76
35.09
41.73
35.82
32.97
44.6
35.81
37.3
32.11
31.54
42.02
38.51
31.49
40.18
37.13
37.06
37.48
24.88
41.04
36.79
39.59
28.35
35.23
30.92
41.67
35.85
33.01
28.29
42.89
34.09
31.59
38
37.86
38.51
31.41
32.74
37.64
38.97
26.62
47.57
30.2
23.99
37.37
41.52
25
43.35
39.19
27.8
41.96
30.19
17.81
44.51
40.26
28.09
43.81
33.89
29.06
39.68
32.77
28.3
41.69
35.9
37.32
35.26
38.29
32.8
37.94
37.28
36.36
30.97
41.44
42.33
34.35
44.2
35.74
29.09
40.94
30.12
24.44
48.11
33.24
29.02
41.17
34.18
31
37.99
32.74
34.14
37.12
36.02
32.5
38.65
30.95
34.31
34.28
32.58
43.27
32.17
35.63
28.45
46.57
33.95
30.74
37.34
41.05
29.96
38.67
38.93
30.04
41.14
40.03
29.84
39.93
24.16
44.14
39.26
23.93
45.08
39.1
29.93
37.98
32.83
23.54
43.96
33.23
41.56
36.66
30.73
29.66
39.92
31.02
25.67
36.36
30.75
24.94
41.55
34.05
32.83
32.67
38.42
39.11
27.91
33.75
39.57
30.9
41.85
37.89
24.79
41.03
34.25
28.79
39.97
32.63
33.2
38.5
43.24
33.12
35
34.49
32.8
34.6
29.84
37.91
40.7
36.78
39.1
39.87
36.03
35.93
32.54
30.63
28.72
35.43
37.8
28.03
42.11
35.89
34.96
35.91
30.08
40.25
34.8
33.93
40.77
34.01
31.52
45.63
35.46
37.77
40.02
39.54
31.21
40.42
31.53
36.66
35.92
30.82
32.17
31.16
36.86
40.36
26.1
35.58
37.85
32.24
35.05
42.85
34.14
35.41
45.53
29.54
36.46
40.76
36.1
36.96
38.86
39.21
27.05
36.6
34.28
28.61
38.77
32.33
29.38
40.55
29.74
28.94
36.61
40.03
36.76
42.02
34.11
35.44
38.4
40.03
34.73
36.98
35.42
28.31
34.31
38.68
32.31
42.87
27.7
39.59
36.19
26.91
38.28
36.38
39.5
36.77
44.94
31.3
34.79
38.25
35.14
36.43
41.17
31.8
45.39
37.32
31.31
37.29
32.94
31.03
42.25
36.15
33.06
33.83
27.02
44.52
32.45
33.37
36.45
37.86
28.31
37.12
34.99
28.56
38.93
37.84
24.87
39.86
38
31.7
43.32
34.06
28.77
41.99
34.04
32.72
40.83
41.78
32.81
46.59
34.51
29.01
34.99
40.11
30.12
36.21
36.83
33.74
29.41
39.12
32.53
39
37.11
35.63
39.01
35.81
28.86
41.03
37.78
27.49
42.59
37.4
30.55
43.86
31.35
37.4
36.77
32.79
35
35.25
36.84
29.5
40.88
40.71
30.19
44.72
41.17
33.16
34.83
40.77
30.61
38.44
37.59
27.17
42.25
28.7
32.66
33.48
41.03
35.65
37.22
34.18
43.29
34.9
39.72
41.42
33.37
35
37.43
26.06
43.88
32.64
35.79
40.33
37.32
23.61
38.69
31.28
33.39
27.92
35.67
32.1
32.52
30.62
36.87
38.16
35.81
31.92
38.11
37.13
36.31
44.22
36.15
35.39
36.67
34.33
31.61
37.78
40.39
31.23
35.72
33.58
30.32
39.89
36.07
27.29
36.92
34.08
33.25
39.69
33.7
29.18
36.84
33.95
26.28
37.48
29.68
29.84
33.8
32.75
32.27
44.88
35.7
31.66
34.15
31.61
24.87
39.08
35.5
30.86
38.74
34.39
28.12
39.33
38.38
30.88
38.7
31.05
28.07
33
42.06
33.13
33.08
29.42
33.47
40.06
33.44
24.57
44.28
32.66
31.17
40.45
31.13
29.23
39.71
34.28
22.57
41.93
34.53
30.65
31.51
36.64
24.68
28.69
29.03
29.43
31.93
41.39
30.35
32.29
32
32.9
37.18
35.18
32.53
37.14
37.76
31.68
39.51
38.09
33.11
36.95
35.51
32.07
39.01
34.18
29.01
33.46
31.62
26.47
33.77
26.98
26.3
40.63
26.22
24.57
41.55
27.65
29.96
34.38
30.32
28.04
38.64
26.04
30.24
39
30.49
29.65
45.22
34.08
36.27
38.14
32.23
35.46
46.19
33.48
28.53
39.72
28.17
27.52
36.85
35.45
28.49
40.96
37.78
30.5
34.21
34.13
30.9
38.96
27.14
26.95
42.09
32.4
33.73
34.71
25.35
27.48
40.33
29.7
33.4
31.47
35.91
36.26
39.99
34.38
30.21
36.61
29.51
24.45
39.79
32.29
33.75
36.19
34.56
26.5
39.47
24.85
28.43
40.21
34.41
27.3
37.63
22.81
33.66
38.4
26.88
28.95
44.01
32.2
36.45
40.31
29.66
40.01
32.34
23.59
41.25
36.86
29.75
37.98
36.85
27.22
42.39
31.1
23.93
35.22
44.38
24.43
40.29
34.07
27.56
43.62
38.91
27.37
38.08
36.49
33.3
32.77
40.6
28.51
33.84
36.45
25.67
37.58
39.26
29.88
25.57
40.24
37.9
31
36.37
38.69
34.46
28.88
44.25
38.87
28.57
40.43
41.38
30.56
37.36
30.31
46.57
37.43
33.23
42.55
41.02
31.81
41.54
39.18
29.61
36.67
40.54
30.36
37.42
45.35
31.93
38.63
31.25
33.3
45.41
29.91
31.08
43.27
26.32
22.47
39.46
38.66
25.45
34.64
38.83
28.23
39.44
36.22
29.18
41.75
37.89
38.88
32.67
39
39.13
38.17
42.4
36.15
35.48
42.88
38.88
28.73
35.32
37.8
40.09
45.11
34.13
40.65
39.28
39.42
33.13
44.78
42.6
35.61
38.27
38.73
37.53
34.73
34.9
44.04
38.81
33.17
36.88
44.52
32.6
37.64
41.26
39.03
35.1
39.38
39.29
37.52
39.31
34.34
30.26
43.92
31.61
38.09
33.67
41.05
32.67
45.43
29.62
35.99
36.96
37.37
38.09
42.69
35.91
28.78
33.28
41.42
35.57
29.82
39.71
40.78
39.71
40.11
35.14
29.7
45.89
30.9
25.96
40.54
31.26
35.91
41.19
30.27
33.21
41.34
30.05
28.63
38.3
39.21
35.7
35.96
43.43
40.24
36.69
35.78
34.97
37.95
33.57
35.64
43.65
34.7
37.24
39.6
32.76
34.53
37.77
36.62
30.82
37.89
25.15
30.41
34.23
25.22
41.83
34.93
33.85
39.11
35.32
40.23
41.24
40.63
31.87
39.6
35.01
28.25
33.98
38.29
27.39
37.13
27.82
42.29
26.69
34.65
43.63
30.15
43.42
31.13
34.47
37.2
36.21
33.89
32.37
37.45
29.09
43.29
32.93
32.85
40.56
43.07
40.48
29.25
40.39
25.6
46.04
33.12
37.51
36.09
34.66
31.88
39.29
35.8
28.78
40.42
32.71
30.17
42.52
29.81
24.45
41.19
43.29
30.84
40.16
33.48
24.58
38.51
39.98
28.15
42.42
36.72
25.15
39.07
33.02
29.24
38.03
37.28
28.97
39.34
39.56
24.67
39.59
35.98
27.79
42.17
32.06
29.39
35.78
34.67
27.04
40.92
34.44
28.19
39.88
33.32
23.77
38.27
35.63
33.22
37.56
32.47
28.95
37.08
38.27
23.96
42.04
33.16
26.96
44.44
33.73
31.47
36.96
38.76
38.43
39.14
37.34
33.21
37.66
32.78
32.44
36.3
40
39.56
31.35
40.82
37.1
34.48
39.61
43.44
27.35
40.04
37.68
34.97
33.99
39.56
35.43
39.15
31.99
39.29
37.18
40.59
39.89
32.85
34.42
27.87
40.79
38.19
32.61
36.45
41.6
29.28
38.33
34.59
29.07
35.79
35.33
24.08
41.78
31.04
31.65
37.78
24.45
33.35
42.17
31.84
40.78
29.15
31.76
38.43
33.6
39.29
38.41
33.16
43.42
40.09
36.87
37.83
36.71
34.71
41.4
32.91
41
43.7
28.45
45.03
38.23
42.15
29.2
40.22
31.74
36.89
31.37
41.73
33.82
32.19
31.68
37.56
30.52
25.28
40.48
34.37
27.37
39.01
39.06
27.51
38.22
39.57
31.87
41.44
26.98
43.78
41.94
31.33
46.58
31.69
34.06
42.27
35.93
32.62
38.47
32.44
32.69
45.1
32.34
33.91
27.61
35.1
38.91
20.72
46.64
34.76
23.91
36.88
35.88
20.47
38.64
43.41
24.41
39.65
36.78
32.54
33.97
43.54
28.85
43.92
42.08
24.91
42.65
42.62
24
38.66
44.69
31.43
33.57
35.26
32.55
40.18
33.97
31.93
42.3
35.47
30.17
39.25
36.31
19.75
42.86
36.22
28.59
39.72
30.33
33.42
39.73
34.84
39.82
35.08
41.62
37.06
34.72
41.28
32.61
38.06
39.35
32.1
41.39
27.88
42.72
38.77
31.29
42.73
40.52
26.18
44.09
36.41
29.4
34.27
33.71
38.37
33.81
37.76
34.2
41.57
41.67
23.35
41.13
36.84
33.82
39.85
32.61
30.07
39.73
40.05
26.99
38.39
33.25
34.81
38.47
36.57
33.32
39.92
31.4
31.36
38.05
32.17
27.79
37.75
38.99
30.87
42.43
34.55
27.52
42.69
36.32
30.52
41.89
35.44
27.05
37.59
35.09
45.53
37.49
39.12
37.34
44.67
35.39
44.26
39.92
34.85
38.27
40.85
38.98
44.8
37.87
36.63
33.21
37.84
38.21
31.37
37.88
35.66
39.01
34.11
34.25
39.35
34.97
37.29
38.28
25.99
41.95
29.45
32.74
41.41
36.56
33.58
42.52
36.36
32.06
44.48
36.41
34.22
37.88
29.33
41.17
37.19
35.79
30.59
43.15
24.64
43.44
42.82
32.81
40.87
38.15
31.62
39.59
35.88
29.21
42.23
36.56
30.06
40.33
37.64
25.78
43.19
34.98
27.84
38.14
34.41
32.7
40.82
34.72
31.08
41.41
37.41
30.85
32.59
39.15
27.11
46.22
34
36.34
36.33
36.65
24.67
45.14
42.24
24.23
44.21
35.49
29.32
42.04
35.44
34.06
38.96
37.69
36.24
24.52
41.67
37.75
34.36
41.93
31.48
39.68
40
27.26
46.38
38.25
37.92
33.78
31.91
34.13
42.35
34.42
36
37.12
36.18
35.33
36.78
41.32
31.78
38.75
42.37
31.1
34.27
46.59
34.09
42.48
35.77
27.9
33.89
40.68
25.75
39.95
41.32
29.28
40.52
35.65
26.96
44.41
37.88
29.7
38.91
39.52
38.43
33.96
38.13
43.23
32.97
41.27
35.9
32.97
42.92
32.53
37.06
39.06
29.71
37.79
42.14
28.06
42.77
37.64
32.72
37.69
43.51
39.78
27.84
40.21
40.53
33.47
40.03
44.26
25.75
38.93
33.12
35.12
41.63
38.07
30.52
40.16
36.27
29.58
38.26
36.2
29.71
36.92
33.52
31.97
30.54
34
26.74
40.23
34.57
32.36
35.72
39.06
32.23
39.05
37.43
31.94
42.26
40.74
28.11
37.99
37.47
28.82
44.47
34.05
31.51
39.78
41.49
29.21
41.55
37.15
34.79
31.9
38.73
35.09
37.71
28.19
43.82
33.38
34.45
33.01
40.33
34.16
34.67
39.3
31.01
40.53
39.86
42.59
34.77
37.33
39.46
33.77
44.09
34.42
39.01
30.84
38.81
34.55
30.81
41.52
31.48
35.93
28.4
44.3
34.76
39.99
37.41
35.06
42.11
35.24
37.64
40.63
32.76
42.21
41.92
31.47
38.25
32.73
38.43
37.88
35.91
37.79
38.43
38.39
39.59
32.05
34.5
33.79
42.32
27.38
40.1
35.26
35.76
36.48
39.16
34.38
39.36
33.11
30.17
40.12
36.53
40.3
32.78
39.58
44.8
32.48
35.45
43.11
25.58
41.44
34.12
34.78
45.15
33.18
24.34
40.88
34.74
22.33
43.98
35.24
28.61
33.28
30.3
27.51
38.88
29.37
21.21
38.24
36.64
38.91
28.62
25.81
37.61
31.64
29.4
33.7
39.58
40.91
26.43
39.12
35.44
29.49
42.71
31.58
39.32
25.45
34.32
35.25
27.69
34.48
37.8
25.38
34.29
41.7
32.4
25.83
40.68
31.65
33.33
42.47
29.52
24.35
44.29
38.15
25.2
39.32
34.24
29.68
36.99
36.48
35.49
31.58
27.71
37.85
28.12
37.6
32.36
29.3
36.47
43.05
34.16
37.29
39.92
31.3
36.61
28.83
37.31
40.33
33.07
28.18
42.23
38.95
23.3
42.21
41.01
33.15
47.4
37.13
29.12
41.43
34.93
27.38
38.47
41.09
24.2
40.98
29.48
28.37
37.32
35.61
30.24
36.92
33.41
28.98
36.85
37.99
32.4
40.7
38.9
32.97
42.04
43.87
37.98
37.05
40.63
33.87
35.88
43.16
34.24
36.31
38.94
29.94
32.1
34.27
44.41
34.2
36.1
36.64
31.24
35.23
37.53
33.72
32.86
34.89
38.25
20.06
43.68
37.34
23.55
42.34
42.62
25.95
41.03
33.08
24.57
27.43
42.83
37.04
28.07
41.89
34.87
35.64
40.41
26.86
43.73
36.64
31.15
34.96
36.6
30.64
42.6
36.3
26.67
39.56
32.59
34.47
33.94
34.52
36.42
40.92
31.09
33.28
30.93
37.34
37.87
33.56
31.97
31.18
40.98
28.36
25.11
40.41
35.48
24.24
45.49
37.23
36.04
39.57
31.73
42.45
37.24
28.23
30.54
25.83
42.38
25.73
31.65
37.72
34.88
30.27
30.82
33.74
35.64
34.24
35.85
36.88
40.24
32.34
41.3
32.07
36.02
39.2
29.77
35.79
36.16
31
38.21
32.19
33.24
37.29
35.4
38.13
46.22
34.5
32.36
33.13
33.02
41.41
37.26
35.15
25.93
37.03
17.06
40.8
27.19
23.42
40.97
34.85
31.18
35.06
29.86
33.49
44.47
39.52
33.68
40.63
36.99
39.23
29.61
39.82
27.88
40.23
43.24
23.49
45.08
37.08
33.29
33.97
33.97
37.35
32.06
41.79
32.6
32.78
31.12
23.86
37.91
32.95
38.5
34.37
28.32
43.52
30.88
36.75
33.92
31.13
28.43
41.41
37.79
28.42
40.6
29.23
30.3
40.81
31.3
32.9
37.63
32.4
34.54
34.88
29.28
29.96
39.28
32.15
38.53
35.18
31.99
36.14
39.23
37.57
41.57
26.85
33.23
41.69
28.89
25.59
41.76
34.44
37.19
37.2
36.35
35.49
39.38
39.1
27.19
31.47
38.25
21.71
28.88
42.01
37.09
40.38
35.65
35.33
33.98
38.6
31.06
35.1
42.76
40.35
28.87
41.96
31.71
37.56
28.72
38.93
38.02
33.75
35.16
40.01
35.23
38.22
40.53
36.27
33.32
38.28
36.21
38.18
35.25
33.82
41.9
37.3
25.45
40.13
38.31
30.47
42.25
29.67
32.43
43.56
35.15
27.71
45.22
43.38
19.97
43.02
43.66
25.06
38.73
46.46
22.56
42.04
40.3
34.49
37.16
39.45
28.49
43.85
39.54
27.41
44.7
33.37
32.23
37.95
35.38
33.89
44.33
38.86
22.02
43.08
29.75
32.22
38.2
32.21
36.42
38.33
35.25
31.07
37.6
26.32
40.46
31.8
30.19
29.62
38.68
34.9
24.97
37.87
25.71
26.49
42.7
33.61
22.82
38.94
34.45
30.25
37.57
35.37
27.86
38.91
38.9
19.8
38.57
29.46
25.41
41.9
30.71
43.45
33.99
34.42
36.43
34.15
42.04
34.73
32.58
39.56
34.68
34.82
41.43
38.28
30.49
41.44
35.87
34.23
38.75
29.75
43.32
39.19
29.63
41.31
39.51
26.19
46.27
32.21
34.02
37.56
37.41
35.33
35.87
38.49
31.07
39.84
36.93
26.42
45.33
35.52
24.36
38.13
30.58
27.3
41.21
24.86
26.1
38.1
35.12
21.15
41.1
31.52
31.2
37.66
26.33
34.43
38.52
44.09
29.41
33.89
35.09
35.51
33.87
37.2
33.13
30.83
36.1
37.39
36.67
33.08
42.03
32.63
30.33
38.3
41.63
29.97
38.99
34.67
31.26
37.59
36.12
29.06
41.13
37.28
25.85
38
37.73
26.82
38.45
36.08
35.51
42.84
36.4
31.45
38.79
37.51
31.51
38.49
35.95
26.08
37.39
33.47
31.68
39.59
37.11
29.73
40.77
33.77
32.7
36.59
30.93
25.63
35.63
39.15
26.98
42.54
30.29
27.2
42.45
31.96
23.85
42.18
37.44
24.99
36.68
42.32
23.12
37.88
38.43
32.49
36.32
40.5
25.4
35.6
37.11
37.66
31.76
32.7
36.18
27.35
41.29
37.85
32.83
36.25
37.84
29.67
37.74
40.74
27.59
42.63
45.45
30.14
41.71
36.3
31.91
40.29
29.5
40.82
38.29
30.08
43.94
31.93
23.85
42.13
37.12
25.37
40.85
35.85
29.03
49.06
28.69
32.13
40.94
34.08
29.71
42.2
33.63
28.92
39.82
34.17
33.3
40.06
37.91
39.79
39.35
34.41
34.61
35.22
32.78
28.25
36.19
37.77
36.12
34.77
47.01
39.97
39.63
35.5
30.58
36.81
38.15
37.84
33.41
35.66
38.1
27.37
42.54
39.46
31.49
37.54
29.43
43.48
26.94
36.84
29.63
42.06
35.24
35.97
39.42
40.18
31.45
38.12
36.27
32.36
37.12
39.6
33.38
32.97
41.1
28.38
44.48
41.16
27.55
41.36
41.3
31.63
38.01
36.39
33.67
34.42
34.63
39.8
34.35
33.17
31.13
42.11
37.12
39
32.33
40.88
36.3
36.97
35.4
32.18
39.44
42.17
33.55
37.7
37.57
30.31
36.96
33.3
37.93
34.61
39.8
29.01
32.27
36.47
37.29
34.73
40
36.21
33.92
36.09
32.97
41.84
36.18
40.37
30.3
40.6
24.85
36.18
36.69
32.8
38.71
31.38
32.88
43.75
27.52
30.9
39.58
24.67
37.25
38.01
21.37
37.07
39.82
17.75
40.29
37.15
37.1
30.49
41.01
29.59
37.42
35.42
26.19
44.48
29.93
28.41
39.18
43.7
25.88
39.68
40.25
36.75
36.7
30.56
25.96
41.98
41.51
22.61
40.44
35.71
30.99
36.3
37.31
25.56
36.96
43.87
29.95
41.26
29.03
39.33
38.84
37.84
33.89
29.34
39.63
26.15
29.18
44.84
39.26
27.93
45.6
35.22
36.08
41.44
33.14
30.46
39.51
23.68
41.46
35.71
19.01
40.63
39.7
8.94
36.62
44.15
23.13
40.88
33.43
18.45
40.12
27.51
33.39
43.04
34.53
31.4
32.32
36.59
32.82
31.84
35.67
40.82
33.68
33.02
33.75
32.33
42.55
37.16
29.86
32.08
33.18
26.51
43.78
41.03
27.77
42.46
37.1
32.4
39
38.08
27.41
40.91
34.42
33.31
41.06
32.95
34.15
32.15
45.8
34.06
27.23
30.34
36.24
23.59
33.53
36.97
24.19
29.35
38.29
32.36
33.87
27.23
28.26
28.79
40.08
27.64
31.08
41.04
37.04
36.41
39.85
28.85
31.12
36.68
39.48
24.5
42.37
36.96
25.83
36.79
41.89
33.78
36.09
34.26
24.14
41.51
31.43
26.02
40.42
39.26
41.81
38.36
35.25
28.19
29.43
38.24
29.79
33.84
31.44
30.2
40.99
36.15
29.5
41.98
40.21
33.4
43.71
34.61
21.28
39.1
35.05
34.58
41.21
30.53
44.22
39.7
30.35
38.06
35.99
33.55
36.28
34.45
32.43
41.08
39.04
29.56
38.41
35.71
31.13
39.26
35.26
24.54
39.16
41.24
29.78
43.04
33.59
27.31
44.56
27.72
25.55
38.05
34.24
31.28
38.14
33.68
24.53
37.83
34.62
32.35
40.98
34.28
27.78
40.54
32.81
27.66
39.06
29.18
31.92
43.93
34.49
26.63
29.13
35.27
34.75
36.34
35.67
33.21
28.16
44.48
33.56
40.17
32.36
29.6
41.65
36.12
34.91
40.33
32.36
38.5
25.31
36.02
36.19
29.38
28.62
44.2
41.42
31.43
40.21
33.67
28.6
32.09
33.41
26.53
42.47
29.03
35.06
37.93
40.31
38.23
36.05
25.65
35.69
35.91
35.69
32.69
39.03
37.13
29.67
41.55
40.89
35.43
43.46
31.33
39.43
34.42
42.65
37.29
37.24
22.97
36.42
41.43
38.09
31.46
41.83
41.67
22.08
43.61
29.77
36.67
41.69
30.98
41.25
40.1
31.79
39.74
37.85
33.07
37.99
38.79
31.78
40.27
36.95
29.76
43.62
37.96
34.35
38.02
39.27
42.26
35.7
39.33
36.63
34.45
35.45
31.95
39.93
38.43
41.71
29.67
42.71
34.93
30.67
44.04
35.69
39.97
34.67
36.38
33.88
34.61
37.31
36.42
28.39
37.04
35
22.96
39.07
32.79
36.4
28.93
46.34
39.54
22.84
39.03
35.09
34.7
39.96
33.89
32.76
35.74
23.75
37.59
41.71
33.85
36.85
33.22
39.63
29.35
33.1
37.72
45.63
31.46
40.55
42.85
37.05
31.32
41.07
38.18
27.28
37.82
33.45
26.99
33.34
35.83
22.48
39.31
30.53
30.82
38.72
28.98
25.31
34.31
30.67
29.47
25.32
47.63
31.16
30.88
40.96
35.84
31.12
38.04
41.6
30.2
42.47
36.81
41.13
33.44
40.59
44.55
31.4
34.14
45.99
38.18
36.29
29.35
40.67
31.36
26.55
38.4
38.61
26.84
42.29
39.07
31.79
41.07
33.9
28.29
36.63
40.7
25.45
40.16
42.06
27.34
46.6
33.91
18.94
41.53
35.53
32.3
38.51
30.53
27.53
40.25
38.71
32.31
40.06
42.56
30.77
41.15
35.49
31.42
36.33
38.35
31.42
37.93
35.76
30.47
39.88
33.29
22.56
40.77
37.29
33.04
35.09
44.73
27.15
38.87
39.09
36.39
40.16
36.56
29.71
43.83
37.14
27.65
39.86
33.68
27.72
35.8
36.75
27.18
35.33
39.51
25.22
40.9
32.19
37.82
30.94
32.88
38
32.92
36.29
34.09
38.19
34
39.89
36.44
30.7
37.15
41.41
29.55
38.15
32.49
40.16
39.56
37.4
32.91
38.44
34.9
37.1
39.73
32.21
42.01
35.69
35.4
43.13
38.3
26.51
42.69
42.74
23.65
40.64
33.35
33.37
38.3
39.49
39.62
42.19
39.78
29.22
44.34
41.37
37.68
32.97
37.07
39.94
31.68
33.29
32.71
41.56
34.21
35.65
33.43
39.2
36.51
38.02
35.14
35.83
34.23
38.32
31.71
39.05
42.42
30.31
36.61
44.79
37.4
33.44
37.61
41.8
35.29
40.07
35.58
41.46
41.22
32.2
27.13
28.24
30.39
41.77
40.44
38.5
34.81
39.92
39.8
29.05
40.33
40.55
35.41
42.63
32.36
44.5
40.2
28.05
41.91
40.87
21.57
45.16
41.91
34.08
39.7
36.49
33.21
37.14
33.33
39.79
33
30.44
40.82
35.66
26.32
39.02
33.89
39.23
35.07
28.29
44.08
32.74
38.32
29.76
32.11
33.82
42.65
28.18
37.04
47.65
29.54
42.06
36.35
28.88
44.05
37.18
30.75
42.21
33.37
35.78
37.41
39.14
41.01
25.58
39.88
30.05
36.71
27.68
26.76
41.97
26.14
42.65
40.45
30.77
39.22
38.65
30.79
39.29
31.09
19.48
43.7
33.62
31.03
41.64
29.17
29.09
38.76
33.77
35.94
40.57
30.1
27.42
48.07
36.4
26.7
40.12
35.89
18.92
37.49
36.31
25.26
39.95
28.26
22.63
37.48
38.84
24.23
36.58
43.04
26.53
40.74
32.71
27.07
38.18
37.29
28.06
36.63
41.41
28.66
39.67
28.14
31.51
33.62
37.17
34.53
35.12
35.9
42.62
34.12
36.47
38.29
39.77
30.72
37.48
31.96
40.63
41.39
33.53
36.04
40.33
39.33
32.04
43.86
36.11
32.93
45.35
42.99
30.57
40.38
30.97
30.45
42.11
28.48
34.53
23.95
39.95
31.21
34.78
38.83
30.7
36.87
32.35
29.66
33.84
30.06
32.88
36.08
35.13
26.7
36.05
32.73
44.31
25.44
40.62
36.02
38.85
28.62
40.95
37.14
41.9
30.85
29.91
40.6
32.21
33.65
32.1
41.61
42.1
35.16
31.6
41.36
25.77
38.2
28.92
30.59
37.72
36.38
34.74
36.33
34.72
41.1
33.03
24.89
42.12
37.89
28.66
45.02
40.07
30.09
42.56
38.86
36.74
34.97
34.34
29.74
32.24
37.75
38.1
30.11
39.17
29.75
31.91
32.55
31.6
31.68
36.66
26.07
35.31
36.95
26.94
36.75
30.19
28.91
41.93
34.7
34.03
38.88
37.02
40.29
27.68
36.97
33.04
37.27
27.07
32.29
43.16
28.71
31.72
37.08
39.19
30.09
42.56
38.15
28.69
37.9
44.61
25.46
41.85
43.41
26.18
43.29
38.79
28.7
41.59
42.63
35.69
32.23
36.05
28.8
37.42
28.82
34.46
37.92
26.86
38.22
33.36
33.71
39.74
36.26
29.63
33.33
39.32
25.44
34.36
41.63
29.34
34.31
38.54
34.27
31.08
37.04
37.15
39.4
27.1
35.51
35.77
20.62
43.41
34.48
22.54
40.2
33.23
31.66
41.43
25.67
39.95
35.98
30.62
38.58
39.65
33.75
36.66
27.76
29.48
25.77
48.28
34.73
31.16
42.74
30.82
27.97
37.07
38.98
28.47
41.38
36.38
37.27
35.81
30.12
36.95
30.33
34.29
39.34
37.15
28.39
42.22
34.23
32.48
40.18
37.32
38.82
39.53
31.94
37.81
26.88
36.61
33.04
26.64
35.9
27.2
39.18
30.18
22.45
42.09
34.66
31.39
39.98
29.81
26.58
38.65
38.76
35.62
31.64
37.18
35.44
36.04
31.1
40.18
35.44
36.56
31.8
40.09
36.41
28.14
39.77
39.41
28.64
40.18
32.2
27.85
40.04
35.57
27.53
43.47
36.1
40.97
39.74
32.18
43.66
21.42
40.14
35.92
38.1
40.73
34.79
34.8
40.74
21.07
45.19
39.13
28.85
38.21
31.71
32.47
37.17
43.45
33.62
38.67
30.93
29
42.64
30.86
30.8
37.08
37.99
35.14
34.22
33.45
30.18
32.2
37.93
29.9
37.74
31.5
28.64
35.87
38.91
28.68
36.46
36.35
26.28
35.49
40.09
41.51
30.18
46.93
42.07
36.9
28.65
42.51
41.03
31.75
30.41
43.35
30.08
37.18
43.24
29.2
35.42
28.39
34.81
44.33
33.19
35.12
39.12
35.38
43.86
34.28
38.36
37.24
37.52
33.34
38.52
38.24
37.79
33.46
31.13
34.96
37.07
34.38
32
41.74
41.86
23.24
36
35.87
19.46
45.97
31.21
37.82
35.07
28.03
37.47
43.34
27.17
41.57
31.58
30.87
36.45
44.17
31.88
34.41
32.08
30.89
37.37
35.55
34.73
34.2
37.25
30.41
36.32
37.67
24.57
41.22
35.62
33.36
37.25
33.9
25.36
39.3
41.29
25.47
43.5
37.66
23.83
38.92
43.78
23.26
41.54
35.77
31.51
38.24
36.71
24.87
47.18
31.31
25.61
42.19
33.69
30.86
41.69
27.05
37.09
37.9
35.84
34.86
37.27
36.73
30.92
37.2
38.91
30.71
41.74
34.9
27.4
42.21
33.7
39.91
36.43
32.13
35.78
35.2
33.44
34.35
35.22
38.59
28.23
36.61
37.65
36.74
39.25
27.11
36.76
33.57
21.21
31.55
30.4
37.96
32.08
37.81
31.65
36.1
33.87
36.58
35.92
40.4
31.62
26.81
44.72
30.84
32.85
38.66
34.82
26.89
40.66
37.49
24.37
42.22
35.69
20.72
41.19
44.79
32.96
44.77
33.31
33.05
43.13
39.29
30.37
41.95
40.05
27.4
39.09
35.76
23.42
40.97
40.91
18.1
41.1
36.16
16.15
38.54
31.59
20.7
42.25
38.18
21.34
41.78
39.99
32.38
40.18
34.91
44.72
31.58
37.6
31.97
40.04
46.45
37.34
33.84
38.53
30.04
40.61
37.64
34.75
36.71
33.02
39.44
42.65
27.03
35.24
26.56
37.87
36.4
35.72
36.72
36.77
24.49
43.99
37.81
34.23
36.54
41.63
28.11
39.12
32.88
26.56
42.37
35.81
28.68
39.79
35.48
43.4
32.96
40.99
40.36
31.76
35.95
34.31
38.09
34.9
31.14
39.5
34.9
30.46
39.89
40.05
35.14
35.19
31.97
36.78
37.41
29.77
25.3
41.63
40.65
30.02
32.98
37.75
38.44
39.3
36.38
42.7
38.15
36.87
43.79
39.31
40.45
39.98
33.88
27.83
37.3
42.11
26.83
30.21
35.51
34.87
22.37
42.33
33.09
36.39
41.96
31.68
44.57
41.74
34.44
29.88
42.47
35.05
26
38.58
34.04
32.34
37.64
35.46
32.52
46.61
42.31
33.9
34.37
40.25
29.79
40.27
46.18
28.74
40.91
37
37.45
42.26
34.31
40.38
42.41
40.58
37.17
41.09
42.6
39.84
31.94
41.29
33.4
41.6
36.55
36.37
38.79
34.41
40.67
35.31
32.2
39.1
36.98
37.09
32.84
41.07
38.67
39.13
29.62
40.6
36.64
29.45
38.48
42.63
33.84
36.88
33.76
37.61
37.74
32.6
39.34
39.1
36.41
41.25
35.86
36.62
38.61
39.31
37.73
38.18
34.29
37.35
41.76
37.68
37.98
37.58
47.15
34.36
31.55
40.02
28.77
41.71
42.5
27.32
37.07
40.99
34.53
37.23
29.05
28.84
32.38
33.16
35.36
30.3
36.16
28.03
32.93
31.35
34.58
40.46
24.2
41.98
35.68
21.95
46.16
31.19
23.29
41.5
38.32
25.15
39.37
36.84
25.23
35.59
43.74
27.89
45.1
34.86
37.1
38.84
33.74
41.77
30.56
43.59
26.62
28.77
45.71
31.19
33.05
40.3
39.19
32.8
40.8
39.09
36.31
36.09
39.32
34.74
34.44
36.13
26.68
38.57
36.71
31.44
40.28
35.57
32.94
41.49
38.92
25.82
40.25
32.14
41.2
34.76
43.2
29.24
40.13
36.54
32.44
40.83
40.98
27.46
34.06
34.03
35.81
26.68
30.6
34.67
38.06
37.15
34.25
42.13
35.72
26.58
39.2
35.05
29.99
41.02
37.96
39.12
30.11
33.52
36.71
32.75
25.23
35.84
38.24
40.97
39.66
29.21
29.57
34.35
27.33
26.1
39.76
23.32
42.07
28.36
25.69
34.02
38.31
28.51
30.36
36.8
33.83
41.59
35.55
27.2
29.69
39.28
30.66
40.63
37.99
28.9
43.11
23.37
44.51
37.32
32.37
36.58
37.88
36.46
37.25
36.95
23.1
43.01
38.7
23.63
44.31
36.06
28.76
42.21
39.52
24.45
43.12
39.25
35
40.26
43
32.25
30.92
36.29
39.45
36.95
43.23
36.95
32.46
42.23
26.67
44.35
43.48
34.17
43.31
39.83
41.49
31.13
39.57
30.74
37.07
30.59
33.4
34.28
30.92
42.89
34.99
38.33
33.88
39.45
35.59
42.88
35.3
35.01
38.32
39.36
33.3
30.6
44.51
33.35
39.57
35.59
36.52
33.76
32.33
36.12
42.69
30
39.5
41.03
26.91
31.79
38.04
38.44
20.97
44.53
40.55
38.66
27.71
41.98
37.19
31.07
40.22
44.5
33.19
39.78
38.06
39.04
33.59
27.26
38.16
36.51
32.58
31.64
32.1
31.24
23.26
42.72
28.37
33.76
40.45
26.34
34.05
36.8
20.66
43.48
34.86
24.88
41.86
30.12
35.29
40.68
36.87
35
38.39
27.72
35.53
41.53
38.41
35.78
40.94
29.48
34.76
38.61
38.47
40.42
32
28.71
27.91
39.32
34.26
39.4
31.77
34.85
28.87
32.47
39.15
38.05
31.16
36.89
38.12
34.95
39.38
34.1
40.57
34.11
36.17
27.42
41.8
35.44
24.63
46.11
34.2
30.43
44.85
42.27
32.81
37.87
34.58
35
31.82
37.52
26.74
38.43
35.96
33.44
33.71
32.47
32.59
28.66
37.11
39.5
33.61
35.74
31.1
39.33
38.16
32.52
32.27
36.8
39.72
30.99
35.26
32.22
32.39
42.63
38.26
34.91
34.68
39.65
36.98
38.1
38.65
40.71
33.48
40.99
35.45
31.15
43.2
34.08
29.96
45.02
35.35
33.97
38.1
36.76
42.11
34.48
34.24
37.03
41.2
35.81
34.34
36.7
44.58
28.6
42.17
37.09
33.48
31.18
41.02
34.23
33.05
43.71
42.82
36.58
40.95
30.44
39.37
37.36
24.64
42.51
37.9
38.35
34.04
35.6
33.6
44.1
27.89
33.21
36.84
35.49
41.41
29.93
43.17
41.53
32.46
37.98
44.62
31.97
32.9
39.51
38.51
35.02
33.36
33.92
32.64
38.95
40.6
27.4
32.19
32.38
37.35
41.67
38.57
21
36.62
37.77
32.41
29.85
40.26
35.77
31.93
38.57
35.73
22.92
41.36
37.36
26.68
39.85
30.63
31.03
43.3
37.34
27.17
41.49
33.95
30.22
38.15
30.76
33.79
39.65
38.99
37.67
37.93
36.37
35.96
34.87
38.25
38.21
32.04
38.44
34.13
38.83
34.94
42.55
34.41
39.08
42.26
39.94
36.02
35.07
37.35
28.79
34.27
37.61
39.96
33.55
39.37
31.05
37.07
38.31
33.07
39.09
33.24
35.21
38.86
37.9
37.19
43.18
32.2
42.31
27.11
32.36
37.47
30.11
29.66
40.22
39.93
29.09
38.45
33.96
38.3
31.98
24.5
37.89
33.96
29.79
39.01
30.33
35.94
32.72
37.53
35.87
31.21
38.35
32.85
34.55
33.69
32.28
37.99
33.35
31.85
35.34
35.74
30.64
35.99
35.68
33.38
35.58
35.41
44.19
33.36
33.96
38.97
30.71
42.07
32.15
40.17
29.47
27.57
38.99
39.69
35.53
32.91
39.83
40.17
32.4
40.46
44.08
38.84
37.28
34.71
36.03
40.41
44.87
23.25
44.25
40.52
38.17
33.97
37.34
36.11
40.87
32.24
40.09
34.42
37.93
43.16
32.98
38.43
36.38
42.79
36.96
39.91
37.44
34.41
43.08
37.15
38.7
41.13
33.98
42.2
31.07
36.23
31.79
29.3
41.4
31.8
29.98
45.18
27.66
36.87
41.06
30.15
38.71
36.58
33.73
39.65
40.7
29.15
36.93
42.62
37.44
37.35
37.23
37.81
40.85
42.94
35.8
31.14
41.06
26.96
42.52
35.35
30.84
41.27
36.74
20.81
45.12
39.93
30.23
40.7
36.02
26.97
41.54
40.46
23.68
44.3
35.51
27.97
46.35
30.65
29.81
40.72
35.35
38.17
37.34
31.32
40.83
39.59
25.01
34.31
36.65
22.82
29.68
35.92
42.84
35.49
36.78
34.27
35.63
42.45
26.73
25.74
41.97
33.63
25.62
41.37
37.37
25.89
42.91
44.39
24.17
41.66
40.2
26.65
41.8
45.32
24.95
39.75
40.57
30.99
42.35
35.8
29.83
36
34.47
39.91
36.01
32.1
35.7
34.8
40.88
41.6
29.03
44.72
30.87
27.09
37.69
33.33
31.14
41.02
38.85
28.38
38.63
33.05
27.5
36.42
32.11
30.45
41.42
36.74
33.34
40.81
37.36
26.52
39.97
39.62
32.7
42.53
39.82
27.45
44.96
35.86
32.85
38.72
38.47
31.98
42.17
37.95
39.98
41.89
41.22
37.55
33.94
34.77
42.14
32.12
41.13
33.84
34.95
33.15
36.5
34.33
30.09
44.72
33.19
25.64
37.09
38.96
33.48
45.35
31.13
31.72
39.05
32.88
36.55
37.11
28.62
37.22
35.55
35.44
26.41
43.46
37.31
32.51
42.95
34.85
32.85
40.32
34.4
23.91
39.82
31.44
41.05
39.69
31.29
23.48
40.42
42.45
26.45
37.08
38.49
27.14
41.14
34.91
28.04
41.83
34.79
36.92
37.59
28.17
33.77
30.84
31.25
34.81
37.43
27.95
32.01
27.32
41.9
24.54
37.62
33.35
30.98
45.17
32.94
23.61
41.85
37.57
34.86
28.52
36.21
34.4
20.16
41.4
37.15
21.2
45.02
39.12
35.76
31.6
37.38
43.47
34.45
41.34
32.46
42.08
36.54
34.63
42.13
38.99
39.58
38.4
38.61
27.79
46.4
37.24
34.57
41.54
36.24
35.16
40
39.04
34.54
28.31
36.15
39.4
33.72
37.51
33.49
37.53
36.83
36.78
35.07
36.5
35.95
37.88
39.19
28.86
36.39
39.28
31.62
41.62
37.45
31.81
42.49
37.1
32.17
40.3
39.26
33.47
41.22
33.05
38.13
41.61
36.09
41.45
31.74
37.11
41.56
26.85
36.78
37.79
24.95
33.23
31.31
33.71
37.25
31.28
36.11
32.72
36.21
40.7
33.98
39.03
33.46
33.95
40.55
31.39
40.42
37.53
35.71
38.06
43.93
31.98
27.18
41.77
41.55
26.19
43.87
36.73
33.18
39.47
37.55
29.83
41.95
36.36
38.5
37.1
38.93
37.28
36.59
32.64
41.13
38.97
35.85
39.57
37.67
38.47
38.29
39.79
34.57
34.27
36.56
39.19
27.65
33.79
43.41
31.48
35.21
38.81
33.6
37.39
33.53
21.18
41.75
37.01
39.29
40.9
36.6
27.32
37.3
42.3
26.52
42.57
33.93
27.6
41.79
36.85
26.47
43.24
31.76
33.27
35.33
37.21
26.93
40.18
35.63
28.06
40.28
37.45
28.15
41.32
38.86
30.57
44.48
36.15
25.39
41.26
38.92
28.08
43.63
35.98
24.07
45.3
27.89
25.18
42.92
35.76
29.08
39.75
36.62
31.97
37.55
42.88
29.4
40.45
39.15
29.21
41.51
32.48
23.61
36.27
37.8
37.89
32.03
36.37
22.53
43.35
37.55
30.76
38.73
35.92
31.21
42.47
37.62
26.92
43.18
34.65
25.48
45.79
33.73
28.52
38.68
41.81
29.81
41.7
40.43
29.48
40.39
38.46
25.63
43.48
35.37
28.92
42.8
31.71
27.99
36.43
39.33
19.9
38.95
38.58
26.4
42.26
35.49
27.4
41.55
26.35
24.98
38.31
37.06
26.78
39.71
41.99
31.62
46.3
31.43
33.83
41.71
34.1
26.68
42.1
37.09
28.45
41.42
36.46
28.64
45.63
32.26
32.21
39.13
36.65
30.77
41.22
32.01
29.59
37.71
35.4
31.44
34
42.73
26.23
44.4
34.2
30.88
35.83
38.11
26.27
38.76
36.85
29.7
36.53
28.89
24.67
43.08
38.69
30.25
38.53
31.8
23.53
39.79
31.77
30.25
38.03
32.74
34.15
36.51
34.64
32.72
28.23
37.45
30.83
37.56
33.28
34.33
38.9
33.79
35.99
39.21
33.9
27.14
39.16
37.52
29.11
40.21
35.1
26.14
41.59
38.65
24.02
42.42
32.1
36.71
27.96
39.33
34.29
32.72
32.09
31.51
42.52
35.38
28.38
41.49
38.51
33.4
35.46
41.98
24.84
43.5
39.99
27.71
43.26
30.71
29.77
44.32
38.91
30.48
40.75
42.36
31.26
42.31
37
28.6
45.07
35.06
33.3
46.12
30
35.24
35.33
41.23
41.23
31.21
40.15
29.9
39.24
42.55
22.33
42.64
42.4
29.04
42.63
34.52
28.77
41.55
26.14
27
42.9
40.99
27.75
42.57
32.61
22.84
45.02
25.47
33.8
25.89
33.77
34.03
26.67
44.38
38.27
26.12
40.35
35.82
34.29
42.92
31.2
39.3
35.24
32.89
41.46
29.6
33.41
39.99
31.82
29.23
40.53
32.24
26.51
43.93
35.35
32.52
44.05
35.21
37
35.11
33.6
37.34
35.23
36.05
39.17
39.44
36.46
37.39
26.4
44.93
35.89
31.21
41.53
35.18
31.71
43.34
29.92
31.82
35.82
35.69
24.74
35.21
37.57
23.82
40.06
31.71
29.72
41.88
34.36
30.59
39.43
36.98
29.3
44.06
37.3
29.29
42.79
37.8
36.99
39.77
36.36
33.14
34.29
32.41
41.79
37.15
31.12
37.19
45.08
33.11
40.67
34.85
26.1
39.89
41.09
30
45.54
30.57
34.35
40.28
32.49
40.96
39.04
33.3
34.98
30.76
44.01
29.5
39.62
34.46
35.91
36.64
35.97
28.91
36.14
35.6
37.93
25.84
38.73
32.63
31.46
39.93
29.32
27.92
34.69
32.74
30.88
42.4
29.67
41.2
40.11
33.28
42.93
33.72
35.19
39.89
40.03
38.71
27.59
44.94
38.55
29.04
40.14
38.41
36.65
36.5
34.15
43.15
39.68
38.04
41.61
32.07
34.1
41.01
33.75
34.66
33.49
43.35
36.17
44.42
33.78
36.46
42.29
33.85
37.51
39.56
33.15
39.65
38.27
36.8
36.77
38.02
35.59
27.07
44.04
33.57
36.13
42.78
29.67
36.23
41.04
30.23
27.47
38.53
36.23
37.08
39.63
34.67
29.97
36.83
31.96
29.18
38.17
39.82
26.52
41.9
32.07
30.08
41.37
32.82
25.57
46.23
34.22
30.69
41.13
36.77
37.51
26.53
39.67
