9.85
6.73
10.28
14.57
18.17
1.95
22.48
4.35
16.38
14.57
9.11
0.68
10.32
1.32
7.59
19.65
1.3
5.22
0.28
21.36
4.8
2.12
12.89
3.38
13.59
2.93
11.19
9.97
12.79
0.97
13.68
-2.59
14.38
-4.81
6.57
-5.09
6.21
8.01
18.41
-1.55
14.1
-4.3
4.15
-6.85
13.99
-9.21
16.87
-8.78
17.91
2.97
11.34
-2.44
10.98
1.08
21.19
6.1
11.98
6.21
12.91
15.79
13.3
8.41
3.4
10.69
1.25
15.84
4.86
10.22
1.2
19.78
15.91
11.68
3.73
-4.45
13.94
10.57
10.66
5.92
13.44
3.02
13.4
6.08
17.33
-3.47
14.7
-4.55
12.33
-8.09
6.49
-1.06
13.58
0.27
10.68
-6.54
15.54
-8.95
17.49
4.96
11.73
-2.48
13.18
-4.07
18.38
-6.68
12.4
9.04
14.61
-1.13
16.69
4.02
15.35
6.11
10.71
0.16
7.79
-4.08
13.5
3.98
6.51
6.8
5.61
10.63
4.3
12.01
6.82
3.69
14.9
15.79
17.19
5.78
14.11
10.38
6.55
8.73
13.5
4.81
12.62
2.06
11.92
12.31
2.59
10.96
15.64
12.26
5.54
12.22
1.03
8.64
13.42
12.81
6.66
17.4
2.12
12.28
-2.83
14.91
-2.99
3.29
6.75
-5.53
0.54
-1.47
-8.24
-4.25
2.68
5.24
2.57
5.49
5.22
1.41
-2.31
-1.32
-0.2
-1.65
5.13
-16.75
1.68
-7.02
8.65
0.17
-1.53
-5.07
-7.8
2.63
-2.63
1.48
0.8
3.28
5.38
-8.95
6.17
-9.64
4.23
2.98
4.16
-3.57
6.42
6.48
3.66
11.92
6.49
13.05
9.91
5.23
12.04
-2.07
15.72
7.96
11.21
3.97
5.75
18.5
6.33
9.49
2
10.31
-1.98
6.36
1.61
7.44
6.7
11.03
-5.66
9.61
0.57
-1.41
5.19
0.56
6.14
1.54
-5.46
6.79
-9.43
7.58
-4.48
-8.81
-9.94
-0.27
2.49
-0.78
2.26
9.47
1.05
-2.13
0.65
4.48
5.92
15.44
-3.04
9.25
4.09
-2.09
-7.67
6.76
6.89
9.59
0.12
-2.08
-1.61
-3.67
1.48
5.95
6.62
-1.06
0.24
6.86
-1.25
11.19
1.99
11.49
0.53
8.02
-7.88
19.27
7.91
9.02
9.34
-0.87
11.61
1.94
-1.65
-6.1
2.72
-0.56
3.79
3.04
2.12
0.4
5.01
7.62
9.09
18.23
7.08
4.88
9.2
1.06
2.79
27.47
-5.46
12.61
14.82
14.34
-2.44
21.92
3.76
16.35
2.83
8.95
4.74
30.98
1.41
10.09
-4.09
15.7
-7.66
13.67
-2.46
9.85
8.63
12.97
4.02
10.08
3.76
16.78
6.99
15.85
4.25
12.57
8.54
13.73
-4.14
14.18
5.11
14.91
-1.65
21.73
8.74
20.42
8.39
19.24
0.73
22.37
4.05
19.11
3.06
6.05
6.58
-2.11
-2.22
6.84
7.25
7.33
-0.83
10.75
5.61
-1.27
-0.02
6.42
4.41
0.15
9.81
8.68
5.2
16.88
13.6
-0.3
15.85
14.07
18.05
11.53
6.5
16.47
10.47
-1.48
7.57
0.23
2.1
8.46
12.5
2.87
13.04
-0.68
1.5
5.27
15.02
0.59
19.46
10.7
13.04
3.27
9.84
-1.52
8.69
9.99
11.35
4.55
11.73
10.79
5.4
6.86
2.49
5.81
2.5
14.64
16.42
2.34
-0.93
3.34
8.12
2.54
1.41
2.55
-0.89
2.02
-2.33
4.69
2.68
4.72
8.96
-5.92
12.68
9.86
13.37
14.12
13.98
1.71
3.47
2.59
0.25
0.18
14.46
-7.59
21.18
-9.29
8.14
2.93
19.6
-5.42
18.66
12.7
13.58
15.79
16.08
7.75
4.72
1.55
-2.63
5.27
7.06
15.51
-0.74
3.12
13.05
-3.35
0.43
7.29
-0.27
7.25
-4.62
-1.44
2.89
-2.8
4.82
21.22
5.53
4.41
10.08
15
5.93
-0.63
6.39
4.33
2.9
-1.86
-3.82
13.91
13.09
7.54
-4.67
4.37
-4.91
1.58
6.83
-3.37
-7.1
-2.04
-9.32
21.65
-2.1
11.8
-2.45
7.53
4.22
16.7
2.51
16.34
10.28
4.62
6.74
12.94
5.73
21.41
18.85
19.56
7.06
14.54
4.79
12.72
-5.98
16.66
2.39
18.85
10.28
-0.17
17.78
7.59
19.07
9.71
19.83
-6.45
12.76
16.16
15.2
16.44
3.81
7.18
16.08
10.63
9.55
10.71
15.82
-0.04
12.69
-0.3
14.31
-1.46
9.45
6.37
31.56
8.94
22.1
-5.77
15.67
-7.19
24.12
-4.58
13.93
9.4
-1.2
-6.93
3.07
2.27
-2.11
3.69
-0.53
6.6
1.04
7.36
6.03
10.1
0.93
9.49
14.69
5.86
12.5
3.38
12.86
12.79
4.16
3.81
5.55
9.05
12.34
-4.23
3.44
10.24
10.22
13.1
15.56
20.28
16.21
27.1
27.68
14.96
13.41
20.1
13.92
12.19
16.31
15.92
21.23
9.17
-11.32
8.35
4.17
19.58
1.6
10.29
2.58
7.45
-3.57
-2.02
-1.62
-1.02
8.67
5.32
10.92
-2.25
7.82
2.92
3.74
-5.4
-1.8
-6.64
-6.48
-1.51
-2.73
-7.22
-8.41
-6.15
3.5
-3.05
3.72
1.56
-2.76
13.58
0.79
3.92
11.67
-2.02
4.75
-3.53
10.95
2.26
14.35
7.87
0.96
-10.44
18.07
-2.16
7.48
3.84
9.44
-2.3
18.31
-7.07
9.27
-4.25
2.85
2.96
-6.01
5.54
10.79
13.38
5
12.52
7.75
5.74
2.48
11.02
7.62
4.81
9.42
2.05
5.13
-9.44
7.9
-9.01
0.6
-1.71
-0.97
-11.4
4.07
-6.7
8.19
2.92
-2.45
2.71
7.83
3.63
10.06
3.42
12.21
-0.86
11.96
2.66
7.52
-3.79
1.12
-0.69
0.44
7.15
2.65
2.75
0.09
-4.02
-10.63
7.58
-2.03
-1.9
-9.85
4.97
7.64
2.08
6.99
3.31
6.95
1.89
1.43
6.54
12.29
12
13.04
-1.6
9.37
21.67
-5.39
13.56
4.21
24.15
-0.72
23.89
1.46
17.68
4.77
11.18
0.55
6
-0.86
7.64
5.07
8.72
6.93
4.92
-2.32
8.54
2.95
3.38
1.41
-0.78
0.62
2.18
10.61
-1.52
11.37
0.05
8.91
7.53
6.73
4.54
16.74
2.3
3.26
5.1
6.44
2.64
13.42
5.58
8.76
5.78
9.89
-4.72
10.17
3.15
7.39
-6.29
9.34
0.38
6.34
8.46
8.05
4.98
13.21
0.49
13.04
0.75
12
4.12
21.59
13.66
19.99
4.99
15.53
7.31
14.41
9.16
16.33
5.34
6.76
2.33
10.64
-7.97
18.26
5.45
20.74
-0.97
21.92
9.26
8.55
-8.6
14.19
-12.17
4.56
2.66
2.83
-17.47
5.28
4.09
-3.49
-7.41
0.71
-7.44
-1.94
-3.88
-8.04
-9.2
-0.56
-3.15
1.44
0.74
-1.49
-6.01
6.32
1.14
0.58
-1.54
-4.59
-2.63
-0.09
-4.22
1.41
1.76
5.34
-0.44
12.68
-1.05
-1.27
3.97
4.17
-0.32
6.9
-5.92
4.61
-0.93
9.41
-1.21
7.88
-6.14
0
-4.32
2.5
-1.77
5.08
4.73
11.53
-8.18
-9.58
-1.77
-3.35
-1.65
2.63
5.24
8.14
-0.39
3.68
-10.49
25.46
-2.85
17.46
6.12
18.22
-4.94
6.39
-0.55
5.6
5.82
1.29
3.37
4.61
-0.02
-3.15
10.81
3.1
-2.89
10.18
4.9
6.43
5.28
1.2
7.26
2.46
0.62
-1.66
0.7
8.06
1.23
13.33
6.88
5.68
2.34
-4.31
-1.89
3.42
-8.6
3.33
-8.91
0.97
-9.52
12.07
7.28
4
0.57
8.22
-7.22
-7.9
-9.38
-7.54
-8.82
2.49
-0.44
-6.24
-3.09
-6.76
4.63
7.35
3.42
10.66
12.91
15.07
6.99
20.25
12.8
9.6
-1.5
9.5
1.52
18.53
3.18
12.43
5.34
21.65
1.62
6.18
-2.5
21.76
-5.32
9.21
5.56
4.88
-5.52
13.37
-1.28
13.44
-8.04
21.12
0.84
18.05
-12.97
9.26
1.58
15.28
11.2
3.12
6.6
6.29
-4.18
3.64
4.31
10.5
3.13
17.83
-1.01
3.96
1.92
-1.07
4.61
-1.57
-2.49
4.76
-6.72
15.26
5.65
12.11
4.24
11.79
3.91
-12.96
7.51
7.93
5.15
17.03
-5.87
15.46
-4.67
13.27
-7.14
26.03
3.99
17.93
5.45
16.38
1.35
19.24
4.45
16.15
15.33
17.59
4.34
6.7
20.39
-1.78
8.42
-7.06
14.89
14.49
12.88
-3.09
0.89
-1.62
17.13
4.51
12.59
6.62
6.25
15.73
9.34
5.2
11.3
9.24
15.67
5.05
21.41
4.51
24.1
6.99
9.01
-0.35
14.92
3.7
15.9
-1.53
14.85
-6.18
19.97
-1.44
10.68
2.65
18.4
-1.68
11.86
-0.1
22.86
8.47
19.28
13.37
21.31
10.27
15.53
10.46
19.08
5.7
16.89
10.34
6.35
8.37
7.95
5.61
8.47
16.95
16.71
9.28
24.33
5.43
13.97
-3.93
14.63
-6.66
15.71
0.77
13.37
1.04
4.87
4.95
11.01
-7.87
6.16
0.47
16.42
-1.44
23.98
-5.21
14.41
7.49
20.95
-7.1
19.35
9.05
11.61
7.29
0.91
0.68
-0.35
3.27
-0.41
-2.17
-16.99
4.72
-7.64
-2.42
8.06
0.47
-3.39
5.56
-2.91
7.66
9.89
7.78
7.65
-3.13
17.26
18.07
8.12
11.38
0.51
3.8
4.86
15.07
6.45
22.34
8.49
12.89
5.43
-0.5
-3
2.04
8.55
14.38
3.28
1.58
-7.35
6.5
0.21
3.68
-0.73
3.82
-0.79
0.49
-8.44
-6.48
1.55
1.65
10.25
2.33
-1.21
-3.05
4.24
2.92
-5.46
7.6
-13.22
4.44
7.36
-5.76
7.06
8.24
6.88
4.85
3.9
10.91
7.61
1.18
-12.64
8.49
-4.46
11.76
-4.42
4.3
-3.79
6.43
6.02
10.67
15.66
2.75
7.54
13.41
10.21
1.77
5.46
-1.86
5.67
-11.79
-2.6
-13.16
20.7
-0.35
4.62
11.14
-1.93
2.88
3.96
7.17
8.56
12.87
-5.12
16.97
4.43
15.28
-1.22
11.63
8.07
25.04
5.59
16.74
0.56
28.25
4.08
7.91
6.64
9.64
1.1
8.22
2.87
0.62
5.15
10.04
12.92
-3.18
11.33
1.83
5.03
6.84
0.08
-4.6
-6.72
5.77
1.58
5.19
3.77
1.93
3.34
-3.48
1.29
-6.58
2.6
0.69
-0.31
-10.06
-2.6
4.56
7.54
2.69
4.61
5.63
-3.75
14.07
6.75
13.18
8.71
22.75
-3.11
10.21
3.02
22.56
-7.29
17.27
-3.15
-2.33
0.1
-2.16
3.01
-4.68
3.87
0.49
-0.58
3.84
0.92
7.3
-7.02
2.88
-0.13
-3.18
3.49
21.26
2.64
14.44
3.61
19.78
12.1
9.07
7.94
14.76
-0.95
13.07
3.23
17.31
1.85
9.64
-5.2
10.56
-4.76
8.68
8.04
10.89
6.86
9.98
7.14
4.5
8.91
9.75
5.62
9.19
-2.85
7.41
-1.83
13.26
-1.59
8.75
-1.51
11.72
-5.76
23.85
0.01
15.98
-17.36
18.48
-0.49
5.74
10.35
21.96
7.69
12.08
10
17.89
0.24
15.45
8.08
12.47
5.48
16.06
10.35
12.76
3.11
7.56
1.85
4.34
5.35
10.53
4.14
16.03
0.85
18.02
11.97
10.11
1.95
13.76
-2.41
4.03
3.9
4.01
6.61
1.53
-5.44
-2.53
-8.26
0.27
-5.31
-8.52
-9.56
-4.95
-7.94
4.91
-2.36
-1.56
-3.25
-3.86
2.23
1.89
0.62
-4.71
2.45
2.06
-4.22
-0.7
3
6.01
6.98
10.59
1.81
-0.48
5.94
-3.72
11.44
-5.17
3.28
3.75
3.14
2.12
6.76
6.88
-6.09
-6.09
5.61
-4.78
6.47
3.48
3.37
-6.02
2.22
-12.61
-6.19
-8.38
4.14
-13.22
10.55
-7.97
5.83
-11.1
-0.82
-9.27
15.02
-2.29
3.16
-3.41
5.49
-6.06
5.46
-2.14
16.4
-0.09
12.88
-0.49
2.1
-1.42
-1.88
7.84
0.74
3.06
3.9
-5.77
7.6
-0.47
13.4
3.06
8.24
-3.24
14.9
8.44
17.18
11.22
3.22
-5.57
5.8
10.42
8.96
-3.78
4.4
-5.54
19.78
-9.24
23.52
-7.7
22.72
-0.53
-0.83
-1.4
-6.7
1.88
-11.25
-2.79
1.52
-0.03
-8.42
2.61
-1.06
-1.68
3.63
-2.95
13.5
9.51
6.24
5.06
2.11
12.3
1.81
-2.43
3.74
3.18
3.8
-0.15
1.34
-4.03
6.12
-0.08
12.3
-0.18
-1.32
2.62
9.81
-0.19
4.97
-6.09
4
0.77
4.01
2.53
8.46
-2.93
-2.17
-2.29
10.31
-8.85
4.77
-0.16
-6.12
-3.2
1.65
-9.79
0.7
-2.5
2.73
-0.05
3.14
-5.32
-7.48
-5.4
-5.69
5.18
-4.54
2.41
10.3
-0.17
9.31
7.17
1.79
-2.6
5.75
4.66
6.13
-4.93
14.67
-2.46
3.62
5.1
5.38
4.65
2.78
2.31
14.32
2.87
10.1
-1.41
11.81
2.21
3.16
1.39
3.31
3.45
6.66
-6.93
2.01
4.46
-6.22
13.38
10.78
14.12
9.97
8.83
12.25
13.85
5.19
7.75
8.67
15.74
-0.45
1.56
1.61
17.15
-11.88
7.48
-4.05
11.61
3.05
3.33
11.51
12.6
11.11
8.53
4.53
13.67
6.65
13.62
-4.58
8.81
0.75
9.22
8.57
-0.14
14.29
9.29
14
11.58
11.06
15
9.72
9.6
9.49
25.19
4.72
19.41
1.37
14.64
4.14
18.48
6.59
17.36
-2.4
25.45
-6.95
12.13
-12.87
11.89
2.83
12.52
7.35
15.07
5.12
15.94
2.07
7.48
18.23
15.34
13.09
9.4
9.72
14.3
4.29
8.45
14.31
15.41
7.34
7.65
5.29
13.94
4.94
11.64
3.51
16.06
-6.43
13.73
-6.43
19.44
3.43
14.6
7.38
21.89
9.07
13.83
1.61
11.76
4.14
4.25
-6.21
7.56
-0.17
11.42
-5.51
13.03
-15.35
14.58
2.33
10.01
2.68
12.97
5.26
21.33
4.95
8.83
3.07
13.75
-0.18
16.86
7.22
14.58
11.24
13.48
9.31
7.76
11.42
19.82
7.44
11.63
10.71
18.24
-2.31
15.1
11.41
13.21
16.15
21.93
-1.78
15.62
13.77
27.84
6.93
18.22
-6.03
26.1
-5.02
14.71
11.85
12.47
5.39
1.61
1.27
12.42
7.33
14.44
15.04
7.69
-7.64
24.85
-7.5
23.76
-2.32
16.79
3.81
15.91
3.88
18.62
6.29
10.75
-3.48
11.04
8.11
12.46
5.68
27.4
3.38
5.51
14.25
-0.06
9.37
11.57
15.14
11.53
11.88
8.94
9.63
25.9
3.17
16.93
1.35
12.32
9.8
13.68
5.3
9.69
-6.65
6.51
-1.09
0.86
7.08
12.55
-0.8
2.7
-16.98
7.65
-0.24
4.73
7.76
2.29
8.85
2.59
-3.42
5.43
7.19
6.16
6.2
0.37
11.13
-6.56
7.88
9.51
13.78
1.35
13.56
7.96
7.78
1.72
9.96
1.35
6.76
-4.87
3.19
-2.99
8.25
0.53
16.37
-3.48
10.86
4.79
5.39
2.05
13.57
5.77
11.99
4.2
12.4
13.17
14.32
-0.31
7.81
-3.8
3.63
4.5
2.89
5.34
9.71
8.77
14.51
15.94
8.58
16.3
6.74
8.76
8.51
8.96
-4.98
11.85
-0.57
8.24
-1.65
3.83
2.26
14.34
-2.7
8.96
-5.85
11.46
9.8
8.95
10.6
3.54
7.75
10.27
17.35
11.59
11.36
0.13
-1.69
4.65
3.2
13.5
-2.2
20.03
2.31
18.42
8.27
4.59
-1.46
1.9
8.26
6.37
11.3
2.07
15.74
15.11
8.76
16.12
18.34
20.39
7.35
17.61
6.94
23.03
8.23
11.87
17.21
9.76
17.02
9.21
20.25
6.34
22.71
15.77
17.18
16.87
8.57
5.64
3.45
-0.26
1.8
4.04
8.25
8.82
4.42
12.51
6.54
2.58
-5.64
14.52
-1.85
17.7
-2.66
17.93
12.67
6.99
17.73
17.51
1.3
11.33
1.2
10
5.93
11.84
-4.26
13.8
-4.38
13.69
-1.61
9.55
-4.16
7.88
-1.34
-5.25
-4.03
-9.44
0.18
-2.41
2.43
-4.85
11.92
-12.16
1.03
6.07
3.25
-0.09
5
9.47
1.1
12.29
-5.57
17.82
4.3
15.85
-1.57
10.46
-7.29
9.18
-7.46
8.87
3.04
16.06
-14.87
15.28
-10.92
20.52
3.73
11.06
-2.77
14.33
-0.22
7.96
-9.07
14.87
-4.23
22.46
3.54
18.69
3.09
12.11
1.53
8.06
-2.16
15.33
11.62
14.76
-6.89
20.29
-6.95
10.38
4.16
17.25
8.56
7.94
5.41
15.87
-0.6
29.98
5.68
11.89
-1.24
11.53
5.7
-0.55
4.28
0.08
2.81
0.63
3.78
20.73
3
13.12
7.58
7.65
2.75
14.61
9.86
0.21
16.19
-0.98
0.87
1.3
3.59
5.29
12.03
0.13
0.18
1.18
-2.66
8.45
3.1
2.39
17.05
5.19
-3.42
-2.41
5.31
2.06
8.09
-1.97
0
3.31
7.8
-4.2
7.42
-2.51
6.55
9.94
5.84
0.37
3.44
-0.01
2.41
1
-1.93
6.37
0.55
0.66
-9.54
1.86
0.56
3.64
6.21
10.96
3.99
7.35
2.19
-0.65
7
3.45
-0.11
5.29
11.46
6.38
8.22
1.24
-1.77
3.53
8.95
2.09
7.5
3.53
13.07
0.74
12.33
-2.89
12.97
-8.86
-0.2
-7.84
2.46
-4.4
3.45
-2.89
-1.43
8.58
0.21
2.97
-2.67
5.02
-7.76
5.22
-9.02
9.89
-8.96
11.93
-4.39
10.88
-11.32
6.02
-0.4
-1.46
-8.4
6.95
-13.57
13.75
-3.93
15.6
-12.32
8.61
-4.12
4.1
8.7
1.54
1.91
10
9.04
5.25
7.01
7.01
12.48
2
16.64
16.37
11.21
9.62
19.86
12.56
8.28
9.97
-0.23
13.65
8.44
9.65
5.52
14.68
0.05
16.47
-6.78
17.03
6.1
14.34
6.04
9.85
21.86
11.12
2.42
8.05
2.07
9.88
8.49
14.25
12.77
5.36
-1.55
18.44
3.27
14.33
4.38
14.68
1.9
17.93
5.77
24.19
-3.29
22.96
-1.02
18.58
6.68
22.65
-6.21
26.51
7.36
22.3
2.09
17.2
1.55
15.55
17.17
6.69
1.26
0.54
5.85
-5.82
6.12
6.23
4.78
9.56
11.22
-2.86
7.87
-1.67
1.79
-3.4
3.52
-18.8
0
4
-2.49
7.89
-2
20.89
-0.39
22.77
-1.78
19.05
0.61
23.3
1.28
15.01
-1.47
19.49
4.06
17.61
5.02
4.43
-1.51
0.53
4.58
11.35
11.1
2.49
1.92
-1.57
0.82
-0.59
-15.69
7.2
-4.22
19.26
6.37
5.84
7.85
9.47
0.96
1.83
14.38
4.05
2.84
3.89
8.79
-0.53
-1.36
1.29
7.64
-3.56
12.63
3.64
6.29
1.98
5.03
1.06
-6.93
-3.8
10.12
-2.01
1.3
-2.86
4.87
6.51
-4.67
10.39
3.68
0.43
21.48
5.23
6.83
0
9.77
-7.18
-8.25
-5.57
5.33
-6.93
4.33
-7.36
13.79
-0.21
-0.36
-1.38
8.11
-8.21
21.05
1.43
16.64
-3.74
7.62
-12.22
20.97
-8.11
2.68
-7.94
6.15
-5.18
8.52
-3.21
-0.36
1.75
2.08
16.49
6.13
5.53
-1.19
1.26
-3.23
-0.54
6.33
-4.45
5.48
-7.51
7.26
2.88
7.12
1.43
4.53
4.13
-2.83
3.21
-1.39
3.17
14.41
5.75
3.2
-15.86
13.79
8.01
15.64
4.83
4.71
-2.4
7.6
-9.34
5.53
7.88
-2.91
15.77
9.09
12.58
1.29
24.45
11.95
14.18
9.19
14.48
3.32
16.31
6.81
14.72
13.64
17.8
4.86
22.61
11.01
13.3
11.56
15.11
12.67
15.73
15.01
15.71
19.32
8.98
6.51
18.39
-0.91
4.16
-6.46
18.07
1.75
13.56
4.56
19.05
14.16
20.35
2.58
21.94
6.84
23.1
-0.4
35.58
1.21
13.51
-6.9
22.24
-2.06
15.64
5.84
21.8
11.75
22.4
-2.69
12.26
6.69
6.28
12.47
10.79
3.48
9.45
-6.6
8.28
-5.27
14.29
4.51
5.62
7.41
-7.53
4.9
0.97
6.91
3.95
0.58
7.91
11.67
5.88
0.88
8.5
-1.66
1.44
-3.66
0.47
-4.88
-0.16
-0.7
0.87
3.3
-4.42
9.67
-1.3
11.23
-8.84
8.26
-0.92
10.76
3.91
7.27
-0.68
16.25
2.6
8.98
-6.63
0.24
-0.6
-0.97
-6.02
1.02
-0.39
1.79
8.42
3.55
2.19
2.47
-6.13
3.77
10.72
9.63
15.6
18.01
10.86
10.14
14.58
8.77
5.69
3.65
2.96
7.84
8.72
3.35
8.83
7.79
6.09
3.74
0.77
-2.2
-4.04
6.36
2.97
4.74
-1.49
4.79
9.7
-4.65
6.97
6.13
2.88
-2.45
-0.24
2.86
3.58
10.45
10.37
-1.4
1.49
-1.03
5.38
-0.34
6.7
12.16
1.76
-4.43
-3.96
-3.47
6.46
0.7
4.7
10.49
12.66
8.86
18.83
9.44
11.94
7.44
3.88
32.66
2.36
16.3
4.68
10.03
-1.16
15.83
3.37
8.9
-1.24
15.71
3.22
16.71
3.41
13.96
2.73
19.29
13.14
4.48
-0.76
13.23
5.25
15.62
-1.69
13.24
9.21
10.27
-2.35
1.43
10
-5.69
-0.71
4.67
2.44
-11.16
-0.37
0.41
13.08
4.55
4.5
-7.85
-11.51
-6.87
7.8
-6.97
-3.67
-10.8
-1.2
-6.87
1.02
-10.96
0.53
-15.21
8.82
5.02
4.79
0.42
6.7
3.71
10.39
-0.52
5.16
-1.05
-3.02
-0.76
10.18
7.77
16.4
11.7
-1.1
10.96
7.82
5.54
0.81
-1.31
-1.06
-0.27
-3.72
5.46
-5.38
2.24
1.59
-3.47
5.52
-5.42
6.85
0.55
4.51
5.92
0.66
22.83
12.42
16.91
-11.96
11.64
4.99
19.18
15.28
11.34
8.5
2.51
11.56
7.7
15.38
-2.19
18.16
-6.01
19.57
-3.05
13.71
5.95
11.87
2.76
16.7
3.99
15.25
-3.02
12.58
0.18
13.24
4.3
22.47
-5.26
16.24
6.58
10.93
-10.12
11.01
-9.63
7.2
0.83
0.21
4.24
-0.98
4.06
4.19
1.97
1.06
0.29
-4.08
4.97
5.07
-1.99
4.94
-2.36
3.92
-1.82
-0.77
8.24
-0.09
9.64
-4.02
-6.58
5.15
-1.92
17
7.25
25.84
-4.97
13.7
3.12
12.96
4.12
10.74
18.77
19.55
17.48
18.68
11.03
9.69
1.92
17.18
12.95
2.45
-0.65
7.57
10.82
2.95
9.63
1.87
0.29
12.67
1.97
3.64
7.29
6.85
4.15
5.61
-5.41
2.23
-4.18
-5.61
1.23
-0.1
-4.86
-2.28
0.26
-6.52
6.45
7.22
4.02
2.4
-1.46
5.31
13.67
3.1
0.75
-2.84
13.88
9.29
12.39
4.07
2.35
1.97
18.15
12.86
0.46
14.75
6.96
10.57
14.29
15.3
10.13
8.55
9.59
10.1
10.13
15.43
3.91
12.18
11.67
6.52
4.69
18.67
-5.43
14.15
-4.15
11.44
6.55
20.89
-5.78
7.3
6.17
4.69
-5.99
-2.28
-12.78
6.06
-8.41
14.74
-4.7
2.85
-7.48
10.04
-17.95
8.11
0.95
3.68
-2.35
0.55
-20.09
-3.37
-10.23
4.52
0.35
-5.26
-3.55
4.61
-5.18
2.84
-3.18
-2.6
1.32
4.89
-5.16
-6.29
6.55
10.44
0.44
5.1
1.62
0.41
-5.56
2.85
-5.69
-0.54
-8.14
4.11
-8.48
-4.2
6.54
2.24
5.13
1.95
5.17
3.94
-1.69
-0.45
9.51
1.07
3.64
2.33
4.83
3.63
10.67
8.85
-9.72
12.94
-0.64
6.89
1.9
6.16
1.21
0.7
-0.59
-0.64
-1.45
7.87
4.88
7.32
7.91
0.85
1.46
-2.95
6.52
7.06
9.03
0.08
-2.58
-5.97
6.06
22.14
-4.86
-3.84
-14.13
14.69
5.2
3.89
15.6
13.99
10.17
3.41
-3.44
4.94
0.23
12.26
-6.12
2.05
1.8
11.78
7.31
-3.64
15.69
6.86
10.91
15.99
1.18
12.3
-2.35
9.46
-4.65
9.77
-1.18
12.06
1.78
11.71
-5.11
13.74
4.78
0.7
4.35
4.6
-3.58
5.98
-4.07
5.58
2.12
8.91
-2.54
16.38
9.73
15.89
0.59
3.8
0.58
-0.05
3.04
5.56
4.3
8.38
3.25
5.25
-8.55
3.68
-3.56
14.67
3.6
3.74
-9.31
5.05
3.41
4.6
3.37
-3.91
15.18
-0.62
8.83
16.76
3.68
14.08
-1.72
15.99
-4.35
9.87
2.94
5.77
-0.13
9.48
-0.41
8.48
-9.53
1.37
-4.17
8.77
-0.38
9.94
-0.06
1.87
-1.18
2.66
2.39
1.96
-0.81
0.1
0.62
-2.98
-0.62
3.43
0.01
-4.58
0.45
3.75
3.31
-2.89
-4.77
7.46
-10.12
7.87
10.23
1.89
4.59
5.99
8.1
16.84
3.82
0.16
-1.9
2.82
-0.89
-8.79
3.6
1.84
7.07
9.99
5.32
7.73
4.23
7.7
9.27
11.86
7.99
-3
13.2
3.07
0.37
4.57
7.67
12.93
19.78
22.37
6.49
8.61
0.3
11.39
-2.77
8.36
2.47
10.32
9.56
18.4
-2.85
16
1.48
16.9
-0.57
4.96
8.53
10.02
6.44
0.72
13.54
16.1
7.18
10.41
3.03
16.37
-6.37
5.54
1.14
2.15
-9.43
-1.29
4.98
-3.97
-0.2
-4.24
4.74
5.55
-0.03
10.12
3.08
2.98
2.91
-0.55
4.6
1.31
4.87
-4.73
2.3
1.55
8.11
4.2
3.96
6.37
5.76
6.62
10.07
12.12
8.05
13.52
7.87
19.32
8.18
16.89
-5.6
2.15
-0.48
11.18
-1.2
14.54
-1.31
8.94
-5.48
8.53
12.77
11.38
1.05
10.36
6.34
-9.28
0.6
1.48
1.77
1.39
-1.53
5.17
-1.36
-2.19
-7.88
6.11
-4.33
6.62
1.74
5.69
-7.09
15.75
-0.53
15.3
-2.38
9.49
2.77
-1.07
-3.72
0.36
-1.04
-9.67
-2.61
8.33
9.61
3.25
13.41
7.47
0.94
10.32
-3.82
15.12
9.18
8.01
2.99
12.08
-0.94
3.75
-4.29
8.56
13.32
-2.94
-0.83
4.68
10.04
-2.61
11.59
0.11
6.48
0.84
21.29
4.8
24.54
9.25
5.05
-2.33
18.06
10.44
18.29
-0.88
4.91
10.88
11.92
-1.42
3.04
9.7
15.74
-1.88
18.51
-1.97
6.28
6.19
-0.7
4.19
5.06
5.14
8.92
-0.22
13.16
7.25
3.54
3.76
-5.72
1.91
-0.94
-0.18
7.05
6.4
-7.61
8.54
-7.1
3.3
-8.56
-7.81
-1.98
-15.99
-2.09
-2.49
0.25
-3.79
-2.12
-4.36
6.01
-5.26
-7.69
-3.24
-7.93
-2.91
-0.31
5.12
-1.51
1.21
-6.42
-5.66
-0.14
-5.94
10.05
2.62
-3.97
-4.08
0.68
-6.7
-5.26
2
4.42
-7
-1
-4.47
-0.73
4.31
-2.86
-0.45
1.32
-6.9
-4.87
10.35
6.44
1.04
-0.75
3.96
14.81
8.87
7.9
-0.32
5.63
10.55
9.75
10.56
-0.29
0.5
10.69
-2.21
4.21
6.33
11.1
13.71
20.15
12.24
10.72
7.5
14.96
13.56
-0.4
12.15
1.95
1
-11.29
2.27
8.6
11.74
-0.6
6.85
18.49
18.94
3.68
3.72
2.17
14.81
-7.29
19.79
1.44
11.98
0.38
10.51
3.05
9.24
13.73
3.51
15.96
7.26
19.04
-8.09
8.05
-0.55
5.63
3.7
0.83
7
-4.48
-3.1
1.04
4.59
17.06
4.88
16
-4.52
4.13
-0.77
3.21
5.9
4.93
2.02
7.79
3.75
8.35
-4.53
3.51
5.69
-0.73
-5.36
-2.65
4.03
0.22
7.26
-0.61
-3.11
-5.04
7.94
3.46
8.09
-3.88
-6.77
1.67
6.03
-1.03
6.56
-0.08
10
4.55
11.11
2.24
0.04
9.12
7.16
4.94
7.98
5.72
4.3
1.98
18.04
-6.89
-8.33
-1.52
6.63
-0.15
1.83
-0.35
3.11
4.78
7.41
12.85
7.97
12.95
3.49
4.12
4.57
-1.33
4.36
0.6
-2.53
11.49
4.33
0.35
-0.36
6.81
3.87
-9.16
6.19
-11.33
2.02
1.17
10.38
13.63
-0.89
0.61
11.94
-0.76
10.6
0.67
6
17.58
-1.56
19.45
-0.67
4.59
4.46
7.39
-1.03
2.1
-0.46
10.19
0.53
7.05
12.61
10.51
6.7
20.88
2.88
15.92
4.87
8.82
-0.69
11.78
8.5
1.54
-4.77
-2.03
3.28
9.19
9.85
-0.68
-6.27
2.29
-4.43
3.5
2.38
-5.4
-1.76
6.72
2.69
1.13
-7.15
-1.09
3.3
3.91
0.87
8.23
-1.13
3.47
9.58
16.48
8.47
2.84
-1.3
11.23
5.94
8.98
7.92
1.19
2.84
1.27
10.06
1.71
11.69
-0.49
7.23
-3.69
11.34
-8.95
9.3
-0.77
4.47
-0.35
5.54
17.28
8.53
-4.22
23.53
3.95
10.39
1.98
13.68
4.4
11.33
4.59
-3.37
1.13
1.78
5.3
-1.83
-8.41
-7.76
0.76
5.39
5.21
-3.09
7.24
0.58
-2.32
4.37
-0.38
0.46
2.91
5.17
7.01
1.86
6.34
9.42
9.04
7.32
6.01
-4.78
0.85
-0.13
5.62
20.68
7.21
21.85
2.69
14.46
4.57
17.22
10.5
11.72
0.72
9.37
-0.23
9.15
11.69
12.31
-0.89
6.06
7.41
8.27
3.62
7.28
14.69
3.73
9.34
4.93
9.75
-0.32
5.68
-1.52
12.33
6.38
2.45
10.29
4.84
5.33
8.95
9.21
8.29
1.02
1.44
3.68
20.1
5.11
9.43
5.35
2.38
1.55
-0.68
0.76
9.61
1.6
8.09
3.15
-1.04
4.24
2.58
-3.02
4.41
-1.28
4.46
6.39
6.65
0.68
1.31
-6.73
7.38
-2.77
-1.58
3.89
0.02
-12.8
19.38
-5.71
-3.95
-3.63
4.56
5.34
-0.81
-2.02
15.9
-3.67
19.57
-3.74
15.69
-0.01
15.98
4.07
10.78
-4.64
-2.86
5.73
-4.47
-0.77
-3.99
-3.96
2.26
-4.39
5.71
-5.65
2.67
-6.15
3.92
-6.19
2.73
-3.1
14.14
-2.53
6.16
-3.83
3.39
-7.58
-12.73
2.39
4.6
3.19
6.35
17.35
1.15
10.82
8.69
12.54
1.09
11.95
5.96
3.64
6.57
27.45
0.1
14.06
1.55
14.46
1.66
14.53
1.5
15.19
7.49
4.16
5.43
-1.77
11.14
-7.85
20.94
-4.78
19.09
-4.09
6.12
12.52
9.89
3.6
16.1
5.06
7.63
6.81
13.96
19.06
14.66
7.29
6.04
7.57
10.56
7.42
10.06
9.09
14.19
-1.53
-0.26
25.3
0.06
12.69
16.98
16.12
0.35
19.45
-1
14.36
10.78
2.73
23.14
0.95
8.62
1.9
3.79
3.68
7.85
9.97
5.72
3.04
10.02
5.6
11.44
8.79
23.23
6.65
32.27
4.14
13.69
-3.85
4.31
-3.85
17.78
-1.76
16.65
4.66
11.69
-1.18
3.29
1.62
2.85
5.49
12.53
-0.02
10.27
5.68
6.47
-4.82
12.64
6.96
17.12
-3.75
11.32
-2.89
7.26
-1.74
9.2
11.13
0.69
-2.58
7.09
1.97
19.01
-6.01
6.8
-0.03
7.92
-1.93
9.71
-0.43
10.23
-5.05
12.69
-4.27
3.42
-2.17
17.68
0.15
13.73
-0.12
2.37
3.06
3.66
-1.89
9.95
1.65
3.54
-1.58
4.15
-0.73
10.34
-4.78
7.26
0.73
-0.78
7.16
3.52
3.53
7.51
5.52
-6.86
2.2
0.43
4.56
-2.02
0.42
14.6
-6.62
2.2
-11.64
8.1
-0.12
-6.43
-0.05
3.77
6.29
-4.36
16.27
2.37
20.76
-10.45
9.77
2.47
4.13
-2.09
11.44
8.69
4.94
0.98
8.39
6.45
5.39
2.46
6.58
1.06
0.26
-0.39
-4.83
3.74
4.77
3.93
9.98
-1.47
2.78
1.06
8.51
-8.59
-1.24
-5.5
4.94
3.06
5.88
4.25
5.53
5.45
14.27
-1
19.15
2.1
10.43
-5.6
13.65
-7.06
6.86
-8.78
8.61
-2.96
11.47
4.81
20.51
-0.89
9.32
9.35
4.15
4.74
-0.18
8.32
1.87
-7.63
4.02
10.89
-0.12
19.06
-8.53
15.49
-3.49
15.05
5.67
11.46
10.24
7
-5.68
7.5
-2.64
1.15
-1.62
12.19
-9.74
6.44
3.44
7.71
2.06
17.96
-2.03
21.79
-0.23
8.27
-13.18
17.37
7.57
18.66
-2.35
19.88
4.81
14.26
-3.13
12.51
6.69
21.72
6.19
21.9
6.03
6.15
13.83
-2.59
2.27
10.2
10.96
16.26
3.12
17.27
7.95
6.07
8.32
6.72
1.88
-8.76
1.39
-2.84
7.66
-16.02
5.16
-4.27
5.02
7.65
16.53
8.23
7.7
-3.28
-1.77
4.03
-2.77
-2.03
5.89
6.38
11.7
5.59
8.63
-0.68
13.82
1.42
13.19
3.41
-5.02
9.21
13.07
1.62
6.53
6.85
5.04
9.81
-2.51
19.53
0.36
14.3
-0.34
0.85
-1.97
-0.34
4
3.56
3.1
-9.12
-1.06
0.79
-13.16
-3.42
-1.02
12.77
3.02
-1
0.75
-0.03
2.81
-2.66
11.31
0.55
2.23
2.72
5.85
5.69
1.95
-1.94
7.32
2.74
10.44
-3.53
-2.87
5.17
-4.85
2.23
3.03
5.02
6.75
13.24
13.14
-7.01
-11.22
5.34
11.97
12.83
13.7
16.47
6.8
5.61
22.14
12.95
7.49
9.56
-1.82
7.6
8.8
5.79
-0.88
10.78
3.36
9.51
3.91
10.02
7.45
20.88
7.98
9.98
14.78
6.88
15.11
8.74
15.93
4.68
14.01
17.58
13.18
6
18.12
16.87
17.26
-3.91
14.07
16.27
11.66
1.11
6.62
3.82
0.73
-6.22
6.42
-3.25
8.67
5.67
3.22
1.3
9.6
5.38
-0.62
18.03
-0.89
15.39
-6.38
2.47
8.17
-0.78
4.54
-6.64
6.66
0.14
-4.34
-1.6
0.88
-2.23
13.63
5.21
14.31
18.4
18.64
15.12
20.41
8.52
12.7
15.28
19.42
11.62
8.28
14.83
10
20.64
-7.66
19.41
-7.79
19.78
4.32
19.21
12.35
17.76
6.19
10.08
8.13
5.39
6.38
15.46
8.52
8.04
8.76
3.88
19.84
4.9
13.69
15.86
21.32
-7.59
19.72
10.99
16.62
-3.7
14.39
2.33
13.73
1.37
14.51
13.65
15.1
-4.57
26.44
3.99
9.93
-0.54
6.43
-2.1
9.91
5.12
-1.57
-1.24
0.68
-13.54
7.48
-0.32
7.86
-8.29
5.74
-9.73
2.82
-5.06
4.65
8.82
1.76
0.96
0.13
-3.41
1.89
6.53
-0.08
11.39
0.53
10.55
-3.5
5.18
5.52
4.71
9.12
9.68
13.14
8.58
-0.44
7.64
10.93
5.41
11.42
11.95
11.48
6.46
6.7
2.97
3.81
5.95
-1.64
-2.33
-4.33
5.01
6.36
-6.08
1.56
15.67
-2.88
1.59
1.16
4.05
-2.63
5.26
0.09
4.06
-1.92
-2.02
-6.34
5.67
-6.53
-13.63
3.7
-4.75
5.7
-3.52
19.28
-6.01
17.66
2.47
8.05
4.37
0.12
-5.31
3.83
1.34
2.59
3.26
1.96
5.79
-4.04
0.96
11.65
3.79
3.05
7.9
-4.35
6.63
-6.56
-0.88
-3.85
5.75
0.73
10.14
2.26
-3.28
12.87
6.8
17.24
1.64
15.45
3.01
10.75
5.97
16.73
8.38
19.16
9.38
-4.16
8.01
11.54
10.18
12.56
10.44
6.04
-1.09
8
2.77
3.17
-6.7
0.7
3.02
4.91
-5.76
9.54
9.51
-3.89
5.29
4.36
2.35
7.42
1.62
17.41
2.16
-1.66
7.22
8.15
3.97
0.71
5.4
0.73
13.51
11.51
2.63
7.31
-2.56
-0.84
2.01
12
4.06
9.18
5.21
-2.78
0.39
-1.97
-0.82
6.96
3.26
8.55
4.44
10.56
0.45
-7.19
1.55
-10.68
0.64
-14.55
11.68
-6.9
6.59
5.37
6.14
2.89
8.53
13.43
4.4
2.03
7.29
17.92
8.52
17.61
-8.34
13.11
9.45
20.13
11.32
17.48
11.3
18.81
12.88
19.28
8.58
17.08
13.56
29.91
9.28
17.81
5.87
18.24
-4.62
16.56
-9.61
18.88
-4.81
20.72
-3.76
13.81
5.67
14.82
1.41
8.35
3.4
2.72
-11.78
1.81
-3.23
2.89
-1.8
1.89
12.89
1.85
5.82
3.91
-10.4
4.35
6.63
-0.49
-4.03
0.4
3.17
0.47
6.09
6.75
0.56
1.18
5.97
1.17
-4.25
1.52
3.64
5.85
3.47
0.05
2.18
6.78
-2.96
18.07
0.78
5.48
11.5
11.99
8.13
17.96
3.57
2.53
9.61
9.97
8.06
5.53
11.96
2.29
1.95
6.52
14.43
21.41
5.88
11.8
-0.5
4.66
3.41
13.14
7.27
13.97
11.91
-1.76
3.14
2.59
8.36
2.11
-3.13
6.23
10.12
-1.94
7.96
-0.82
7.8
5.04
20.48
4.94
-3.04
15.84
4.8
28.05
5.04
10.78
2.27
12.47
-1
14.52
5.73
10.72
1.79
19.38
8.02
9.82
1.31
7.7
8.88
1.59
8.68
7.98
7.74
1.34
-1.42
-0.29
-3.6
-6.98
-0.62
4.02
-6.78
-8.93
8.63
-1.62
-6.24
-4.37
1.88
-1.84
6.81
6.54
-2.8
4.59
12.29
0.63
-3.12
12.88
4.64
14.86
-7.54
15.51
-9.91
9.29
-5.02
14.48
-15.86
16.58
-9.21
16.24
0.22
6.43
-7.35
10.42
-8
13.91
1.62
17.56
-9.34
19.43
-2.56
24.19
6.77
12.34
-5.62
6.61
-3.12
-3.17
-4.08
-1.54
-9.24
-3.38
-3.07
-12.46
-1.53
3.23
-1.9
4.8
1.91
11.32
-0.31
9.52
-4.23
12.37
-1
15.2
-6.21
10.26
-11.32
13.94
-11.62
9.97
-1.8
17.45
-13.33
21.86
-11.16
16.5
-11.45
18.93
3.57
13.43
-0.41
12.35
0.08
12.99
-7.31
24.2
1.83
2.68
-6.71
14.74
-3.73
15.56
-2.69
18.8
-2.59
6.82
-14.2
21.56
-5.77
11.68
-2.11
20.06
-1.01
6.11
-1.05
9.9
-6.54
13.83
-10.52
6.79
-1.59
9.15
-3.74
-3.43
8.18
7.56
-6.35
10.88
-10.05
10
-2.11
8.6
4.28
10.08
-1.94
12.82
5.37
12.32
-9.78
2.4
-0.21
8.35
-10.12
9.76
6.18
5.81
4.75
17.86
6.4
7.42
5.46
17.3
1.46
7.36
5.4
20.8
-0.11
5.31
10.78
5.01
1.09
6.62
-1.06
0.18
-6.09
5.1
0.52
7.12
8.7
5.17
-3.31
9
5.06
20.84
-10.83
17.41
8.73
21
7.22
19.97
7.31
14.97
16.2
11.34
9.76
11.41
0.97
10.9
3.05
6.29
-2.51
4.1
13.66
15.49
18.2
14.8
9.1
14.78
19.89
16.67
1.32
17.57
19.23
20.89
11.05
12.11
15.79
13.99
19.4
11.22
11.37
11.92
11.29
20.49
10.28
18.13
18.86
14.93
6.48
11.93
18.84
13.13
7.19
17.99
30.41
17.38
11.17
14.92
22.87
12.95
13.6
14.44
6.36
20.59
1.54
16.22
9.27
12.08
14.71
7.28
18.9
14.54
10.57
18.53
0.48
8.46
1.44
19.05
8
9.31
-5.41
13.99
7.5
15.06
5.05
9.25
-5.67
16.07
1.79
2.54
6.46
14.77
4.48
15.47
-2.43
19.01
-3.78
17.09
4.12
-2.42
3.53
3.94
-4.47
3.36
-1.49
12.71
6.42
18.95
4.63
10.32
-1.37
13.89
11.71
18.27
3.66
21.4
4.68
13.81
-1.28
13.82
7.74
14.7
-5.75
11.63
4.36
18.18
-2.09
12.7
0.36
4.83
-4.19
2.49
-5.2
4.49
10.1
2.17
6.05
1.1
19.7
8.37
2.51
12.36
9.81
5.85
-9.52
7.78
-0.68
3
-0.13
11.53
3.64
18.77
11.04
11.34
11.32
11.37
-4.36
11.74
5.21
14.27
3.85
12.15
-0.72
19.77
-4.02
18.64
6.63
9.95
10.7
1.59
14.51
11.3
8.73
14.52
18.11
15.27
8.72
12.72
-1.26
7.78
3.21
8.53
7.68
13.98
0.03
17.65
1.32
19.41
0.48
8.83
-2.54
19.82
3.71
14.34
15.52
15.02
-1.02
23.75
1.03
21.35
3.76
19.31
4.36
15.4
1.56
3.48
-0.79
22.91
8.08
7.55
8.08
0.9
10.29
1.6
12.6
2.25
14.45
5.12
9.5
16.47
-1.08
8.09
16.43
8.67
9.76
6.14
10.18
0.31
8.08
-0.93
9.63
0.98
13.93
6.73
19.02
-9.22
10.77
2.04
6.18
1.29
10.45
2.68
16.07
1.05
11.91
8.78
16.54
5.57
17.17
-1.29
11.03
15.04
7.04
15.09
-2.91
19.42
-0.61
12.62
3.46
9.01
-1.02
4.97
1.46
0.8
1.81
8.17
11.28
-2.95
14.96
3.91
2.13
-6.5
11.22
-8.85
4.72
-14.51
11.8
8.89
8.2
2.07
2.66
2.22
3.41
-2.92
3.15
5.14
3.81
-0.26
12.8
-5.6
2.78
-2.54
0.03
-3.44
2.76
0.89
5.18
6.22
4.33
-3.62
9.51
-6.36
7.79
5.02
3.14
-5.16
13.51
0.96
-8.91
10.09
5.3
-0.88
9.45
6.56
0.27
7
8.21
12.64
7.24
15.36
6.56
22.17
6.48
7.1
4.69
11.09
4.27
16.06
9.43
4.93
2.64
10.67
3.18
16.53
-0.23
19.2
-0.77
19.66
12.06
17.71
3.22
8.35
-5.39
10.38
4.62
16.95
-0.79
3.98
2.58
16.77
-2.32
-0.33
-2.67
4.95
7.2
-0.24
6.41
1.17
7.54
-0.96
3.85
14.33
1.19
10.73
2.03
10.59
-3.71
31.58
5.59
27.47
3.45
22.27
4.26
17.03
4.05
18.42
6.16
9.11
7.97
19.91
3.07
-0.76
2.52
17.54
-1.54
20.7
5.4
24.75
0.52
14.47
2.89
22.98
-1.41
22.94
4.32
13.9
1.72
23.61
-0.52
25.4
7.44
20.94
3.31
12.31
9.93
12.73
3.21
13.98
5.87
20.22
-3.04
9.67
6.64
7.65
15.13
10.09
8.23
10.82
5.08
17.51
-2.25
28.35
2.75
23.81
11.46
16.91
4.42
14.9
11.74
15.99
0.18
16.9
9.94
8.64
17.33
13.87
23.26
10.04
8.39
21.89
19.07
17
9.81
8.12
7.29
0.92
3.51
0.68
9.38
4
-7.32
-1.1
-8.49
-0.32
-2.42
-3.5
-1.09
-2.5
2.58
-2.52
7.1
3.13
15.58
6.65
13.78
3.2
-8.47
10.03
-9.04
9.78
-0.33
1.48
16.5
-1.31
5.88
8.92
6.79
-3.5
-5.05
-8.16
4.12
-4.7
2.45
1.09
-3.35
1.82
-6.34
-2.82
-8.15
15.3
-2.47
19.23
8.03
7.22
11.08
13.68
-4.52
19.94
-4.26
7.83
-0.03
14.41
1.79
12.89
1.62
5.44
6.71
6.04
4.23
-5.23
-6.87
6.76
7.83
6.11
-0.6
10.18
0.18
1.58
-4.52
11.67
5.26
1.31
7.66
-2.33
-1.35
2.25
4.88
6.48
2.2
-0.59
-2.65
4.39
7.51
-6.5
5.61
4.39
-11.09
3.67
-1.89
4.92
5.59
5.01
2.61
-5.49
2.2
-9.23
1.9
-1.98
-2.85
-0.25
-9.53
-3.1
-2.71
-0.48
9.65
1.28
8.09
-4.98
4.2
5.35
14.42
1.73
0.21
6.77
9.14
-1.88
13.57
4.21
10.75
8.49
8.49
13.27
-6.8
9.67
-1.81
9.33
14.92
8.55
13.72
8.36
15.8
0.35
14.72
-0.71
7.84
1.35
20.8
6.58
15.17
8.65
11.85
21.87
10.68
17.84
26.2
13.26
15.6
7.55
17.77
18.28
19.54
13.67
15.64
15.45
9.26
18.05
11.18
14.71
7.91
14.9
11.63
9.42
5.95
2.57
5.88
4.51
8.65
-1.71
14.67
14.51
7.65
14.2
6.1
19.31
-1.7
7.08
6.53
18.03
-3.64
2
0.05
6.22
-8.01
4.19
-6.31
6.32
6.17
2.36
7.67
4.14
-1.56
4.31
-2.78
12.87
-1.25
10.87
-0.49
24.15
-2.65
13.76
6.14
17.81
8.89
15.51
5.38
10.14
3.84
4.07
8.72
14.92
11.55
13.85
-3.62
11.67
-0.67
8.65
2.68
11.22
5.34
6.22
3.75
-6.3
7.54
-1.24
10
-6.79
16.1
-7.13
7.71
-8.2
9.67
0.18
8.38
1.91
14.66
5.64
9.86
14.83
12.86
8.7
21.56
7.62
8.01
20.28
9.3
11.6
-1.79
1.92
11.71
12.03
16.62
15.78
22.37
10.6
9.37
10.98
20.17
17.92
14.05
10.82
15.25
16.11
6.33
9.64
20.73
11.68
12.99
16
15.18
16.7
13.1
9.56
4.93
17.23
7.21
14.64
10.78
17.74
10.89
19.97
5.33
12.45
7.59
10.55
17.91
19.59
15.74
1.8
16.23
7.57
15.67
2.86
17.71
5.56
17.51
1.59
15.33
-5.85
12.41
20.36
10.78
16.07
0.19
8.44
8.16
8.77
5.09
2.88
16.25
-0.09
17.27
7.97
8.88
9.74
8.44
9.45
20.07
2.51
13.49
8.24
12.62
6.17
8.61
14.02
9.69
5.89
14.95
17.62
14.16
3.63
4.38
13.65
11.36
3.05
23.85
3.38
18.31
7.18
4.37
-3.62
5.76
-4.91
7.82
4.65
15.12
7.69
-4.95
4.93
10.44
22.3
2.26
7.5
7.31
9.61
3.03
10.66
17.51
7.31
3.74
6.66
2.9
18.78
3.84
15.92
-8.07
16.96
10.19
20.95
-0.22
20.22
16.33
14.13
14.22
6.4
11.3
12.4
20.44
9.4
15.18
7.45
2.35
1.2
4.26
-3.13
16.36
-3.17
15.8
8.1
13.91
6.7
16.71
4.62
15.35
16.15
13.18
0.44
13.71
6.92
3.53
9.09
8.43
12.78
7.22
12.5
0.17
7.53
21.44
2.64
8.94
3.51
15.26
7.88
18.07
1.27
6.46
0.72
15.24
-2.02
10.78
-5.43
11.69
6.15
14.89
-4.01
17.79
5.64
5.93
12.64
9.6
5.69
6.38
16.14
7.43
5.02
0.49
17.41
9.28
6.13
4.66
11.66
-0.28
11.84
13.52
5.3
10.99
17.77
4.35
16.15
0.55
0.64
2.19
5.64
0.04
1.8
-2.78
0.68
-4.71
-4.23
7.43
0.49
10.61
-3.57
9.36
-2.74
16.04
8.56
1.72
8.29
9.43
-2.8
12.36
-2.28
13.8
-12.15
5.1
-2.86
13.13
-9.95
13.59
1.1
-1.72
-7.22
8.68
6.28
7.6
3.46
7.63
-6.3
6.51
10.93
-3.78
6.18
17.9
-0.76
2.55
3.69
3.94
3.98
2.42
6.54
0.73
1.64
-1.43
-4.44
12.34
1.44
6.21
-2.75
7.39
4.47
-13.7
11.95
1.97
-5.32
-6.56
3.62
16.01
-7.25
-2.25
0.68
6.07
1.44
6.86
4.19
5.53
-1.41
-5.09
8.97
2.24
-11.04
5.99
12.69
-1.08
-1.12
6.06
6.4
6.41
5.58
-5.37
4.88
11.29
7.11
1.64
-6.63
9.63
2.8
19.22
-1.86
23.77
-1.02
13.86
2.91
7.39
15.01
-4.15
14.49
-6.74
14.21
3.69
10.27
0.08
11.02
6.09
19.89
0.69
4.04
14.95
13.14
8.41
0.77
11.05
13.35
4.05
7.35
9.48
9.95
11.21
10.69
4.82
2.22
17.64
5.74
3.58
18.54
10.3
19.07
-0.33
4.12
8.94
6.65
5.08
3.86
10.86
-3.13
16.55
3.48
15.32
-5.12
-1.13
1.81
4.26
-2.27
-4.53
-1.69
2.26
4.36
8.46
2.11
-8.04
8.75
2.85
6.56
-4.45
-0.19
5.33
4.19
15.98
8.6
0.57
0.16
0.49
-0.02
-4.14
-1.14
5.14
-3.44
2
6.12
-5.24
-3.98
-8.09
-0.02
5.3
-2.76
-13.35
1.55
9.48
-7.44
1.53
1.81
0.93
7.6
-7.03
4.05
-6.21
1.74
0.46
2.2
0.02
0.98
-7.35
-2.9
-1.73
-9.19
5.84
5.17
8.53
3.27
-3.33
1.59
-2.88
4.26
-0.67
-0.74
5.76
3.11
2.14
4.42
5.96
18.67
-1.63
1.67
-2.87
7.5
0.53
-0.87
0.78
7.6
6.11
14.36
4.01
19.58
1.74
-0.49
-0.87
5.9
-2.46
9.29
-4.72
-2.37
-2.91
-0.97
2.5
7.47
-12.38
9.61
-10.02
-0.41
-0.08
-4.6
-14.01
0.66
4.49
6.21
-1.19
0.71
2.25
-1.34
2.14
1.28
-3.31
-1.65
-8.86
2.16
-3.49
8.38
4.34
-2.35
-7.47
-3.65
-0.88
5.03
-5.23
2.6
-6.91
-9.58
-3.31
2.85
11.26
0.07
16.36
6.08
11.33
2.5
-0.12
-4.48
-1.86
9.38
2.78
7.97
14
5.58
5.79
-3.04
8.18
1.37
3.39
-6.29
10.74
-7.76
9.69
-3.15
5.77
3.38
2.83
-5.74
-1.26
-2.49
-18.23
-0.51
1.06
0.5
5.38
3.48
12.35
-2.53
1.55
-6.79
8.5
-2.48
8.05
-5.52
4.1
-3.07
-0.64
6.86
11.01
-1.81
5.4
0.09
8.37
3.37
6.88
2.53
-4.75
2.5
0.12
0.46
-2.19
13.62
6.89
8.34
0.63
4.93
10.19
-0.7
-4.13
-4.86
11.81
3.75
12.21
7.49
0.42
12.92
11.65
20.27
2.61
4.55
12.46
21.47
6.13
12.72
11.34
19.72
-1.86
15.48
-0.49
22.12
3.93
16.17
9.87
9.77
14.53
14.81
16.45
19.18
3.79
10.14
9.38
3.42
2.33
13.24
6.15
21.73
-7.82
20.95
9.79
-1.8
4.03
10.8
-4.06
-1.57
5.89
-2.79
9.3
5.28
10.25
4.32
8.85
5.89
-0.06
6.2
-0.19
11.77
-6.48
-3.1
12.68
-3.71
6.39
6.94
12.67
12.09
-0.41
13.1
15.5
13.12
15.72
23.41
10.51
14.95
11.38
4.38
3.17
13
5.37
17.64
5.02
27.31
-2.08
19.94
1.97
10.62
6.61
24.64
-13.19
17.18
1.06
4.99
4.39
19.38
5.82
15.74
3.4
14.6
15.42
12.48
12.06
11.21
3.28
6.74
10.64
3.43
0.69
13.38
3.1
8.3
3.49
4.93
8.02
-1.04
10.88
-2.35
15.54
9.29
10.01
-4.62
15.22
0.49
22.61
5.3
16.44
6.54
21.09
4.37
15.6
-3.46
19.11
13.18
6.87
9.69
8.36
18.53
13.02
6.67
9.34
13.49
18.78
3.16
6.65
9.15
0.49
9.3
6.89
12.42
-0.34
12.01
5.77
10.05
-3.22
7.64
0.23
13.91
-1.27
-8.61
-1.62
10.68
12.95
2.55
-2.46
-2.55
8.78
-5.13
-5.74
-2.07
-9.34
2.08
2.31
9.45
6.34
5.33
-6.05
3.55
-7.75
3.88
-9.8
-4.26
-9.78
5.71
-9.65
0.93
-2.62
5.94
-11.64
-1.11
-4.75
-1.05
-3.26
-6.01
2.52
-4.9
15.05
3.2
20.76
-4.91
14.41
-0.57
20.72
9.84
19.96
11.1
11.25
12.94
9.81
3.85
14.44
11.9
15.21
8.05
3.26
-1.98
3.94
13.83
6.31
13.84
16.88
14.16
4.56
4.84
-1.05
4.93
5.22
10.12
0.2
6.96
7.24
9.5
4.29
1.38
7.23
0.17
-8.96
-6.98
6.86
-3.59
10.57
2.31
10.69
6.86
9.81
7.56
0.04
9.05
7.38
4.75
5.9
10.23
9.54
11.74
-0.21
15.74
9.77
12.14
7.01
4.35
11.49
6.17
3.98
9.38
2.31
10.41
8.19
5.8
6.3
2.44
-5.42
-0.61
5.31
2.75
1.31
-0.6
-3.19
6.16
11.02
2.56
12.94
0.7
5.18
-0.29
6.17
7.24
11.26
8.54
11.76
12.03
-2.53
9.97
16.16
4.3
6.5
6.4
-0.32
-0.21
-1.64
3.48
16.57
2.23
0.03
1.53
1.27
9.98
-4.96
6.5
-0.07
2.3
-5.87
15.4
-1.61
10.83
3.2
3.83
-2.83
11.69
-4.03
-3.34
-6.99
8.21
-7.2
4.51
10.3
9.24
-9.47
1.59
1.29
9.47
-0.71
8.61
-1.74
12.59
7.98
10.4
-3.27
1.09
-0.26
3.34
-0.82
2.25
0.55
-5.83
-0.67
2.18
3.51
0.73
-2.33
3.42
-3.65
2.08
-2.34
0.77
-1.87
1.61
0.26
7.39
19.01
3.85
11
6.74
10.86
3.18
11.04
2.02
14.28
0.71
3.19
7.33
-1.9
-0.5
7.21
3.68
18.56
5.41
0.31
9.08
4.74
8.52
-2.41
8.51
-11.57
2.75
-17.17
4.26
-0.65
-1.43
2.28
12.37
3.42
8.21
10.38
9.34
12.82
12
14.36
9.38
27.86
-3.76
9.9
10.4
21.8
7.28
18.74
-2.38
15.53
-0.62
14.98
-3.87
16.26
-3.48
16.39
-0.81
15.13
-2.05
32.36
0.46
4.29
0.23
4.61
-8.97
8.08
-14.39
1.27
-7.26
-0.27
-7.96
12.36
3.66
4.86
-0.83
11.25
-1.84
3.01
-0.66
13.36
5.69
2.57
-2.86
-5.65
5.61
4.28
1.87
0.28
8.96
10.45
-2.49
-6.72
8.82
-4.41
18.1
-10.08
4.34
9.54
17.08
4.1
14.5
9.4
4.11
1.24
1.72
1.67
7.26
-5.13
10.48
-4.63
10.53
-13.76
3.17
-2.56
9.7
2.1
6.26
-1.98
-1.86
-7
-0.84
0.71
7.41
-2.01
2.12
-8.27
2.88
-7.68
10.28
-4.51
10.52
4.21
8.03
-4.41
15.28
-8.06
2.57
-10.49
3.99
-2.84
0.37
13.46
-2.74
5
12.09
-1.71
4.12
-3.99
3.86
-8.53
-7.42
-7.99
-14.02
2.84
-20.24
-3.17
-6.94
-12.66
-12.56
-0.42
-4.01
-2.68
9.39
7.06
-2.82
-1.54
11.43
3.39
7.04
-6.52
7.73
0.76
2.97
-0.18
-0.16
-11.24
3.36
4.66
-4.86
-2.44
-5.94
3.74
-4.12
-0.59
1.91
-9.93
3.39
-7.36
4.4
-3.89
3.04
3.58
5.96
-2.78
-0.03
-1
-1.42
0.64
-1.07
12.61
12.1
11.42
8.69
4.88
4.27
4.36
4.99
-2.83
4.57
1.13
-0.74
0.41
2.35
5.93
12.47
9.78
5.66
1.35
8.59
3.52
-0.5
-0.03
-1.44
0.03
2.5
-1.65
6.55
5.42
-9.12
6.57
0.66
-5.65
4.12
-0.45
-0.96
2.26
9.1
12.14
5.59
4.68
5.03
0.56
4.52
11.18
5.74
5.49
3.64
0.18
5.35
1.49
8.83
4.08
1.57
3.67
-9.39
2.59
13.81
0.01
1.03
15.99
-2.78
4.61
6.12
2.17
6.48
1.32
0.75
5.42
3.28
14.74
8.38
9.09
3.02
1.05
2.32
-7.2
-0.26
-0.34
8.42
6.84
6.79
-2.85
3.5
9.55
-0.2
6.29
14.11
9.42
4.68
21.61
-7.57
15.29
1.48
10.02
-0.61
11.08
1.25
10.42
-8.35
12.57
1.28
6.93
1.63
17.03
10.18
2.7
5.45
8.49
3.2
9.62
10.07
1.89
-3.35
7.25
8.03
20.53
-1.85
28.46
5.57
-1.49
7.22
7.02
-2.24
-5.73
-4.53
3.7
0.68
10.49
6.34
6.4
9.48
-1.01
3.58
4.74
15.38
6.33
11.88
10.52
-2.04
9.83
9.02
10.91
3.52
12.74
6.72
11.92
-4.9
5.33
7.89
16.16
-4.58
8.63
0.98
-0.89
5.31
10.15
7.89
8.58
13.01
-4.93
9.71
-6.53
4.49
1.34
9.39
-2
20.03
4.1
12.39
5.86
5.15
0.18
10.11
4.25
-2.49
15.42
9.99
3.98
15.83
4.33
8.51
6.69
-1.62
4.45
15.99
2.61
6.35
-4.88
2.72
5.02
9.57
-4.53
-1.85
11.75
1.31
2.93
-0.37
2.66
3.78
-1.22
4.87
-4.13
-2.65
5.45
17.35
-0.02
12.01
-2.08
0.54
-8.37
8.02
0.28
6.39
-3.23
1.86
5.63
3.18
3.03
2.37
-11.95
12.75
-2.4
2.44
9.32
14.21
-0.19
3.97
2.12
15.35
-2.62
8.11
0.87
11.55
-8.85
0.96
2.07
-0.17
7.92
-0.79
3.01
10.66
-0.81
-2.89
8.53
4.6
13.27
11.53
2.76
7.86
14.34
0.51
3.6
15.52
7.51
2.67
13.25
9.5
18.05
-0.76
8.42
8.17
12.79
3.08
7.98
6.04
8.83
9.56
-2.33
9.02
8.15
7.84
-7.17
14.55
-3.2
12.66
-1.83
7.01
13.66
4.99
2.61
8.26
12.32
2.14
-4.73
8.13
12.2
9.52
4.52
10.78
12.49
15.93
9.71
5.64
12.59
3.19
11.65
1.58
26.45
0.32
16.57
2.79
12.54
1.81
11.15
7.54
8.73
10.15
-1.78
-1
8
10.88
-3.9
11.13
9.29
13.94
10.15
6.04
7.37
-6.01
4.95
-5.66
6.05
-2.35
18.78
3.69
22.65
16.56
16.42
11.38
4.74
6.54
12.3
8.76
9.52
12.94
12.57
5.28
9.79
11.69
5.31
5.66
14.88
6.78
11.15
0.33
10.98
2.02
13.62
7.41
7.68
10.63
10.16
8.42
7.47
7.31
16.58
4.9
18.33
10.43
11.74
2.19
15.15
5.49
6.45
0.45
13.37
-3.59
11.01
-4.11
14
-15.64
19.36
-11.4
13.55
-4.17
5.48
2.97
8.2
4.43
-0.71
5.5
0.99
-10.44
-5.57
1.36
-2.59
-2.32
10.71
5.62
8.18
13.69
-2
7.44
6.69
-2.67
8.47
-7.34
10.65
-14.36
0.06
1.57
-3.65
4.38
-5.09
5.09
1.3
9.69
3.21
9.82
-2.75
5.71
9.34
1.83
-2.53
-9.31
-1.01
-4.15
13.71
0.5
-3.62
-2.09
5.19
-10.35
-1.62
-3.8
4.36
-0.25
5.81
3.43
-7.2
0.47
5.83
3.77
7.96
-9.23
7.34
-12.28
13.54
-9.48
4.93
-14.61
-2.74
-5.17
2.53
-2.58
0.1
1.12
6.05
5.66
9.35
7.15
5.44
4.55
0.33
12.63
3.71
8.03
-2.79
9.12
6.06
7.17
-2.53
1.28
3.69
4.99
-2.77
20.46
4.65
2.78
-2.19
12.08
4.62
17.11
6.8
12.35
12.34
2.02
4.88
14.64
9.64
14.82
-8.88
7.39
-2.42
3.66
-1.65
5.55
9.62
-1.44
-0.55
5.95
1.5
6.44
2.45
4.13
-8.89
-3.37
-7.15
-2.63
3.83
-2.74
-3.94
1.6
-1.74
10.82
-1.71
-4.12
0.09
-8.6
-6.93
0.08
0.51
-5.37
-6.01
-4.69
2.52
-5.64
0.4
-2.09
-5.63
1.77
-2.96
6.29
8.8
1.56
8.64
-0.72
0.08
1.13
5.48
4.77
6.65
1.14
8.75
12.74
4.87
10.2
11.19
17.79
3.95
7.6
2.72
12.19
10.8
3.83
7.51
19.1
4.49
15.83
7.19
15.11
9.26
15.82
1.96
21.5
7.98
7.51
5.52
7.81
10.23
10.92
11.06
14.6
-0.07
17.38
-1.96
8.73
6.19
3.34
14.35
7.74
8.16
1.68
8.23
-3.15
10.27
-0.69
19.17
4.04
17.17
6.25
14.16
12.27
1.22
20.22
-4.06
17.08
-11.73
6.29
-0.39
5.38
-0.67
9.89
20.76
6.9
7.6
7.59
-0.56
11.99
-2.7
16.09
8.42
14.72
9.07
11.87
12.62
17.36
11.97
13.96
16.36
6.85
0.38
4.75
-0.84
9.23
-7.22
6.36
-3.86
11.36
-2.96
4.85
3.2
12.91
3.51
16.33
-0.55
13.46
4.54
14.69
1.66
16.71
10.47
8.5
8.42
16.54
7.67
14.25
10.51
15.41
9.71
13.94
15.67
14.74
27.69
17.53
10.75
12.99
10.93
28.99
-3.76
8.64
-4.53
6.83
-1.79
11.46
-2.03
13.24
-4.26
18.97
-0.65
18.71
11.05
15.77
3.34
9.02
12.58
12.58
8.34
19.27
2.8
6.86
8.44
0.45
-1.07
2.3
-0.43
4.7
7.73
7.87
12.81
5.45
-6.98
-0.2
11.55
0.63
1.34
-7.96
3.53
-1.13
11.27
2.7
13.86
2.21
9.73
-3.11
-0.7
7.75
-1.8
10.74
2.1
3.54
-8.25
-8.09
8.17
10.46
3.1
-5.82
0.13
6.62
0.67
6.87
8.27
1.83
2.68
4.2
-2.82
4.5
-0.51
3.7
3.82
1.83
2.64
0.41
5.14
0.37
6.57
7.23
2.06
8.78
-0.14
1.23
0.17
2.88
-0.65
8.75
-9.62
-2.61
-2.15
-2.22
-6.76
7.5
-1.61
5.33
15.45
6.23
-3.6
3
-1.62
12.77
-18.51
4.87
-0.06
1.04
-2.85
5.3
-5.76
14
-8.32
19.03
-15.97
13
-8.14
12.45
8.45
5.84
-1.04
16.88
-2.16
11.61
-15.79
8.19
-8.98
3.08
1.22
8.98
-15.32
10.85
-10.62
15.7
-5.99
6.75
12.82
13.39
19.06
13.11
12.13
20.56
7.79
4.6
-0.01
1.99
14.72
2.66
11.61
3.22
8.6
3.98
10.9
0.81
3.09
-3.5
7.4
5.04
3.74
3.14
11.51
14.74
-0.59
18.55
1.67
12.51
2.24
12.4
-0.31
16.99
-2.34
3.79
-1.11
20.13
3.8
18.6
11.27
18.67
9.14
10.58
6.31
6.15
6.02
-2.2
3.98
-0.69
9.07
4.67
1.76
5.15
4.99
15.38
6.2
5.25
-12.62
5.84
-5.9
4.97
-3.78
5.72
4.73
2.03
-3.33
-3.23
-0.04
-6.01
-6.96
6.97
3.56
-9.68
-2.53
3.4
8.99
1.29
4.36
-2.71
0.17
-12.47
11.59
0.23
11.47
10.73
2.76
9.25
9.92
8.43
5.24
2.72
9.98
0.66
12.15
14.22
10.41
-4.31
-7.9
4.18
15.86
11.78
15.13
6.5
6.08
0.76
16.25
6.94
1.52
9.88
11.88
16.94
2.75
15.43
-8.58
13.19
-5.33
18.08
4.25
17.5
9.56
16.45
0.79
16.09
2.03
16.14
9.12
12.08
8.64
20.52
5.52
17.14
9.03
15.44
5.51
13.76
7.68
15.6
10.35
23.57
3.36
17.32
15.56
13.23
11.32
20.79
-7.45
27.39
1.35
22.42
-2.55
6.82
0.74
1.77
9.04
-2.11
14.66
0.65
11.49
6.15
12.88
4.23
7.53
1.75
-5.93
6.48
-8.57
11.85
-8.86
4.87
-4.13
-0.96
-4.97
-7.63
-2.38
0.46
-4.56
-8.79
7.8
3.79
1.85
-10.23
6.13
6.12
-1.66
-1.47
14.4
-8.53
17.6
-10.45
20.12
3.29
13.82
-6.09
17.58
10.27
19.94
5.24
22.29
5.63
-1.75
5.99
5.2
-3.63
7.33
-1.39
3.54
-2.92
1.2
7.35
-0.18
3.37
0.32
1.4
-10.02
-0.21
-0.78
2.32
7.94
7.8
-4.85
6.73
0.96
5.04
-6.18
-0.97
-11.73
-3.47
-13.9
-0.22
2.07
-6.36
-5.81
2.91
3.83
-6.54
4.25
3.37
3.99
6.43
-7.07
9.06
-3.02
8.83
-13.57
1.56
-0.24
0.37
5.74
7.06
-5.17
9.14
-0.15
0.22
4.15
6.66
10.02
8.42
-7.46
4.58
1.42
6.41
12.27
14.62
11.38
0.42
10.71
-0.45
1.29
-1.93
10.21
4.34
7.42
2.26
9.74
15.59
0.09
12.16
0.11
8.19
11.8
12.63
-4.73
11.89
10.18
-0.09
6.14
-10.34
0.29
-9.09
3.4
-4.07
8.79
-6.56
4.55
-0.49
11.73
2.7
0.71
2.87
8.35
4.41
5.82
5.65
10.68
5.81
11.33
-7.76
10.88
4.38
4.92
5.8
7.16
9.58
14.63
9.18
4.55
9.74
2.55
11.82
0.93
-0.88
5.28
0.44
-2.21
-4.41
11.42
-10.31
17.21
-0.84
19.54
7.57
20.97
-2.31
13.09
7.24
13.99
10.36
18.52
8.43
11.63
-4.76
12.57
0.85
20.75
-0.94
19.9
-1.65
22.01
-1.17
-2.32
12.24
3.21
-1.53
4.98
2.84
19.18
-2.59
17.27
7.15
8.26
-0.53
12.13
-13.07
1.86
-4.45
9.21
-4.57
10.85
0.11
9.27
-6.71
9.34
-0.61
9.25
2.84
8.95
-0.98
14.84
7.11
6.72
-3.81
1.85
9.66
5.09
5.32
1.65
12.77
-2.84
12.27
0.63
7.53
9.08
7.18
2.22
-0.38
9.33
1.04
8.71
-3.04
9.07
-3.98
10.25
-4.89
6.52
5.94
8.19
0.45
7.11
-7.67
11.87
-3.09
17.06
10.71
12.68
20.76
8.23
30.64
4.17
28.9
-3.64
22.67
5.46
18.93
6.44
15.41
9.83
10.56
1.43
10.92
-2.99
16.55
6.98
11.15
12.43
20.16
10.51
23.83
5.43
24.54
8.63
19.32
2.54
11.69
8.82
14.85
1.04
13.99
-1.36
17.56
3.39
16.3
8.97
15.65
1.61
13.5
-14.81
14.15
11.24
12.42
4.36
12.44
10.08
13.37
4.3
7.41
1.38
22.97
1.95
10.79
7.08
8.17
11.63
24.7
0.23
16.08
2.62
12.24
11.35
11.69
7.67
8.74
4.7
13.91
3.54
18.49
1.66
15.69
18.77
26.45
12.63
19.48
19.43
15.19
11.93
25.1
1.5
19.63
4.17
15.75
3.34
18.58
14.27
13.66
1.8
14.33
1.19
19.04
0.65
10.62
-5.58
15.59
11.73
13.61
11.91
15.52
11.59
23.21
7.33
15.79
9.55
20.46
6.35
5.78
10.37
15.14
12.41
-4.02
14.61
-0.33
-1.64
0.75
-0.75
2.84
4.34
4.84
5.15
4.37
-1.36
7.99
-0.17
16.31
8.18
-1.96
9.04
1.89
17.64
2.54
15.22
-3.61
18.85
-0.69
10.55
9.48
9.09
4.03
-1.27
4.76
6.14
1.38
6.79
-0.63
-5.09
3.16
5.89
9.33
-4.91
1.47
-12.19
17.86
0.36
15.85
3.26
12.69
-5.03
9.26
0.71
20.53
16.63
15.24
13.89
6.79
28.87
16.67
8.01
14.73
7.94
11.58
19.09
3.91
-4.66
4.89
-7.29
4.36
6.06
2.48
15
10.03
-2.18
22.01
5.68
21.79
3.76
16.74
-2.5
15.59
6.53
13.1
8.23
18.96
13.86
14.06
3.85
12.01
8.45
20.77
-3.05
18.21
3.84
10.06
12.14
19.72
17.19
19.57
6.77
11.04
4
15.56
-0.19
8.09
2.12
-5.07
1.57
-1.65
13.28
19.63
1.89
18.11
2.12
17.54
1.55
10.28
20.83
3.56
0.53
21.06
3.3
13.18
4.17
13.05
14.86
18.14
21.23
18.88
16.39
10.34
-2.6
13.53
8.04
14.64
7.98
14.2
2.41
19.5
11.62
6.13
6.86
9.16
-1.86
20.67
2.02
10.73
-1.35
22.26
5.79
15.31
-5.92
4.32
-0.4
9.85
1.66
7.52
4.69
16.21
1.14
15.05
-7.01
5.89
5.15
3.24
0.58
2.83
2.51
15.81
4.52
8.43
-0.11
3.03
-1.54
10.72
10.7
19.23
14.84
9.49
5.22
4.69
12.56
0.18
7.17
1.83
12.46
-0.47
4.93
2.85
11.35
4.37
9.08
10.86
2.28
13.15
9.39
9.18
-0.89
-2.38
7.14
11.14
12.58
4.92
1.53
3.4
8.02
10.97
7.08
5.53
1.45
4.08
5.01
3.48
0.46
-1.25
-2
-0.8
1.43
8.19
-0.42
0.84
5.55
0.85
-3.77
12.37
5.05
4.53
11.68
5.11
5
6.34
17.83
9.5
10.03
14.48
17.5
16.46
-4.71
13.23
1.08
17.78
10.01
18.78
-2.51
16.32
6.26
9.55
4.79
2.55
2.56
1.89
-2.26
3.1
15.78
5.61
-7.14
13.27
5.56
10.2
11.3
8.52
-1.25
4.29
13.97
9.82
10.34
8.82
7.15
15.63
-5.98
0.07
1.27
5.92
2.33
2.73
13.48
-4.94
16.61
4.6
-7.66
-4.4
6.51
0.56
5.23
-0.21
9.45
3.59
-3.01
17.47
4.01
8.86
0.75
3.89
7.24
9.45
10.09
2.03
5.57
7.77
-0.74
3.78
12.6
-3.8
10.14
10.33
19.86
5.51
14.18
2.01
17.83
7.19
18.43
12.48
9.55
2.02
20.68
5.84
14.06
-3.09
23.25
-3.5
5.36
5.86
24.71
1.07
10.84
3.66
3.23
0.89
4.88
5.35
7.64
3.96
1.9
5.47
-1.42
3.47
-5.82
9.57
7.12
0.21
0.76
4.26
13.82
2.87
3.25
2.43
15.55
4.51
-0.4
13.03
4
0.01
5.92
7.94
7.88
13.53
-0.14
10.45
11.99
12.8
10.78
7.18
16.52
9.42
-7.47
5.6
1.97
10.43
-5.41
-1.16
2.59
3.37
-2.65
-8.67
0.93
3.88
-6.36
5.99
-4.07
8.64
8.53
6.87
-2.96
3.61
-1.41
2.81
-1.15
4.51
2.04
3.7
-1.94
2.65
1.01
-4.29
2.64
8.08
3.72
8.4
-12.11
1.62
7.92
10.28
3.05
9.8
6.4
8.81
2.34
13.1
10.81
19.84
2.26
10.15
10.83
20.87
11.41
20.8
11.92
16.77
13.2
1.64
22.47
-1.13
15.65
-2.32
5.85
-7.07
8.58
7.9
10.88
-13.69
11.04
-3.51
4.22
2.34
0.6
-0.63
11.54
-10.97
3.58
-5.39
11.07
1.71
6.09
3.5
3.66
2.51
17.36
-2.04
18.95
-1.05
18.08
4.66
16.47
-4.89
9.82
-0.04
4.87
1.56
6.25
-2.62
6.26
-1.33
5.02
13.6
9.52
9.18
12.26
4.86
5.08
16.11
-0.46
20.1
1.24
5.04
7.28
7.25
3.58
10.2
8.07
7.02
9.84
3.93
10.42
2.79
8.29
4.72
0.76
3.57
-1.29
1.27
1.14
3.59
9.92
5.04
-4.33
11.34
9.83
-3.89
11.25
-8.33
-4.08
-5
13.27
1.2
13.47
3.69
0.3
3.31
13.21
3.33
12.29
2.16
23.16
14.78
17.16
4.26
23.85
11.14
12.46
13.98
12.02
-4.94
22.83
1.83
11.4
4.28
5.6
7.78
5.57
-2.39
-5.12
6.12
-0.22
11.23
8.67
8.44
5.34
1.11
7.07
-2.08
4.68
-4.26
-1.62
5.06
3.66
-0.59
4.92
12.45
-4.16
7.6
10.3
2.43
13.2
-4.47
-2.15
1.3
8.6
-5.41
6.51
10.19
-4.9
2.57
1.7
8.7
2.84
6.26
-10.12
4.75
-12.95
12.07
-12.27
14.04
-5.41
16.22
-19.54
20.5
-6.76
11.94
-14.91
21.29
-13.84
10.99
-6.63
0.23
-5.16
8.92
0.27
20.37
-1.28
11.54
15.62
14.61
12.26
22
4.21
19.7
0.8
13.79
-2.62
8.78
-0.96
5.1
8.29
15.34
4.31
6.53
10.91
4.22
20.26
1.47
11.96
-1.87
7.01
7.35
6.04
1.32
3.51
-4.77
13.3
-5.01
16.26
-2.29
8.31
11.41
5.31
7.66
15.39
13.18
10.38
7.49
5.9
-1.17
2.33
2.01
14.12
7.28
20.14
-9.99
10.18
-2.8
7.01
2.58
-10.07
2.71
5.99
9.3
-2.79
24.25
-6.35
12.03
4.68
15.59
-0.62
10.85
12.21
9.7
1.1
13.78
1.14
13.74
2.8
-9.93
10.48
17.42
16.55
0.81
7.27
5.3
8.64
7.71
9.47
3.56
2.76
1.86
-4.99
-7.59
14.24
-10.15
2.73
2.83
3.4
11.67
10.07
5.63
15.02
13.35
6.44
25.84
7.81
19.33
13.93
17.07
3.64
12.74
22.26
14.84
-0.6
14.81
0.67
13.61
-1.44
7.91
-11.09
14.57
-7.91
-0.35
7.26
7.69
4.44
10.31
-1.61
6.96
0.1
3.38
14.47
-0.45
1.98
-13.18
20.32
3.28
5.72
5.47
9.49
5.83
8.06
-1.55
8.23
16.09
9.84
25.31
15.24
15.52
8.39
23.2
-3.57
17.91
6.9
16.4
5.24
23.9
2.09
22.31
13.79
21.51
17.07
11.06
22.94
23.82
10.39
10.84
-0.15
7.74
-4.15
12.09
0.4
21.13
-0.97
21.33
8.1
37.04
12.89
19.17
7.24
18.99
-4.41
9.26
-4.51
16.01
-6.83
10.96
-1.49
11.35
4.59
6.7
8.8
20.53
7.99
24.45
-10.43
11.66
1.89
23.02
-0.33
23.66
-0.79
17.22
-3.7
19.26
-5.11
11.2
8.14
5.35
5.25
14.28
2.14
22.37
5.2
13.89
-12.58
-0.18
-1.22
5.45
2.4
14.01
3.41
7.09
1.47
10.45
15.72
5.43
35.68
4.65
17.48
-7.49
11.61
4.48
13.95
6.33
2.87
6.76
-2.89
9.87
11.28
12.3
15.23
9.55
6.91
-11.05
20
3.79
10.09
6.86
9.07
5.39
20.55
-3.81
-3.03
-3.93
2.13
-4.76
2.89
-4.97
8.39
12.43
-1.24
9.71
2.92
1.01
-2.27
6.98
-5.89
12.61
-3.93
7.08
10.35
-2.2
2.19
-4.42
3.55
1.68
1.46
11.77
-9.41
8.56
2.48
3.39
-8.12
-0.46
5.49
11.12
6.09
20.72
13.45
-0.25
8.84
2.17
6.9
2.56
-3.79
4.55
9.58
6.24
10.47
-0.16
4.96
-6.27
6.12
-2.83
-0.64
-11.77
9.36
-1.88
-12.7
-4.42
-1.03
0.18
2.34
3.1
4.12
-2.87
2.68
7.96
-3.67
-1.83
12.03
1.46
10.21
7.75
13.1
1.41
6.25
8.1
13.15
4.76
4.61
14.8
8.1
22.88
-2.07
19.05
-9.21
27.65
-7.84
27.11
-4.29
25.01
-8.78
6.22
3.46
0.36
-4.04
3.32
4.88
8.28
3.48
-2.09
-8.23
-2.68
4.49
3.93
2.3
-0.52
-1.55
-1.97
1.5
3.65
-8.06
-3.97
0.01
9.17
9.25
4.97
11.64
7.39
8.78
1.09
0.34
4.5
-0.17
4.67
3.04
10.41
-8.02
4.97
2.15
-5.84
7.67
3.1
-3.6
-0.28
-4.54
-2.18
2.48
2.08
-1.15
2.14
14.68
-5.61
10.67
-4.48
10.64
-5.54
3.88
4.17
3.83
9.8
-0.05
-3.46
7.82
5.04
7.87
-2.44
14.51
0.52
10.11
8.06
2.13
-0.07
16.01
1.06
4.26
7.77
1.59
15.78
4.69
12.53
-2.46
33.98
3.79
13.58
-1.61
13.08
2.42
-1.96
7.78
10.72
-4.36
21.11
1.82
11.88
9.12
0.57
8.04
7.79
3.9
15.58
-3.73
25.22
3.44
19.83
13.74
6.02
4.04
4.84
11.09
14.14
9.89
12.29
18.62
14.61
15.9
7.47
5.39
5.9
17.95
5.63
11.15
10.88
11.01
1.03
-2.62
-5.49
6.47
-8.58
3.19
4.43
8.91
-1.95
-10.91
3.78
-3.51
-2.03
2.46
13.58
9.89
17.6
7.67
0.71
-0.9
11.17
-3.01
3.38
-4.37
2.06
2.84
15.9
-3.28
0.51
-3.73
-4.54
1.49
-1.03
9.79
-2.02
-1.28
3.51
1.76
0.54
2.93
11.26
5.84
1.12
4.69
6.99
7.49
5.82
-5.58
6.95
6.02
-3.42
4.83
-6.36
-2.31
-4.35
4.14
-1.36
18.45
5.35
17.67
12.26
-1.2
-4.42
4.48
2.9
-5.46
11.02
2.67
-4.13
9.48
-3.71
8.18
-7.73
0.21
2.77
2.55
-12.35
7.82
3.37
11.99
-1.43
5.04
5.67
11.2
2.06
12.38
1.95
4.09
-0.21
-1.26
3.51
18.41
2.59
0.94
-9.8
5.11
-1.21
9.69
3.74
8.43
-2.7
4.84
-11.71
9.03
-4.42
3.98
0.12
16.06
8.47
20.25
2.09
2.14
0.89
5.94
-1.58
-8.94
9.19
-4.02
1.3
-12.84
8.93
-7.98
-0.77
-1.67
7.41
0.85
16.8
-0.07
14.47
5.13
19.46
7.34
23.57
8.72
17.67
12.93
12.72
7.22
15.17
-1.14
6.17
3.38
12.97
7.19
13.69
7.13
10.39
-0.16
14.21
-1.83
15.05
-0.37
10.2
0.66
-5.3
0.94
-1.4
9.19
-7.73
8.47
-6.06
1.12
4.82
13.48
9
16.37
0.43
15.32
-1.73
9.25
9.72
8.47
11.58
10.12
21.15
7.61
12.91
-1.79
12.02
4.99
6.1
0.29
5.44
15.52
0.4
10.94
-7.16
12.41
2.84
12.46
3.79
13.83
11.75
-2.15
12.88
8.19
11.03
6.46
7.67
15.29
17.94
16.55
20.1
8.3
10.16
11.9
16.44
19.26
18.85
22.91
18.54
21.28
15.07
12.14
21.03
3.85
8.85
-0.97
5.66
12.61
6.96
14.68
17.37
5.4
11.9
4.73
5.39
6.29
1.53
10.11
-9.85
5.34
-1.96
13.11
-12.14
14.22
5.69
6.55
-1.81
8.51
0.67
1.15
4.74
-9.09
10.11
-0.46
8.23
-5.99
-7.91
-13.41
-8.41
-1.95
4.97
4.84
-3.4
-9.68
7.28
3.74
-2.37
-2.85
4
-2.75
5.15
-7.1
-5.76
2.68
-2.9
-1.17
8.8
8.41
3.41
10.56
-3.02
10.38
11.59
7.55
10.43
-0.48
5.98
3.1
9.88
-3.92
4.98
19.71
3.57
1.55
1.75
4.27
13.89
4.42
16.11
-2.07
2.26
0.45
6.2
8.71
6.9
2.11
7.96
-1.11
-3.15
3
2.5
-2.46
0.52
-3.23
-4.69
2.7
4.06
3.16
4.47
5.66
10.08
5.36
17.54
1.18
12.32
4.37
12.56
-0.04
4.86
7.86
12.28
9.2
7.46
0.58
0.57
6.57
6.91
3.07
3.14
3.32
-7.72
-5.52
7.8
7.82
-3.98
9.14
-2.14
-3.55
3.43
6.15
-13.11
11.23
4.04
19.55
-9.66
11.65
-2.13
5.9
4.82
6.55
-3.06
2.85
-0.54
13.45
1.07
-1.34
-12.66
-1.02
-2.08
-1.76
-1.87
-6.02
7.12
9.54
12.08
-0.7
12.73
0.41
21.55
6.57
14.71
5.16
16.39
7.98
18.22
-2.7
21.11
-4.51
15.32
7.61
23.94
8.88
18.9
19.19
13.1
17.2
4.23
4.83
5.4
5.34
7.6
4.14
14.88
5.32
8.25
2.36
2.67
10.52
11.43
0.58
3.79
0.96
-2.63
2.34
3.1
6.82
-3.95
7.66
1.44
-3.05
4.75
-1.1
11.19
2.72
-2.87
-4.95
9.29
-0.99
10.17
-4.45
17.15
-2.7
-3.28
2.38
2.2
8.35
1.88
-0.49
0.4
-4.87
4.04
-3.57
9.64
-1.32
8.28
14.78
3.07
12.05
6.42
7.95
25.6
3.42
19.3
11.23
16.23
9.52
18.7
2.82
17.03
-7.65
18.19
3.77
28.3
-2.16
16.08
-4.3
16.56
-4.33
22.42
2.07
15.81
11.14
10.37
3.63
21.14
2.03
19.51
5.93
19.18
6.78
8.06
9.97
16.06
-3.47
14.53
-5.2
13.98
-7.5
14.27
-4.91
11.25
-1.93
14.37
3.81
12.69
10.98
8.19
11.86
20.71
6.42
4.81
17.04
16.26
15.34
11.33
8.65
5.79
3.17
10.07
15.17
11.89
12.92
3.13
4.68
11.77
4.91
8.83
12.43
5.95
7.71
12.36
10.12
13.57
15.65
13.46
17.6
18.05
19.27
23.7
-0.74
18.86
3.51
14.67
12.37
14.5
7.97
14.58
-5.64
10.11
-1.58
9.06
-4.29
11.15
4.95
0.66
-3.87
5.19
3.75
-2.25
8.33
-0.55
-2.95
1.09
6.68
12.3
6.91
12.21
5.93
5.04
3.14
4.44
32.18
10.9
20.51
10.88
18.68
15.36
27.64
13.04
25.72
15.13
17.17
17.9
6.28
7.43
14.17
5.98
14.99
-4.63
16.89
-1.42
13.1
-0.19
-0.47
1.04
15.57
8.44
11.29
14.12
3.32
14.26
7.7
6.09
0.43
2.62
9.69
-2.81
11.93
1.8
11.18
-1.45
23.26
0.03
13.58
1.67
-3.49
-10.04
-5.04
-2.97
12.83
-2.25
12.41
-0.21
14.17
-2.52
2.29
-2.93
18.09
4.64
15.99
4.41
7.59
10.37
9.91
1.58
4.69
3.62
-1.22
12.06
7.65
1.47
6.17
7.67
4.99
26.08
0.49
4.16
-5.21
-0.23
4.66
0.32
12.79
-5.12
1.8
5.24
-4.01
10.61
2.56
4.11
-13.7
-6.48
5.51
2.99
-1.77
0.2
-3.62
8.63
-0.9
8.59
4.94
6.06
0.79
5.65
-6.86
9.77
0.85
7.18
-0.68
-6.98
4.83
17.77
1.96
15.08
0.36
-0.06
6.72
5.15
5.7
22.75
12.44
18.52
4.74
6.32
3.11
15.98
-2.26
2.2
8.73
8.85
5.34
16.71
-2.41
16.23
13.59
24.25
-3.42
12.25
-2.02
3.55
7.27
3.28
1.18
13.23
-6.04
13.83
-1.64
13.06
6.83
16.47
0.82
21.79
0.13
18.44
2.21
20.84
5.63
23.52
4.47
14.39
-1.55
-2.33
1.29
0.81
7.28
-0.27
6.77
-4.85
13.34
5.13
-3.42
2.4
4.3
1.21
6.51
-5.61
-3.99
5.75
-2.35
9.72
4.07
-5.26
-5.01
14.24
-0.01
2.72
3.22
5.55
7.68
2.95
2.3
0.34
-3.37
-3.97
11.67
6.34
0.28
-1.34
5.77
6.77
9.19
4.79
4.59
6.19
15.71
1.86
12.06
1.86
7.27
16.5
-0.45
1.08
7.78
9.96
7.38
16.51
1.67
0.84
3.92
-7.2
2.32
-1.25
6.17
-4.57
-1.7
-3.56
7.38
1.71
0.14
-2.66
-2.23
5.01
2.63
1.75
-4.23
10.96
0.32
13.14
14.91
13.95
8.81
14.75
14.45
13.25
-17.68
10.96
-14.34
5.04
-4.95
0.62
0.33
6.04
8.34
2.25
5.49
5.77
-4.18
7.12
-2
13.95
6.42
10.16
10.78
7.77
9.73
0.58
4.48
9.67
4.56
19.53
-1.78
7.19
3.49
-2.12
3.29
7.19
9.84
8.91
4.75
0.99
-1.41
-2.6
8.09
-9.69
12.83
2.34
3.32
2.97
6.77
1.41
-0.3
-2.55
3.73
0.31
-2.07
3.37
-2.66
7.3
-5
-3.63
-3.07
0.83
8.56
1.8
9.92
-4.66
8.54
-3.17
5.03
-4.01
-6.67
4.91
5.18
5.57
8.41
13.65
9.41
14.05
5.92
7.56
11.53
14.56
3.21
2.8
5.1
12
8.4
9.32
7.44
11.05
5.93
1.14
1.03
0.98
8.72
-1.47
4.02
-12.97
-1.84
2.21
2.78
0.34
4.26
6.26
-2.47
1.86
0.94
17.44
-0.61
13.11
3.36
13.77
-1.88
5.92
-4.78
1.46
-3.16
10.02
-0.53
7.07
9.27
20.26
-2.94
22.95
8.56
11.71
-1.94
9.57
-2.4
8.31
-1.72
22.51
-1.97
11.11
3.72
8.07
0.75
11.72
-10.42
6.89
-6.36
10.3
-6.73
14.4
5.83
9.93
2.08
14.3
-8.7
15.16
-4.31
5.01
-2.18
6.56
-10.18
8.05
-0.1
11.58
-5.83
11.2
-2.47
13.32
-5.83
21.28
-10.6
13.88
-10.1
13.76
-6.58
10.24
-8.61
18.18
-3.07
16.55
-10.73
16.23
-8.08
13.6
-0.76
24.41
-8.08
7.42
-1.19
20.54
0.1
17.32
1.3
12.15
2.15
11.73
-0.02
8.5
10.44
3.34
16.3
2.89
9.3
25.47
8.65
4.52
14.92
16.21
20.32
12.34
9.66
5.65
6.71
0.71
6.26
-5.25
15.2
8.47
13.62
4.34
9.76
4.7
7.03
4.69
2.71
10.73
7.33
13.14
6.94
16.11
12.92
13.37
10
16.34
10.56
6.55
10.41
4.04
9.66
-0.04
7.37
4.74
8.14
-0.76
11.12
8.83
6.93
2.76
17.09
0.35
5.64
1.66
6.16
3.56
4.34
8.63
6.01
11.03
2.73
16.95
6.23
9.32
9.84
7.88
9.72
10.63
0.52
11.37
2.06
4.9
5.77
22.29
23.36
7.47
-1.79
7.06
16.34
18.03
12.51
9.38
7.73
-1.61
2.36
0.46
8.23
4.49
6.76
7.91
0.21
13.4
-2.06
4.06
3.46
7.74
7.85
4.92
8.72
5.01
-0.99
10.03
7.62
5.63
0.46
11.96
8.03
12.48
4.32
-7.92
13.45
3.51
-3.07
-1.68
-0.59
3.29
6.4
10.55
4.69
5.93
6.13
1.71
16.28
6.24
-1.53
9.2
-0.29
0.41
-2.91
-1.28
2.94
5.14
2.8
15.09
9.91
19.68
23.92
5.57
16.88
2.44
15.01
-9.28
9.64
-2.72
8.41
13.28
-0.81
-11.45
-5.78
-4.26
1.25
-0.34
-0.72
6.51
0.12
-3.43
-3.14
6.38
8.04
9.69
13.26
16.91
8.64
-0.24
6.88
-1.03
0.37
-1.34
-9.32
7.59
-12.65
2.73
-13.73
5.3
-10.94
4.66
-5.56
-0.51
4.43
0.41
-4.47
15.24
5.54
12.3
19.81
2.55
10.32
8.12
19.78
8.62
18.21
-1.38
15.63
-1.43
19.31
-7.32
12.18
-2.92
13.62
-0.56
5.77
1.91
-0.27
0.34
-8.45
-1.58
-0.87
8.3
6.5
-5.69
-3.83
1.9
13.04
7.08
9.22
10.61
8.69
-5.06
16.25
-3.39
-4.09
0.64
-3.33
6.69
-5.42
9.5
1.47
-3.47
-4.75
-3.96
2.36
-2.33
1.8
8.04
-1.79
-1.42
-5.85
-0.06
2.73
1.25
-1.75
2.92
-5.84
11.49
-1.41
5.86
2.73
4.12
5.78
4.84
7.92
-0.65
6.97
12.54
5.01
-6.36
6.19
-9.72
13.59
-8.78
3.6
3.98
1.35
7.99
3.77
-1.91
7.35
-12.49
4.56
-4.5
7.01
-3.23
5.51
-2.42
0.67
-0.05
6.29
-3.25
8.01
