1.9601
2.0115
1.9593
2.2439
1.9498
3.5087
1.9421
1.9529
2.0024
1.9832
1.9624
4.3682
1.9556
1.9656
4.1394
1.9789
1.9453
1.9482
1.9536
1.9535
1.9918
2.2103
1.9788
1.9989
2.0120
2.4639
1.9758
1.9460
2.0035
2.0197
2.7728
1.9696
2.0076
2.0676
5.7998
1.9737
1.9759
1.9535
2.0016
2.7907
1.9706
1.9497
1.9764
1.9531
1.9963
3.0480
1.9677
1.9730
1.9520
1.9641
1.9718
1.9668
2.0402
1.9706
2.0870
14.5115
16.6179
21.4064
40.5538
1.9885
1.9788
1.9912
1.9840
1.9819
1.9689
1.9780
1.9851
1.9399
1.9646
1.9526
2.6836
3.4373
1.9512
1.9769
1.9440
2.9800
2.0007
1.9576
1.9751
2.3038
1.9507
1.9619
1.9787
1.9657
1.9507
1.9880
1.9848
1.9524
1.9491
1.9891
1.9634
2.0038
1.9873
2.0065
1.9884
1.9995
2.0086
2.1511
1.9642
1.9611
1.9616
1.9534
1.9674
2.6402
1.9473
1.9649
1.9660
1.9617
1.9645
1.9547
1.9628
1.9480
1.9645
1.9527
1.9833
1.9632
2.1185
3.0766
1.9544
1.9430
1.9785
1.9548
1.9666
1.9672
1.9728
1.9675
1.9631
1.9681
1.9576
1.9442
1.9656
2.1041
1.9519
1.9569
1.9589
1.9626
1.9639
1.9501
2.4142
1.9378
1.9376
1.9731
2.0180
1.9507
1.9655
2.0387
1.9398
1.9697
1.9590
2.4710
1.9407
2.2085
1.9901
3.1696
2.3945
2.5862
2.3857
2.9286
2.7911
2.6478
2.2258
2.3363
2.0809
2.0582
1.9705
1.9974
1.9965
2.2427
2.5020
2.3972
2.0848
2.0588
2.0052
2.0145
1.9962
1.9684
1.9896
1.9894
1.9847
2.0040
2.3313
1.9921
1.9901
1.9824
1.9969
2.0272
1.9773
1.9666
1.9894
1.9815
2.0162
1.9794
1.9827
3.5386
3.5364
3.5356
3.5447
3.6574
3.4916
1.9874
4.4564
1.9949
1.9651
2.0056
2.0770
1.9798
1.9796
1.9739
2.1285
1.9654
1.9689
2.0266
1.9799
2.0318
1.9876
1.9893
1.9760
1.9699
2.3227
2.0093
1.9843
1.9654
1.9813
2.0060
1.9822
1.9922
1.9815
1.9528
1.9529
1.9862
1.9847
1.9833
2.0036
1.9909
1.9828
1.9574
2.2762
1.9676
1.9516
1.9553
1.9699
3.2588
1.9600
1.9659
1.9517
1.9545
2.1102
1.9563
1.9623
1.9504
1.9729
2.0025
1.9893
1.9782
1.9547
1.9921
2.1413
1.9821
1.9647
1.9732
1.9735
1.9917
1.9637
1.9972
2.0022
1.9600
1.9705
1.9628
1.9454
1.9553
1.9591
1.9819
1.9508
1.9566
1.9593
1.9659
1.9680
1.9509
1.9592
1.9656
3.0312
1.9608
1.9666
2.0017
3.5331
6.8318
1.9634
1.9824
1.9986
1.9589
1.9782
2.0141
1.9819
1.9965
1.9962
1.9906
1.9963
2.0018
1.9916
1.9630
1.9515
10.3888
2.0015
4.0097
1.9699
1.9832
1.9729
1.9876
1.9549
1.9666
1.9552
1.9673
1.9623
1.9491
2.0159
2.6999
3.0448
24.0522
29.6775
1.9686
1.9654
1.9597
4.1153
1.9772
2.0000
1.9791
1.9627
1.9539
1.9700
1.9514
2.2634
1.9526
2.9486
1.9484
1.9795
2.0180
2.0172
1.9845
1.9856
3.5495
13.0216
2.8716
2.8440
5.9875
1.9459
1.9591
1.9867
1.9716
4.0731
1.9554
1.9467
1.9461
1.9710
1.9494
3.4197
1.9553
1.9726
1.9791
1.9704
1.9571
1.9570
2.8666
1.9620
1.9486
1.9743
1.9430
1.9488
1.9676
1.9613
1.9657
2.0144
2.2028
2.5412
2.6793
2.4455
2.6088
2.3695
2.5003
3.4336
5.0510
3.5997
2.7553
2.6048
2.7835
4.2449
1.9848
1.9778
2.2010
2.6359
3.5828
2.0011
1.9515
1.9659
1.9839
1.9554
1.9631
1.9751
1.9549
6.1755
1.9586
1.9770
1.9644
1.9744
1.9503
2.1850
2.0095
1.9426
1.9782
1.9486
1.9456
1.9579
1.9327
2.5064
1.9664
1.9521
1.9763
3.2175
1.9422
2.0058
1.9507
1.9572
1.9915
1.9896
1.9689
2.0039
1.9719
2.0196
1.9841
1.9821
1.9702
2.0001
1.9760
2.0642
1.9878
1.9807
1.9914
1.9878
2.0018
2.0110
2.0198
2.0136
1.9715
2.0052
1.9912
1.9675
1.9924
1.9658
1.9807
2.0332
1.9835
1.9705
2.0132
1.9586
1.9957
1.9881
2.0190
2.0259
1.9838
1.9940
1.9834
1.9739
1.9643
1.9855
2.0099
1.9877
1.9950
1.9923
1.9849
1.9922
1.9809
1.9787
1.9734
3.0952
1.9852
2.7118
2.4770
3.1793
2.8975
2.6611
2.8968
2.3081
2.6966
2.9258
3.4434
3.3784
4.0231
3.0753
2.5906
2.8990
2.9924
2.2814
4.3879
2.1959
1.9796
1.9680
1.9950
1.9466
1.9901
1.9826
1.9964
3.8122
1.9962
1.9602
1.9754
4.2639
1.9502
1.9654
1.9337
1.9496
1.9658
1.9395
2.8601
1.9484
4.2864
1.9926
1.9549
1.9747
1.9668
2.2597
1.9650
1.9508
1.9460
1.9751
2.7622
3.3540
1.9642
1.9453
1.9749
2.2728
1.9672
1.9857
1.9895
1.9573
1.9661
1.9850
1.9773
2.0468
2.0077
1.9822
2.0083
1.9994
2.5025
1.9719
1.9815
2.4299
2.3866
1.9722
1.9456
1.9668
1.9970
3.4955
1.9689
1.9526
1.9691
2.0627
5.2439
1.9607
1.9783
2.0026
2.9677
1.9941
1.9686
2.0245
1.9769
3.3023
1.9780
1.9552
1.9554
2.0229
1.9765
2.9363
1.9753
1.9599
2.0218
1.9833
3.9441
1.9745
1.9580
2.0202
1.9706
3.5407
2.0050
1.9635
1.9975
1.9569
1.9761
2.6337
1.9782
1.9592
1.9580
1.9783
1.9506
1.9878
2.4931
1.9833
1.9667
1.9891
1.9550
2.0033
2.6874
1.9889
1.9660
1.9941
2.1101
3.5708
1.9841
1.9584
1.9612
1.9890
2.0279
2.0052
4.2134
2.0247
3.2267
1.9992
1.9624
1.9782
1.9756
2.0789
1.9845
1.9848
1.9801
2.0054
3.5987
1.9875
1.9896
1.9792
2.0032
1.9887
2.8322
2.0223
2.6479
3.5835
1.9838
4.0095
2.0203
1.9970
1.9945
4.0102
1.9862
1.9765
1.9530
1.9643
1.9834
1.9545
1.9561
7.0258
1.9878
1.9517
1.9828
4.0155
1.9483
1.9523
1.9572
1.9790
1.9818
3.9539
1.9683
2.7293
1.9557
5.9828
1.9882
1.9499
2.3303
1.9549
1.9713
1.9413
1.9412
1.9567
8.3242
1.9775
1.9683
1.9547
3.7795
1.9427
3.6621
1.9506
10.8331
11.5305
11.3606
3.5089
3.5272
3.5130
3.5071
3.5618
12.2996
3.5157
3.5144
3.5136
3.5443
4.1214
3.5285
3.5363
3.5361
3.5678
2.0438
2.0226
2.0217
2.3901
1.9861
1.9888
1.9857
1.9923
2.0536
