1.9754
1.9832
4.0959
1.9744
1.9990
1.9607
1.9659
1.9916
1.9608
1.9795
1.9711
2.2544
1.9829
4.6393
1.9389
2.2338
2.0164
2.8364
1.9796
1.9807
1.9795
1.9574
1.9652
8.1794
1.9810
1.9952
2.7947
1.9858
1.9572
2.0304
12.5663
1.9823
1.9913
2.3462
1.9605
1.9845
1.9626
8.3300
2.5811
1.9602
1.9682
8.5399
1.9770
1.9676
2.4095
1.9687
1.9878
1.9750
2.3841
1.9583
1.9749
2.3467
1.9726
2.3005
1.9497
1.9564
1.9741
2.0031
2.5096
1.9822
1.9993
1.9795
1.9797
1.9890
1.9713
2.5702
1.9853
1.9787
1.9651
1.9860
2.2715
1.9770
2.0094
1.9788
1.9930
2.1370
1.9900
1.9880
2.0181
1.9800
1.9852
1.9549
1.9700
2.0002
1.9575
1.9785
1.9836
1.9810
2.0552
1.9814
1.9929
1.9737
1.9761
1.9499
1.9735
1.9694
1.9581
1.9953
2.7056
1.9712
1.9900
2.0088
1.9778
1.9590
1.9818
3.1176
1.9795
1.9819
3.0936
1.9843
1.9748
2.7319
1.9681
1.9606
5.4359
2.0739
1.9941
2.0098
1.9877
1.9886
1.9639
1.9835
1.9698
1.9716
1.9911
1.9859
1.9979
1.9636
1.9631
1.9832
1.9924
1.9677
2.0135
1.9741
1.9671
1.9739
1.9791
1.9901
1.9624
1.9653
1.9781
1.9655
1.9679
1.9651
1.9926
1.9811
1.9790
1.9694
1.9674
2.0057
1.9700
1.9770
1.9735
1.9814
1.9673
1.9734
1.9766
1.9653
1.9879
1.9810
1.9705
1.9886
1.9567
1.9794
2.0065
2.0134
2.0042
1.9657
1.9888
1.9847
1.9882
2.0043
1.9552
2.1705
1.9609
1.9728
1.9587
1.9624
1.9786
1.9968
1.9578
1.9893
1.9706
1.9782
1.9619
1.9876
1.9854
1.9695
8.0880
2.0160
1.9749
1.9757
1.9694
1.9605
2.5881
1.9562
1.9522
2.0182
2.0017
1.9742
1.9477
1.9510
1.9556
2.0034
1.9938
1.9850
1.9743
1.9751
1.9718
1.9715
1.9861
1.9823
1.9651
2.0010
1.9511
1.9740
1.9682
1.9779
1.9769
1.9844
1.9601
1.9661
1.9759
1.9819
1.9980
1.9515
1.9959
1.9866
1.9848
1.9763
1.9934
1.9930
1.9754
1.9752
1.9928
1.9676
1.9548
1.9852
1.9898
1.9881
1.9730
1.9660
1.9831
1.9852
1.9735
1.9922
1.9739
1.9564
2.8144
1.9841
1.9872
6.9825
1.9734
1.9811
1.9944
1.9887
1.9828
1.9763
5.0615
2.0038
1.9713
1.9745
1.9408
1.9741
1.9880
1.9574
1.9914
6.5072
1.9684
1.9726
5.0650
1.9997
6.6192
1.9671
1.9649
1.9560
1.9953
2.0113
1.9911
1.9834
1.9574
1.9856
1.9990
1.9696
1.9778
1.9682
2.0018
1.9819
2.0109
16.4566
1.9842
1.9733
1.9869
1.9416
1.9728
1.9628
1.9713
1.9474
1.9600
1.9673
1.9924
1.9734
2.7763
1.9625
1.9874
1.9954
2.4213
1.9785
2.6177
1.9891
2.2770
1.9487
1.9803
1.9971
1.9925
2.0120
1.9684
3.0372
1.9845
1.9566
1.9671
2.3449
1.9427
2.5568
3.3223
1.9781
1.9831
1.9846
1.9642
1.9662
1.9843
2.9561
1.9726
1.9605
1.9673
1.9681
1.9625
1.9896
1.9664
1.9702
1.9574
1.9782
1.9725
1.9628
2.9927
1.9727
3.0215
3.3751
1.9591
1.9497
3.7407
1.9540
1.9881
1.9549
2.7333
1.9839
1.9571
1.9859
1.9952
2.5726
1.9793
1.9593
1.9746
1.9727
1.9586
1.9841
1.9758
2.0177
2.0650
1.9629
1.9705
1.9637
1.9669
1.9773
1.9722
1.9727
2.1198
2.7995
1.9857
1.9994
1.9721
3.6640
1.9717
1.9595
2.4170
1.9408
2.4084
1.9608
3.2686
3.8554
1.9740
1.9714
2.8934
1.9782
1.9702
3.7240
1.9706
1.9764
2.0044
3.1082
1.9878
2.2852
2.0683
2.7497
1.9648
1.9957
2.2139
2.4575
1.9626
2.6519
2.5979
1.9638
2.0188
1.9721
1.9737
2.7446
1.9741
1.9784
1.9705
2.7534
1.9886
2.5177
1.9718
2.4927
2.4279
1.9698
2.3445
1.9877
2.5709
2.0100
1.9771
1.9323
1.9738
1.9936
1.9730
2.3147
1.9789
1.9699
1.9823
1.9932
1.9819
1.9569
1.9818
1.9779
1.9723
1.9703
3.9913
4.4755
