1.12
-0.13
-1.32
-1.94
45.46
1.71
1.49
0.57
1.25
3.04
1.01
0.83
0.04
-0.26
-0.24
1.77
-1.61
3.75
1.28
-0.78
1.23
-0.66
1.03
-4.68
0.94
6.93
-3.68
1.19
0.74
1.12
1.75
0.71
2.49
4.91
0.35
0.45
-0.23
-0.72
1.35
2.77
6.79
2.6
1.51
-2.45
-0.02
0.51
5.97
1.55
1.21
-3.92
-0.61
1.01
-3.36
1.84
0.57
-0.9
-0.85
1.11
-6.47
6.68
1.88
4.38
0.66
0.21
-16.88
8.61
0.33
0.85
-0.93
-0.83
0.09
51.28
2.8
1.8
-0.13
-0.51
2.92
50.16
0.99
-3.01
0.49
-0.15
3.5
5.35
0.59
-0.76
-1.5
-4.66
-4.21
-0.42
-4.59
-2.58
-2.98
4.55
10.86
4.01
1.26
-2.3
-1.75
-21.49
-6.17
2.63
30.45
-16.85
