4.5023
3.7521
4.5099
3.4957
3.1597
3.7281
3.6731
4.5187
3.6292
3.9576
3.6970
13.0438
13.1140
4.9885
3.5908
4.1121
12.7823
3.6519
4.5245
4.1203
4.0385
3.7336
3.7200
3.7365
2.4337
3.8685
6.2506
3.6237
4.8033
3.7495
13.0388
3.3823
4.1005
2.4940
2.7534
4.1783
3.7575
6.2094
3.6988
3.5867
2.7113
13.0133
3.9398
4.0609
3.9298
3.4673
3.9803
4.0119
3.6035
3.8238
3.9242
3.6078
12.7955
3.9747
4.0512
4.1412
3.7475
3.8309
2.3837
3.6925
3.7536
3.8371
3.9695
4.3191
4.2676
3.8384
3.5162
2.4999
2.4121
3.7912
4.3178
4.0634
4.1980
3.8285
3.7934
4.0517
3.6235
3.9944
4.0850
3.9174
4.3233
2.3647
3.8578
3.5916
3.4402
2.2870
2.3617
3.4591
4.7267
3.9066
2.4216
3.4528
3.4743
3.7452
4.2241
3.6183
4.1080
3.6951
3.7674
4.1893
2.4231
3.6240
3.7244
4.5183
3.8847
4.0675
3.5966
3.8267
4.2679
3.7636
3.5362
3.6928
3.9436
3.5844
3.9113
4.6315
4.2211
4.0012
13.0820
4.4287
4.3305
3.7424
3.9758
3.7678
4.0947
3.8095
4.3356
4.1340
3.9477
3.4538
3.4701
4.0490
4.1318
3.8717
4.0576
3.7825
3.5392
3.6265
3.8091
4.2058
3.6988
3.9909
3.7618
4.0594
4.3612
3.9999
3.6818
4.3825
3.4903
3.8374
3.5076
3.6027
4.0724
7.7860
3.5934
4.2038
3.9759
3.8012
6.3485
3.7771
4.1053
3.5227
3.4703
3.8846
4.0424
3.3638
4.1237
5.4171
4.1792
3.4789
5.6076
13.2256
3.6449
7.8218
4.0274
3.6724
4.0762
4.6209
3.6169
4.5649
3.3600
4.2682
2.5190
3.7957
2.7687
3.7291
7.6615
4.0437
3.9438
4.1424
3.6777
3.9711
3.9219
3.5947
4.2689
3.7569
3.6134
3.6540
3.7331
3.8473
4.2365
3.6425
2.5163
4.2437
3.7614
3.6396
2.3871
4.0322
3.9299
4.1652
2.4860
4.1261
3.7765
4.0426
3.8195
3.8060
4.1291
2.3083
3.5214
4.2549
3.9434
3.4435
4.1580
4.0381
3.6244
4.0778
2.3246
3.8050
3.8892
3.8288
2.5781
3.8905
4.1276
3.6924
4.0734
3.7583
3.9747
4.2040
4.1806
3.5056
4.2739
3.5732
3.4881
4.1567
3.7884
3.8573
3.9628
3.7747
4.1282
4.1610
3.9822
4.0328
3.6269
3.7106
4.1620
3.7655
4.0071
3.7814
3.5439
3.6943
4.1861
4.2698
3.5983
3.6693
3.5797
3.7950
4.2383
3.6609
3.9062
3.8270
3.7942
4.2312
3.9955
3.7550
3.5187
3.7616
3.6696
3.8633
13.2158
3.7196
3.5991
4.0445
3.8343
3.7953
3.8714
3.7281
4.0878
4.1573
4.3628
4.3026
3.5001
3.9980
3.8377
4.0954
3.8174
3.5846
3.6316
3.7533
3.4005
3.8560
3.9211
12.8245
4.1312
12.3974
3.9207
3.8610
4.0674
3.3670
4.1472
3.5044
3.6016
3.8383
4.2188
4.2223
3.9644
3.9253
3.7929
3.7757
4.3336
3.8111
3.6110
4.6504
3.8821
4.1701
4.1209
3.5735
3.6011
3.6725
3.4326
3.9280
3.8656
3.6910
3.4951
4.0187
4.0619
3.7668
4.3262
12.9746
4.1201
3.7836
13.0950
2.5716
4.2790
3.7070
3.5762
2.5723
3.6567
3.8297
3.9148
3.5785
2.5145
3.4339
3.9014
4.0417
4.0077
4.1511
3.8120
3.5573
3.6764
2.3829
4.0330
3.8421
3.4627
11.4808
13.1291
3.4499
4.2684
4.0381
4.0162
4.3492
3.9954
3.4945
3.8153
3.9486
3.8665
2.4547
4.0875
12.5973
3.5815
3.9293
3.7580
3.5651
3.5296
3.8715
3.8662
4.0420
3.5746
3.6446
13.2772
2.3480
4.2580
4.3011
3.6506
2.3758
9.8091
3.9596
3.5510
3.6892
5.5376
4.3422
2.4469
3.3743
4.1326
3.7570
3.8920
4.0372
3.7756
3.5911
2.3664
3.4055
3.6806
11.1546
3.8676
2.3987
12.4642
11.9770
4.0725
3.4010
4.1720
4.1202
2.3805
4.0469
2.3844
3.3894
3.8407
3.8597
4.0882
4.0417
3.9472
4.1491
3.9944
4.1961
3.7627
10.5885
3.8700
3.7334
4.0048
3.9456
3.5969
12.8932
3.4348
3.5672
3.8425
3.8938
4.0793
4.8840
4.0862
3.8439
3.6754
3.6107
4.1592
3.9201
4.2091
3.8041
4.0913
3.8321
12.8407
4.1471
4.1139
4.4126
3.5904
3.8415
3.9735
3.9120
4.2639
3.8185
3.7308
3.5909
4.1540
3.5315
3.8741
3.9740
3.5805
3.9005
4.1763
3.7719
3.8157
4.1705
3.7428
6.5499
3.8764
13.1299
3.5493
3.6996
3.6745
4.0787
3.5823
3.7703
3.6772
3.8240
13.2065
3.9311
3.6266
3.6918
3.8222
4.0686
3.6183
4.0366
3.7941
5.4084
3.9350
3.7336
3.7519
3.8703
4.0447
3.6169
3.8989
3.9569
12.9980
3.8060
3.8352
3.8693
4.0117
3.8712
3.4433
3.6635
3.9904
3.8278
4.3449
3.8168
4.0106
4.1345
9.4874
3.5859
3.8185
3.4336
4.2416
12.5933
4.3245
3.8588
3.9614
3.7741
3.7761
3.9143
3.9167
3.7998
4.1101
12.4827
3.7849
4.0131
3.5744
3.8530
3.9358
3.7411
11.9861
3.7268
3.8891
3.8513
3.9011
3.9185
2.3376
4.0200
3.8730
3.8893
12.9385
4.3477
3.6427
3.5787
3.8791
3.7885
2.4029
4.0378
4.2376
3.8618
4.1590
3.9682
3.7259
3.9405
13.2205
12.6270
3.8764
3.9564
3.5829
4.0119
3.9842
3.9092
3.9259
3.7397
3.6924
3.9661
3.9460
3.9743
3.7271
12.8563
12.3049
3.7968
3.8866
3.9470
4.1478
3.9822
3.9677
3.7286
3.6398
4.2840
3.8233
3.4727
3.9061
3.7255
3.8815
3.8739
3.9269
4.0002
3.6312
4.0949
13.1154
4.0613
4.5960
3.8596
3.6579
3.6547
3.9741
3.9329
3.9327
3.7038
3.7327
4.0343
3.8206
4.3324
3.7080
3.6699
4.2628
4.0238
4.0259
4.0974
3.6775
3.9170
3.7072
9.5836
3.8580
3.7801
12.5020
4.0484
3.6172
3.7220
3.8354
3.7253
4.0598
3.4531
3.9598
3.7214
3.9045
3.4035
3.6990
3.9084
4.0210
3.5637
3.5296
3.8564
3.6526
3.8647
3.9457
4.0567
4.2183
3.9569
3.7071
3.9813
3.9615
13.2087
3.9009
3.7086
4.2117
3.9567
3.7134
3.8773
3.7424
3.5720
3.6482
4.0035
14.0782
3.8595
3.9963
4.0258
3.5483
3.6533
4.0483
3.9462
3.9023
4.1289
3.9580
3.9695
25.1738
3.7232
3.9244
12.8212
3.6906
4.1408
3.8360
12.8403
3.8749
3.9774
3.5933
3.7300
3.5778
3.9766
3.8781
3.7341
4.0190
4.1774
3.9074
3.8486
3.4407
3.6999
3.8117
4.0020
3.8687
3.6598
3.9051
11.1174
3.6346
3.8263
3.7531
2.4175
3.8725
2.4844
3.6679
3.7231
2.4720
2.4709
13.0604
3.6549
2.3758
3.6664
5.4970
3.7943
2.3666
2.4673
4.3192
3.7672
2.3819
3.9002
3.9166
2.4469
2.4581
3.6256
3.8641
2.3638
3.7354
3.9273
2.4351
3.7528
2.3649
2.3907
4.5703
2.3658
2.3836
3.7961
3.3784
11.4036
3.6089
13.1361
4.7683
3.7810
2.3680
4.2146
2.3765
3.6130
3.7661
2.3684
4.0761
3.7253
2.3880
3.6981
3.8454
2.3793
3.9651
4.2226
3.7387
3.5399
3.7154
3.8281
4.3584
3.7936
3.8594
3.9509
12.8116
3.8359
3.8243
4.0189
3.9237
3.7842
4.0030
4.3427
4.3884
13.0139
4.0718
3.6767
3.8294
3.0481
3.8144
3.8044
3.3422
3.8476
3.7243
3.7947
3.7768
3.6173
3.9963
3.7860
3.9744
3.4297
3.8763
3.6974
3.5790
3.8088
3.8227
3.9273
3.9424
13.0905
4.2793
3.5116
4.0729
4.0349
4.2573
4.2857
3.8360
3.7740
3.6972
3.8658
4.6116
3.8245
3.8692
3.7779
3.6389
4.0323
3.5586
3.9907
3.8394
3.6798
4.0021
3.8828
3.2291
3.7490
3.5230
3.9061
4.3240
3.7552
3.5501
3.8165
4.1520
3.7352
4.1920
3.9368
3.6071
3.6692
3.6848
3.7795
4.0460
4.0946
3.6783
3.8362
3.6916
4.5058
3.7544
3.8297
3.7563
3.7940
3.7780
3.9018
3.8394
3.8921
3.5542
3.6853
3.8339
3.9715
3.7929
3.6487
3.8569
3.9340
3.5641
3.7526
3.6965
3.9367
3.6685
4.0377
3.8561
3.6455
3.9576
3.6357
3.7665
3.6080
3.6510
3.8495
3.6174
3.7894
3.8458
3.8671
3.6506
3.8312
3.7966
3.8345
3.7677
3.8345
3.7855
4.2170
3.5909
4.2421
3.8796
3.6640
3.9443
4.1197
3.5509
4.1405
3.6468
4.0488
3.9512
3.7261
3.8341
3.4381
4.3252
9.4952
3.4278
4.3079
3.9494
3.8690
12.7281
4.0332
3.9019
2.5744
3.8826
13.1807
3.8257
4.2095
3.9863
4.0374
12.7882
3.9221
3.9140
3.6342
4.1599
3.4510
3.6333
3.5870
3.8795
3.6203
3.8048
6.0523
5.9678
6.1537
4.7977
4.2124
4.5689
5.2518
2.6793
2.6623
2.6520
2.6783
12.1728
2.7148
2.6709
2.6763
2.6844
2.7417
2.6506
2.6506
2.6753
2.6757
9.9834
2.6287
2.6429
2.6496
2.9436
2.8060
2.7604
2.7655
12.6682
2.8228
2.7983
2.7527
2.8578
13.0832
2.4571
3.1228
3.5748
3.8311
2.4508
2.4825
