2.0074
1.9995
2.0838
1.9767
1.9900
2.0016
1.9756
1.9778
1.9947
2.0247
2.0113
1.9981
1.9887
2.0087
7.6106
2.0071
1.9981
1.9888
2.6759
6.9855
2.0105
2.0295
1.9945
2.4513
1.9603
1.9945
1.9765
1.9653
1.9991
2.0268
3.5661
1.9968
2.0472
3.7484
2.0350
1.9980
2.0161
2.0052
2.8092
1.9671
1.9672
2.6226
2.0316
2.0233
2.0040
2.4047
1.9807
2.0171
1.9805
3.5793
1.9894
1.9844
6.3294
2.2259
2.0031
2.0038
2.0207
2.0205
2.0029
1.9665
10.0620
3.6247
2.0332
1.9883
2.1945
2.0758
3.5458
2.0027
6.3743
2.3713
2.0060
1.9942
10.6066
2.5246
2.0261
1.9737
2.0011
1.9982
1.9768
2.0080
1.9964
2.0095
2.3489
2.0875
1.9890
1.9843
1.9976
2.2509
2.0486
2.0001
2.0044
1.9710
2.0013
1.9733
2.0422
2.3622
1.9765
1.9962
1.9928
2.0210
2.0170
1.9921
2.0149
2.0219
2.1257
2.0547
2.0142
2.0057
2.1291
5.5721
1.9894
1.9787
1.9944
2.0537
2.0612
2.0128
1.9907
1.9929
2.1077
2.0081
2.0014
1.9664
1.9825
1.9967
2.3156
2.0027
2.0062
2.0103
2.1109
2.0105
2.0578
1.9927
2.0598
1.9969
2.0076
2.0163
2.0022
1.9837
2.0028
2.6239
2.0273
2.0419
2.9641
2.0154
1.9800
1.9923
2.0047
1.9893
2.0078
1.9837
2.0499
1.9919
2.0073
2.0154
2.7369
2.0104
2.0035
1.9941
2.0129
2.0036
1.9828
1.9953
1.9940
1.9745
2.0011
2.0035
1.9666
5.1223
2.0024
2.0785
2.0352
2.0219
1.9758
2.0337
2.0010
1.9919
2.0664
1.9814
2.0209
1.9964
2.0179
1.9901
2.0096
2.0122
1.9809
2.0206
1.9980
2.0167
2.0341
2.0076
1.9926
1.9883
2.0104
2.0044
1.9964
1.9964
1.9907
2.0548
2.0091
2.0460
1.9818
2.0048
2.0055
2.0648
1.9975
1.9733
2.0105
2.0258
1.9881
2.0084
1.9890
1.9981
1.9966
1.9702
1.9605
1.9865
1.9646
1.9850
1.9713
1.9700
1.9991
2.0619
1.9690
1.9854
2.0424
1.9697
2.0093
1.9738
2.0647
1.9614
2.0202
2.0185
2.0127
2.0442
1.9741
1.9972
1.9868
2.0162
1.9996
2.0235
2.1423
1.9880
2.8114
1.9912
1.9500
2.0344
2.0109
1.9843
2.0094
2.0138
1.9794
1.9885
2.0700
2.0080
2.0186
1.9901
2.0288
1.9956
1.9934
2.0265
1.9858
1.9459
1.9953
1.9823
1.9684
2.0027
2.0150
1.9717
2.0683
1.9898
2.0317
2.0285
2.0405
1.9870
2.0033
1.9729
2.0584
1.9967
1.9773
2.0128
2.0103
2.0044
2.0451
2.0850
1.9861
2.0168
2.0162
1.9803
2.8151
1.9774
2.0008
2.9653
1.9889
2.0137
2.0178
1.9727
2.0542
2.0187
2.0204
2.0106
1.9831
1.9760
2.0148
1.9806
1.9943
1.9829
2.0982
2.0141
1.9773
1.9975
2.0155
1.9363
1.9520
2.0923
1.9840
1.9965
2.0123
1.9680
2.0036
1.9816
1.9845
3.5863
2.0322
2.0761
1.9858
3.4341
2.0962
2.0888
1.9572
2.0005
4.6011
2.0325
1.9800
2.0131
1.9992
1.9848
1.9994
3.4591
1.9997
5.6998
1.9210
1.9732
2.0307
1.9825
1.9685
1.9818
1.9978
2.0780
4.7868
10.5560
2.0235
1.9966
2.0839
18.1677
23.8718
16.9783
1.9955
4.5307
1.9955
10.2616
1.9800
2.0214
30.4296
2.0061
2.0226
1.9900
23.6603
2.0186
2.1109
33.9953
1.9901
17.3558
2.0580
4.5007
2.0396
3.5744
1.9792
2.0231
1.9556
2.0230
2.5486
1.9909
2.0368
2.0339
2.4614
2.0050
2.2941
1.9841
2.4332
1.9828
2.0938
1.9925
1.9691
2.0252
2.1851
1.9885
2.0010
2.2992
2.0076
2.0014
1.9876
3.3865
1.9832
2.0428
1.9881
2.0001
3.8108
2.0217
2.0052
2.3708
1.9429
1.9615
1.9850
1.9849
2.0403
2.0938
1.9856
1.9944
2.5775
2.0297
3.9584
1.9729
2.0215
2.0297
2.0816
1.9812
2.9359
1.9431
1.9871
2.7996
2.0203
2.0163
2.6463
2.0256
1.9850
2.5986
2.7680
4.7273
2.0467
2.8244
1.9883
2.0298
1.9975
2.0304
1.9956
2.0405
2.0037
2.0147
2.0599
2.0526
2.0042
1.9912
2.1519
1.9724
1.9873
2.0177
2.0706
2.0303
1.9824
2.0148
2.2567
2.2728
3.5724
2.0697
1.9851
2.1555
2.5933
2.0346
2.7764
1.9994
3.6767
3.4724
2.0232
2.2916
2.5481
3.8301
2.0032
3.5763
2.0104
2.0522
2.0486
2.0510
1.9993
2.0116
3.2864
2.0458
2.3037
2.0073
2.0107
2.8444
2.0371
3.3199
3.1679
2.0405
2.0340
2.0305
2.5252
2.0238
3.2869
2.0305
2.2962
2.0967
2.0247
2.7443
1.9883
2.7983
1.9977
2.0514
3.0383
2.0177
2.0110
2.4775
1.9795
2.3801
2.7761
2.0173
2.6179
1.9616
2.4008
2.5043
1.9870
2.0190
1.9563
2.0150
1.9651
2.0221
1.9996
