1.8982
1.8892
1.9086
1.8804
1.8975
1.9403
1.8739
1.8898
1.9074
1.9100
1.9142
1.8822
1.8885
1.8889
1.9128
1.8930
1.9029
1.9041
1.8654
1.8915
1.9089
1.8900
1.9152
1.8863
1.9048
1.8984
1.8894
1.8742
1.8906
1.9062
1.9013
1.8872
1.9052
1.8845
1.8976
1.8957
1.8985
1.8948
1.9100
1.8842
1.9133
1.8949
1.8858
1.8786
1.8904
1.9103
1.8978
1.8873
1.9056
1.8875
1.9043
1.8919
1.8857
1.9054
1.8892
20.4647
1.9147
42.6312
1.9141
1.9205
1.8827
1.9083
1.9057
1.8857
1.9162
1.8869
1.9033
2.2059
1.8874
1.8931
1.8938
1.8849
1.8999
3.2843
1.8887
1.9087
3.1240
1.9079
1.8935
1.8898
1.9016
1.9453
1.8857
1.8833
1.8924
1.8871
1.8862
3.2570
1.8826
1.8898
1.8968
1.8937
1.9003
1.9297
1.8966
1.8979
2.6168
26.1058
1.8850
1.8898
1.9316
1.8721
1.8885
1.8941
1.8979
2.0865
1.8855
1.8936
1.8984
1.9217
1.8795
1.8941
1.9075
1.8810
1.8916
1.9002
1.9013
1.8776
1.8862
1.8977
1.8870
1.8981
1.8869
1.9015
1.9202
1.8999
1.9009
1.9009
1.8856
1.8800
1.8910
1.8977
1.8812
1.8814
1.9002
1.8945
1.8845
1.8985
1.8901
1.9267
2.3791
1.8951
1.8970
1.8907
1.8946
1.8990
2.1597
1.8995
1.8941
1.8843
1.9835
1.9089
2.6158
2.8583
2.2379
1.8894
1.8919
1.9251
2.1689
2.4059
2.5082
2.8745
3.1406
2.9696
2.3174
2.4631
2.5007
2.2789
2.1639
2.6145
2.4283
2.3106
2.3150
1.9912
1.9314
1.8946
1.9838
2.2519
2.5897
2.4039
2.1332
2.0452
1.9146
1.8955
1.8919
1.9159
1.8937
1.8937
1.9386
1.9144
1.9238
1.8867
1.8976
1.9111
1.8939
1.8882
1.8819
1.9176
1.8940
1.8931
1.8991
1.8948
1.8998
1.9292
1.8764
1.8788
1.8837
1.8802
1.8876
1.9172
1.8922
3.4314
3.4644
3.4583
3.4860
3.4587
1.8970
1.8908
2.5146
1.9179
1.8786
1.8934
1.8952
1.9131
1.8776
1.8919
1.8869
1.9138
1.9278
1.8752
3.3736
1.9113
1.8948
1.9020
1.8886
1.8992
1.8751
1.9081
1.8955
1.8860
1.8885
2.9390
5.0262
1.8882
1.9047
1.8743
1.8864
1.9029
1.9209
1.8804
1.9101
1.8794
1.9075
1.8745
1.9064
1.9027
1.8915
1.9269
1.8928
1.8867
1.9041
2.1571
1.8967
1.8921
1.8775
1.9102
1.9108
1.9075
1.9197
1.9018
1.8900
1.8941
1.8976
1.8888
1.8855
1.8976
1.8986
1.8977
1.8921
1.8806
1.8847
1.9049
1.8887
1.8964
1.9182
1.8795
1.8915
1.9046
1.9077
1.8866
1.8911
1.9027
1.8964
1.8890
1.8838
1.9089
1.8996
1.8836
1.9243
1.8853
1.8896
1.8758
1.9955
2.0668
3.8338
1.8404
1.9055
1.8965
1.8752
2.0305
2.1088
2.0017
1.9035
1.9073
1.8691
1.8911
1.8840
1.8796
1.8966
1.8897
30.8668
39.2906
1.8957
2.0702
1.8867
1.9174
1.8890
1.8905
1.8931
1.8856
1.9037
1.8968
2.0243
3.6114
1.8796
1.8861
2.9153
1.8806
1.8985
1.8742
1.9980
2.0536
1.9014
1.9263
5.4733
1.9031
1.8875
1.8936
1.8906
1.8893
2.8430
1.9363
1.8759
2.0777
1.9727
5.5254
7.4766
1.9584
1.8958
3.8364
1.9152
1.8957
1.8809
1.8942
1.8973
2.9746
3.5219
1.8997
1.8974
1.8853
1.8996
2.1641
1.9040
1.9023
1.8994
1.8897
1.8902
1.8977
1.8985
1.8791
1.8748
1.9083
1.8876
1.8862
1.8920
1.8899
4.7468
2.0227
1.8876
1.8923
1.8864
1.8929
1.8960
2.0996
4.1103
2.4093
3.8266
2.8607
2.7118
2.5329
2.5971
4.5177
3.4694
3.5079
4.1748
1.9092
1.8775
1.9080
2.6523
2.4240
2.2270
2.4933
3.5086
3.0033
3.4244
3.0895
2.4157
2.4209
2.3998
3.4982
2.9764
1.9021
1.8827
1.9082
1.8927
1.8831
1.9181
1.8958
2.7870
1.9221
1.8726
4.2777
1.9160
1.8989
1.9006
1.8984
1.8888
2.6486
1.9007
1.8940
1.8936
1.8826
1.9053
1.8977
1.8791
1.8821
2.1907
1.8625
1.8827
2.2041
1.8940
1.8993
1.9027
1.8814
1.8912
2.5393
1.8936
1.8896
1.8913
1.8901
1.8918
1.8886
1.8870
1.8904
1.8838
1.8889
1.8878
1.8814
1.8916
1.9006
1.9213
1.8901
1.9112
1.8757
1.9275
1.8848
1.9025
1.9143
1.8708
1.9075
1.9080
1.9441
1.8987
1.8975
1.8887
1.8931
1.8910
1.8848
1.8885
1.8936
1.8840
1.8954
1.8814
1.8795
1.8873
1.8835
1.8873
1.9145
1.8834
1.8979
1.8786
1.8915
1.8824
1.8882
1.8527
1.9198
1.9111
1.9232
1.8832
1.8789
1.8976
1.8988
1.8987
1.9108
1.8955
1.8843
1.8951
1.9019
1.8951
1.9120
1.9206
1.9022
1.8849
1.8901
1.8775
1.8798
1.8822
1.8796
1.8806
1.8871
1.8930
1.8956
1.8961
1.8775
1.8779
1.9008
1.8772
1.9150
1.8865
1.9257
1.9016
1.9026
1.8991
1.8895
1.9114
2.3535
2.9264
2.6876
2.2829
2.5959
2.3593
2.3226
2.6418
2.0742
2.5642
2.6625
2.2343
2.6261
2.5328
2.3636
2.2838
1.9725
3.3793
2.8416
2.3646
3.0079
2.5528
2.9043
2.9740
1.8854
1.9016
2.9997
2.3070
2.2166
2.2628
1.8786
1.9035
1.8996
1.9252
1.9015
1.9052
1.8762
1.8874
1.9026
1.8985
1.9021
1.9157
1.8968
1.8902
1.8859
1.8865
1.8951
2.4087
1.9005
1.9336
1.8811
1.8975
4.9551
1.8804
3.8903
1.8894
1.8905
1.8858
1.9534
1.9013
1.8919
3.0985
1.8938
1.8999
1.9170
1.8814
1.8764
3.9076
1.8810
1.8822
1.8827
1.9026
1.8746
1.8983
1.8835
1.9090
1.8832
1.9144
1.8913
1.9054
1.8835
1.8748
1.8909
1.9086
1.8973
1.8940
1.9015
1.8918
1.9039
1.9105
1.8903
1.8966
1.9136
1.8857
1.9089
1.8949
1.8982
1.9147
1.9150
1.9132
1.8957
1.8987
1.9128
1.9160
1.9079
1.8983
1.8901
1.9120
1.9149
1.9107
1.8928
1.9072
1.8987
1.9180
1.9095
1.9009
1.8961
1.8959
1.9123
1.9024
1.9124
1.8955
1.8925
1.9167
1.9001
1.9006
1.8997
1.8902
1.9171
1.8973
1.9107
1.8961
1.9012
2.0291
1.9142
1.8900
1.9106
1.9058
1.9006
1.8943
1.9173
1.8862
1.9046
1.9070
1.9024
1.8908
1.8971
1.9139
1.8898
1.9155
1.8886
1.9138
1.8975
1.8906
1.8940
1.9030
1.9040
1.8994
1.8955
1.8967
1.9034
1.8992
1.8987
1.8969
1.9022
1.8914
1.8921
1.9166
1.9209
1.9073
1.8861
1.8995
1.8968
1.8974
1.9010
1.8954
1.9018
1.9078
1.8928
1.9003
1.8926
1.8930
1.8940
1.8979
1.9039
1.9102
1.8924
1.9011
1.9124
1.9073
1.8875
1.9053
1.8946
1.8787
1.9231
1.8876
1.9016
1.8962
1.9076
1.9067
1.9045
1.8790
1.8971
1.9172
1.9016
3.8423
2.5037
1.8960
1.8906
1.8834
1.8896
1.9261
1.8995
1.9014
1.8988
1.8963
1.8831
2.6600
2.6091
1.9126
1.8966
1.8997
1.8911
1.8887
1.8732
1.8997
1.8703
1.8987
1.8882
1.8728
10.7999
16.5196
12.7506
3.4397
3.4410
3.4401
3.4359
3.5485
3.4678
3.4345
3.4366
3.4423
4.6175
3.4515
3.4525
3.4557
3.4551
5.7823
2.0449
1.8919
1.8835
1.8729
1.8734
1.9259
1.8890
1.8965
1.8800
1.8846
1.8864
1.9002
