5.373
4.505
4.589
4.648
4.897
4.620
4.203
4.560
4.334
4.551
4.747
4.369
4.578
6.865
5.800
4.586
4.860
5.146
4.604
4.712
4.688
4.611
5.307
4.766
4.899
4.654
5.449
5.804
4.673
4.513
5.707
4.692
4.768
4.788
5.023
4.936
4.484
5.276
4.950
4.574
4.788
4.616
4.596
4.686
5.250
4.607
4.821
4.643
5.025
4.596
4.711
4.785
4.759
6.294
4.648
4.804
4.909
4.988
5.714
4.586
5.368
4.564
4.811
4.961
4.726
4.746
5.236
4.484
4.880
5.852
4.573
4.649
5.244
4.502
4.560
5.148
5.207
4.430
4.603
4.559
4.731
4.578
4.616
4.577
4.659
4.636
4.679
4.667
5.336
4.555
5.268
4.671
4.633
4.629
4.564
4.690
4.549
4.617
4.489
5.072
4.535
4.645
5.040
4.582
4.562
4.696
4.650
4.700
4.610
4.541
4.519
5.693
5.938
5.667
4.982
4.653
4.613
4.651
4.660
4.710
4.633
4.677
4.631
5.021
