3.8709
4.1053
3.9785
4.2313
2.3217
2.3158
3.9947
2.3470
4.0996
4.4530
2.3985
2.9500
3.9693
2.4706
3.6859
3.7325
2.2628
2.3216
2.4604
2.6538
3.6344
3.8458
2.2343
2.3373
2.5211
2.4771
3.9215
3.6822
2.4806
2.6828
2.4552
4.1869
4.2831
2.4355
2.3119
2.3019
2.4574
3.9699
3.9097
2.5863
2.5104
2.4465
3.7582
3.4215
4.1175
2.5527
2.5941
2.2406
3.8301
3.7037
4.3575
3.9722
2.4716
2.8740
2.4791
3.7944
4.0564
3.4556
2.6085
2.3512
2.5070
3.6417
3.7455
2.7267
2.8220
2.1537
2.4621
3.5470
3.3242
4.0885
2.5235
3.8501
2.4330
3.7680
3.7121
2.3546
3.6196
2.2862
4.1236
4.2336
3.7181
3.5703
3.7066
2.3220
3.3787
3.4796
4.0570
4.0709
3.8478
2.8824
4.2498
2.4017
3.8503
2.4624
3.7328
2.2965
3.8488
2.3678
3.5355
4.1889
2.9351
2.1856
3.8506
2.4177
4.2055
3.6049
4.1465
3.7478
3.6387
3.9221
3.5743
3.8103
2.6426
2.3912
4.2310
3.9873
3.6466
4.0533
4.3706
2.4166
2.4767
4.3677
3.5578
3.4426
4.0952
2.5384
2.5354
3.8398
3.7962
3.4868
3.8123
2.4757
2.5120
3.4160
4.4781
2.5102
3.8990
2.3836
2.5503
4.1630
4.0600
2.5706
4.2543
2.4098
4.3405
4.2143
4.0087
2.5281
3.8348
2.3791
2.4035
3.5518
4.1671
2.4729
4.2193
2.4448
2.3668
4.4076
3.6810
2.4122
3.7584
2.3880
4.0088
4.0640
3.5991
2.5986
4.0750
2.5348
2.4598
2.4765
2.9705
2.4757
3.7303
3.9299
2.3779
2.4678
2.3771
2.5306
4.2731
3.9842
3.9888
2.4689
2.3933
2.4342
3.5157
5.3863
5.2037
2.3771
2.6925
2.3735
2.4167
7.7110
4.7146
2.3754
2.6812
4.3674
2.3857
2.4976
6.3106
2.3853
2.4257
4.1095
2.4093
3.8598
4.1324
2.4332
2.4265
3.7461
2.4855
3.9200
3.9091
2.5226
2.4656
3.7753
2.5101
3.8184
2.6586
2.4547
2.4777
2.4198
2.4094
2.6487
2.3382
2.3849
2.4362
2.4720
2.5003
3.9646
2.4886
2.6398
2.4333
2.3995
2.4337
2.6215
2.4897
2.4135
2.4022
2.5263
2.4994
3.4720
2.5172
2.3932
2.5881
3.0893
2.3574
4.2288
2.3825
2.4472
2.4028
2.9767
2.3740
3.8632
2.3901
2.4162
2.5902
2.9645
2.3906
3.8410
2.4144
2.3884
2.5852
3.5420
2.4114
2.9386
2.4115
2.4126
2.9211
2.5837
2.4655
4.1357
2.5049
2.3842
2.3934
2.6977
2.4833
2.5367
2.4422
2.5042
2.5325
3.0506
2.4040
2.5649
2.4843
2.4904
2.4470
3.6459
2.4502
2.5261
2.4808
2.5198
2.3866
2.3540
2.5710
4.5439
2.6559
2.4493
2.4699
2.6736
2.4690
4.4559
2.5201
2.3784
2.5663
2.9728
2.4184
2.4057
2.5342
3.6963
2.4951
3.7088
2.4528
2.4220
2.3595
4.1540
2.4065
2.5698
4.0556
2.3900
2.5521
4.1599
3.7336
2.7056
4.0166
2.3956
2.5029
3.4714
3.7788
2.7151
4.3974
2.3388
2.4790
3.8328
3.5101
3.7674
3.8246
2.4238
2.3871
4.3914
3.7056
3.6041
3.4416
2.4466
2.3986
4.0120
4.3745
3.8790
4.1552
2.8901
2.7237
4.0319
3.4719
3.5402
4.1813
4.4510
2.3540
2.4187
4.3021
3.9606
3.5408
4.0336
2.5279
4.0775
4.5053
4.2258
4.4022
4.3262
2.4067
4.3589
3.8130
3.2564
4.1224
4.1213
2.3726
2.3970
3.6234
3.5319
2.4709
2.4496
2.4905
2.4507
3.7944
2.9106
2.4240
2.4478
2.5087
2.5946
3.5986
2.6878
2.5152
2.4563
2.3537
2.6209
4.2469
3.8379
2.3764
2.4320
3.9495
2.5199
3.5249
3.9948
2.3721
2.5680
3.4280
2.3787
3.7098
4.1080
2.3959
2.4485
4.1577
2.3728
4.1375
4.6289
2.4283
2.5007
3.7886
2.3908
3.2037
3.8610
2.5156
2.4186
4.1423
2.4011
3.6699
3.9901
2.4999
4.2671
4.7266
2.4418
3.5372
2.5218
2.3731
2.4279
3.1312
2.4141
3.4091
3.9107
2.5658
2.3867
4.1758
2.3677
4.4297
4.0269
2.3684
2.4008
3.4025
2.9171
3.8691
2.4079
2.3928
2.4670
4.3146
2.3804
3.5041
2.3746
2.4456
2.3591
3.1995
2.4690
4.1277
2.6831
2.4125
2.4541
4.6716
2.5343
4.0269
3.7217
2.3940
2.6921
4.5892
2.4558
4.0353
4.2283
2.3700
2.4006
3.1431
2.3831
4.2823
3.9567
2.3947
2.4145
4.3383
2.3709
3.8883
3.8540
2.4930
2.4321
3.5471
2.3899
4.3641
3.5807
2.4974
2.3959
3.5317
2.4656
2.6462
3.8638
2.5476
2.3711
4.2181
2.4512
2.6365
2.5327
2.4640
2.4419
4.0467
2.4510
2.4510
2.5490
2.4157
4.0599
3.2678
2.4141
2.3933
4.4237
2.4274
3.9214
4.7316
4.1087
2.5777
4.1043
3.7587
4.2193
3.6062
4.0810
2.4171
3.9236
4.1356
4.0218
3.9097
2.4083
2.5818
4.4195
3.7607
2.5608
3.5386
2.4484
2.8478
4.3146
3.9577
2.6033
4.0617
2.4063
2.6113
3.7476
3.8154
2.4911
3.4268
2.4068
2.4112
2.4128
4.3971
2.4783
4.4133
2.3876
2.4784
2.3858
3.1679
2.5601
4.6258
2.4116
2.4441
2.4137
4.0053
4.0256
3.0819
3.9543
2.4093
2.6438
3.8696
3.8865
3.1739
4.0587
2.4418
2.4654
3.9304
4.4313
4.3525
2.3897
2.5028
2.4819
3.8212
2.4946
3.9218
2.3854
2.6029
2.4070
4.3706
2.4194
3.9361
2.4134
2.4391
2.3908
2.4078
2.6122
4.2869
2.4040
3.3379
2.3598
2.5744
2.4842
4.3020
2.4016
2.4093
2.4603
2.4160
2.4473
2.4829
4.1943
2.3701
2.4297
2.4565
2.4708
2.4928
4.0425
2.4673
2.4649
2.4096
2.5148
2.3908
2.3931
2.4477
2.4836
2.6202
4.2386
2.6286
2.3311
2.4290
2.4208
2.4967
3.9448
2.3756
2.3980
2.6730
2.4161
2.4430
4.1955
2.3961
2.4005
4.0987
3.8134
2.3863
3.4845
2.3917
2.3819
4.1393
4.0560
2.4149
3.4483
3.8944
2.3871
3.8625
4.2378
2.4292
2.4968
3.9974
4.5381
3.6252
3.5189
2.4913
2.6566
2.7901
4.5306
4.2716
4.2088
2.4585
2.5166
4.1335
2.4001
3.9209
4.3072
3.1138
2.4556
3.6641
2.3690
4.4196
2.3969
2.4269
2.4492
2.7135
2.5437
3.7373
2.5292
2.6262
4.1912
3.9330
2.3993
3.8962
2.4569
2.5139
3.8914
3.7534
2.4359
4.0701
2.7677
2.3941
4.4462
4.5576
2.3724
4.0623
2.4050
2.3812
2.6418
2.3905
2.5406
4.4214
2.3824
2.9514
2.6087
3.9647
2.4168
3.7602
2.4098
2.7652
2.5114
2.3750
2.3633
3.5477
2.3987
3.1965
2.5034
2.3423
4.1438
3.9440
2.5124
2.7910
2.4702
2.4665
4.0715
4.3009
2.4581
2.3961
2.5463
2.3353
2.4561
3.7222
2.5125
2.4245
4.2595
4.0169
2.2855
4.2160
2.4052
2.5690
4.1014
4.1469
2.4851
2.6044
2.3781
2.4146
3.3604
2.8159
2.4456
3.2122
4.5200
4.0935
3.8708
3.3349
2.2668
4.0720
4.3699
4.1832
4.2096
2.3641
3.1095
4.2028
2.4086
2.4220
4.1302
3.9671
2.9243
3.4858
2.3694
2.3982
2.5899
2.3513
3.3846
3.7419
2.4224
2.4023
2.5231
3.9858
2.7804
4.4172
2.4099
2.3932
2.4859
3.9604
3.1017
3.8293
2.4037
2.3429
2.4532
4.8239
2.9115
3.9792
2.3576
2.3916
4.3570
4.0709
3.4041
3.5914
2.4259
2.4282
4.1117
3.9195
2.7893
3.7163
2.4241
4.2590
3.4423
4.0510
2.4026
2.3565
4.0228
4.0664
3.8946
3.7841
4.0787
2.4099
4.1345
2.3943
4.4336
3.9542
4.0863
2.5039
4.4265
2.3376
2.4228
3.7140
2.3865
2.6205
4.3622
2.4518
2.6098
4.2690
2.3715
2.4250
4.3014
2.4453
2.4960
4.2675
2.4151
2.4563
2.5258
2.3816
2.4463
4.0243
2.3909
2.4520
2.4107
3.0316
2.4717
4.2041
2.3822
2.4853
2.4118
3.9186
2.4435
4.0520
4.2945
2.4667
2.3929
3.7803
4.3249
3.3927
2.7935
2.4493
2.7002
2.7460
4.1022
2.5110
2.4021
2.4174
2.4573
2.4647
3.3407
2.5412
2.4397
2.4316
2.4255
2.5168
3.8962
2.6168
2.4014
2.4828
2.4261
2.4951
4.1419
2.4447
2.4198
2.9290
2.4224
3.9657
3.4358
4.2363
2.4074
2.4474
2.6256
4.1771
3.7676
4.1219
2.4282
2.7613
3.0251
2.2891
2.5811
2.4511
2.4736
2.4829
2.4222
2.2528
2.5102
3.9985
2.7004
2.4206
2.4540
2.4787
2.4644
4.1163
2.4222
2.6182
2.4522
2.3545
2.4899
2.4560
2.4301
2.5434
2.4433
2.3050
4.2416
2.3798
2.4243
2.6614
2.5507
2.3441
3.8754
2.4111
2.5107
2.4697
2.4658
4.0148
4.1373
2.4169
2.4024
2.6025
2.4474
3.9732
4.1771
2.3709
4.1890
2.4097
2.4514
2.4450
2.4469
2.3747
4.1632
4.1390
2.4537
2.2673
2.8162
2.4713
2.3876
3.6843
2.5162
2.3432
2.4933
4.1108
2.4142
4.0282
4.1514
2.4435
2.4338
4.1089
2.8068
4.1079
2.4867
2.2713
2.4640
2.4124
2.4553
3.6845
2.3652
2.4129
2.4680
2.3739
2.3902
3.7005
2.4498
2.3921
4.3053
2.5422
4.0388
4.1048
2.5004
4.1114
3.9266
2.3935
4.1097
3.2100
2.4936
2.3542
4.3726
2.3784
2.4127
4.2348
2.6652
2.4011
2.4270
3.8055
2.3783
3.0854
2.4556
2.4026
2.4456
3.9992
2.4011
3.5867
2.4384
4.0617
2.6079
2.2915
2.4129
4.2629
2.3942
2.3788
2.5012
3.6460
2.3884
3.3339
2.4288
4.1955
2.4645
3.9409
2.3945
3.5461
4.2991
4.1570
2.4158
3.0670
3.6162
3.7652
4.0328
2.5008
2.4809
3.9706
3.5941
3.7460
2.3897
2.3637
3.2556
3.8775
3.6580
4.5113
2.4138
2.4197
4.0890
3.4808
3.5094
3.8320
2.4053
2.4072
4.1491
3.9416
3.5977
3.6314
2.3992
2.3827
2.4399
3.9170
3.6091
4.3054
2.3622
2.3938
4.3147
3.5544
3.6517
4.4620
4.0201
4.1119
4.0435
3.8632
3.5168
4.3826
4.0178
4.1499
3.4701
3.9415
3.6792
3.7680
2.4180
2.4302
2.4348
4.3294
3.7144
4.4082
2.3811
2.3689
2.4511
2.9376
3.5613
4.0264
2.3990
2.3956
2.6072
2.5105
3.6462
3.8878
2.4496
2.4356
2.5765
2.6342
3.4374
3.5080
2.3773
2.3642
4.0062
2.4140
3.9202
4.2938
2.4054
2.4065
4.0392
2.9989
2.5478
3.7252
2.5225
3.5267
3.8785
9.5419
2.5805
2.3996
4.1727
3.9835
4.2111
3.0432
2.5946
2.5016
4.2133
3.5978
4.1412
16.4694
2.3995
2.5020
2.4084
4.2705
2.5915
2.9521
3.0858
2.4295
2.3725
3.4668
2.4903
9.5626
3.7751
2.4012
2.8766
4.0706
2.3610
3.0963
3.6862
2.4053
2.4368
2.5155
2.4049
2.3774
19.8836
2.5000
2.3490
2.4153
4.1875
4.4043
3.0571
2.4220
3.4904
2.5567
4.1749
4.4234
3.8155
2.6564
4.1506
2.3969
4.2395
2.4202
3.6772
2.6844
5.2435
2.3750
4.1772
2.3970
2.4707
2.6185
3.5151
2.3885
3.6458
2.4790
3.9913
2.4258
3.7602
2.3925
2.5339
2.4189
2.4907
2.6939
2.3876
2.3759
2.5105
2.3953
3.9547
2.3928
2.4266
2.7281
2.5744
2.3740
4.1107
2.4392
2.5529
2.3907
2.4180
2.5339
4.6201
2.4639
2.4027
2.5256
2.3937
2.4240
4.0376
2.5832
4.4009
2.5457
3.9818
4.2552
4.8052
2.5282
4.4102
2.4080
4.4216
3.7170
3.7551
2.4603
2.3895
4.2438
4.1999
3.7895
4.3753
2.3823
2.4908
4.3404
4.2046
2.4051
5.4640
2.3948
2.4101
2.3934
3.7087
2.3646
3.5952
2.5078
2.4042
2.4508
2.5105
2.4111
4.7582
2.5732
2.3902
2.4234
2.4814
2.5782
2.8691
2.5144
2.4743
2.4299
2.6088
2.4627
2.5308
3.2041
2.4011
2.4839
2.4475
2.3707
3.9275
4.2399
2.4300
2.4608
2.4349
2.3403
3.7882
3.5240
2.4180
2.4069
2.4115
2.6445
2.9511
3.8290
2.3834
4.2630
4.3543
2.3926
3.7813
3.9642
2.4247
4.2321
3.7439
2.4211
3.2943
4.1990
2.3936
4.3682
4.2382
2.3960
2.8660
3.9832
2.3759
4.0882
4.1602
2.3937
3.7115
3.9399
2.6409
4.3209
3.7583
2.4843
3.8476
4.4584
3.9800
4.2175
2.5081
3.4322
2.5205
4.2878
3.7665
4.2609
2.4272
3.4528
2.5825
3.5798
3.8623
2.4075
2.4567
3.4859
2.4018
4.1226
4.1800
2.5970
2.3591
3.5216
2.4886
4.6689
3.8403
2.4565
2.4602
3.3316
2.4626
3.6795
3.8644
2.5518
2.4159
3.3748
2.3184
3.7029
2.5080
3.8102
4.2409
3.2365
3.0485
3.6348
2.4265
4.0483
4.4778
3.5664
9.7262
3.5683
2.6527
3.7726
4.2821
3.6896
3.0818
4.0526
2.5585
3.9328
4.1974
3.3961
2.9830
3.7901
2.6334
3.8441
3.7437
4.0706
9.6431
3.4313
3.6994
4.3407
2.5128
3.5725
3.0572
4.1642
3.9743
3.7118
2.5901
2.3918
13.5664
3.6408
4.0366
4.3519
2.4289
4.1922
3.0208
3.5734
2.3334
4.3139
2.5358
3.4901
9.6684
3.3752
2.4228
4.2683
2.4092
4.2098
3.2208
3.6356
2.3732
3.6499
3.6853
3.3733
2.9353
4.4549
2.4105
3.4572
4.1570
3.7489
9.5653
3.9186
3.9952
4.2549
4.0609
3.5454
3.0570
4.0990
4.0287
2.8651
3.9182
2.5958
2.2742
3.6877
2.3274
3.5087
3.8861
3.9470
2.3115
2.2751
2.4251
3.7171
2.4929
3.9215
4.0411
2.4181
2.3604
3.1693
2.4925
3.9311
2.2938
2.4872
3.7803
4.2010
2.5453
3.9986
3.9885
2.6488
3.7765
3.6560
2.3652
2.3674
3.9962
2.6966
4.2344
3.4569
2.4182
3.9562
2.3161
2.4954
4.0123
4.0965
2.4548
3.9409
3.9783
2.5092
2.8513
3.6580
3.6405
3.9094
4.1279
2.5407
2.8249
3.3732
3.9739
3.8331
3.7048
2.5104
2.5654
3.9265
4.3266
2.4797
4.3875
2.4321
2.5135
3.6959
3.8337
3.9419
3.6225
2.3632
4.2301
3.8454
3.9500
3.6292
2.8456
3.3749
2.4711
3.9178
4.0334
2.4942
4.1494
2.5047
3.9446
4.4051
2.6498
4.1459
2.5903
4.0118
4.2934
2.5936
2.4992
2.3988
2.3659
4.1420
2.8799
2.5154
2.4420
2.3959
3.4616
2.4436
2.4370
2.4480
2.4084
4.0751
2.5893
2.4084
2.3940
2.3936
4.3857
2.4957
2.6212
3.7597
2.3428
4.0295
2.3974
2.4207
4.2686
2.4784
3.6915
2.4507
2.7139
3.6896
2.4589
4.2305
3.4330
2.6104
4.0188
2.4490
3.7221
2.5890
2.6546
3.7659
3.7820
3.9301
2.3434
2.4892
2.4671
3.6530
3.7547
2.5919
2.3947
3.8083
3.6600
2.5478
2.4869
3.5274
3.6470
2.6012
2.4040
2.8085
3.4993
2.4866
2.4729
2.5637
4.3921
2.4814
2.4295
2.5153
3.9115
2.4087
2.4008
4.0252
2.9758
4.2331
3.3816
2.5027
4.1274
3.6390
2.4675
3.9249
4.1493
2.3822
4.0592
3.8326
2.4447
3.7960
3.9578
2.4391
4.2851
2.5009
2.3886
2.5816
2.4071
2.3948
2.8958
2.4796
2.5887
2.3900
2.5126
3.9787
2.4622
4.3707
2.5547
3.9468
2.5197
4.0034
2.4803
3.8690
2.5584
2.4337
3.0644
2.5014
2.6840
2.5375
2.4441
2.4136
2.6332
2.4462
2.4361
2.4969
2.3943
4.0870
2.4358
4.2518
2.5157
2.4668
2.3860
2.5589
2.4977
2.5343
2.3977
2.4698
2.6757
2.3929
2.5598
4.0711
2.4292
4.1908
3.9891
3.8763
3.9046
2.5287
2.5817
2.4136
2.5147
2.4141
3.7868
2.4598
2.4417
2.4616
2.6025
2.5191
2.6385
2.4553
2.4199
2.4230
3.7396
2.4349
2.6253
2.4512
2.5659
2.4899
2.5483
2.6201
2.4171
4.1421
2.4306
2.6308
2.4019
2.5465
2.6491
2.4957
4.0447
3.9674
4.2448
2.4156
2.8304
2.7239
2.4465
2.5171
2.4945
2.6184
2.4978
3.7761
3.7606
3.7039
3.6302
4.0910
2.4385
3.5441
3.7866
3.6247
3.7417
2.5289
2.4394
2.5922
2.4920
3.4615
4.1756
4.3151
3.5909
3.6735
3.8126
3.9735
2.3653
2.4592
2.4807
2.5874
2.4105
2.4912
2.5284
4.2063
3.6267
3.7741
2.3975
2.4026
2.4885
2.3991
2.3924
2.5826
2.3538
2.4070
2.4726
2.3841
2.4189
3.9963
3.9215
3.7450
3.9781
4.0947
2.4062
2.3847
2.5080
2.9829
2.4465
3.9575
4.0344
2.3446
2.4468
2.2712
2.3483
2.4422
2.2733
2.5388
4.1735
4.1555
2.3997
2.3891
2.4177
2.3934
2.4006
2.3628
4.0553
4.3983
3.3317
2.4141
2.4035
2.4020
2.2457
4.1530
4.2020
2.4164
2.3584
2.4034
2.4302
2.3681
2.3857
3.5870
4.2468
3.5714
4.1625
3.5582
4.1661
3.2436
2.4141
2.7664
2.6332
2.6664
2.4607
2.5820
2.4145
2.5485
3.8134
3.8649
2.6314
4.3459
3.8155
3.7202
4.2731
3.4537
2.6956
2.6178
2.5606
5.4115
5.3948
2.9775
2.8719
2.7959
2.7852
4.3285
4.6075
4.6324
4.6515
4.6623
4.4790
4.6327
4.6419
4.6567
4.6491
4.1162
4.6863
4.6557
4.6599
4.6654
4.6457
4.4164
4.6695
4.6447
4.6666
4.2381
4.6757
4.7141
4.7176
4.6572
4.2058
4.7079
4.7107
4.7035
4.6254
3.5462
2.5993
3.8109
3.3582
3.6277
2.8286
4.1208
4.4145
3.6957
3.7958
4.1220
2.6517
2.5522
3.7098
3.9563
2.3963
2.4437
2.4388
2.3569
4.0142
2.3223
