0.00031
0.01707
0.0244
0.02721
0.02303
0.0229
0.0182
0.01986
0.02268
0.01759
0.02587
0.02044
0.01774
0.01976
0.02329
0.01994
0.02044
0.01894
0.03137
0.02049
0.01858
0.01424
0.0229
0.0194
0.01989
0.01987
0.02559
0.02161
0.01573
0.02356
0.02107
0.0192
0.02046
0.02004
0.02174
0.01758
0.02183
0.01995
0.02477
0.01524
0.01765
0.02317
0.02023
0.02291
0.02255
0.01559
0.0199
0.01507
0.02315
0.0242
0.01452
0.02325
0.00114
0.02219
0.02612
0.01829
0.02134
0.02124
0.02747
0.01812
0.01929
0.02207
0.02713
0.02505
0.02386
0.0213
0.00064
0.01872
0.01894
0.02095
0.02507
0.0231
0.01257
0.01921
0.02266
0.01966
0.02146
0.02295
0.0203
0.02387
0.0184
0.02105
0.02551
0.01935
0.02003
0.02258
0.01952
0.02088
0.01914
0.01971
0.02186
0.02064
0.02082
0.02186
0.02036
0.02312
0.02092
0.02286
0.02158
0.02425
0.0213
0.02212
0.02113
0.02256
0.02054
0.02671
0.01915
0.02567
0.01923
0.02157
0.02153
0.02104
0.0219
0.02074
0.02075
0.02138
0.0223
0.02025
0.02
0.01901
0.0213
0.02069
0.0202
0.02271
0.02027
0.02147
0.0205
