3.0302
3.0361
3.0153
3.0388
3.0106
2.8699
3.0382
3.0358
3.0284
3.0350
3.0389
3.0285
3.0318
3.0278
3.0306
3.0321
3.0355
2.9887
3.0379
3.0244
3.0270
3.0385
3.0185
2.9584
3.0316
3.0327
3.0336
3.0385
3.0386
3.0031
3.0296
3.0379
3.0314
3.0343
2.9801
2.9677
3.0301
3.0222
3.0323
3.0339
2.9398
3.0322
3.0206
3.0223
3.0372
3.0397
3.0364
2.8709
3.0332
3.0252
3.0334
3.0366
3.0340
2.9831
3.0322
3.0083
3.0188
3.0312
3.0428
3.0214
3.0156
3.0272
3.0314
3.0227
3.0351
3.0372
3.0406
3.0328
3.0293
3.0306
3.0404
3.0367
3.0414
2.9955
2.9437
3.0282
3.0372
3.0167
3.0375
2.9046
3.0336
3.0318
3.0345
3.0266
3.0331
3.0378
3.0312
3.0361
3.0357
3.0358
3.0331
3.0157
3.0304
3.0321
3.0260
3.0401
3.0327
3.0309
3.0303
3.0332
3.0350
3.0101
3.0349
3.0317
3.0415
3.0387
3.0359
3.0305
3.0364
3.0401
3.0292
3.0323
2.9857
3.0362
3.0409
3.0405
3.0343
3.0320
2.9832
3.0298
3.0252
3.0172
3.0384
3.0218
3.0304
3.0261
3.0315
3.0355
3.0279
3.0326
3.0377
3.0317
3.0323
3.0402
3.0278
3.0140
3.0387
3.0391
3.0342
3.0146
3.0335
3.0224
3.0398
3.0335
3.0216
3.0447
3.0341
3.0238
3.0349
3.0342
3.0323
3.0407
3.0414
2.9942
3.0349
3.0375
3.0296
3.0316
3.0382
3.0309
3.0395
3.0368
3.0412
3.0316
3.0280
3.0216
3.0381
3.0395
3.0409
3.0338
3.0136
3.0239
3.0402
3.0259
3.0158
3.0324
3.0369
3.0375
3.0357
3.0284
3.0424
3.0361
3.0331
3.0348
3.0373
3.0322
3.0165
3.0323
3.0300
3.0346
3.0376
3.0320
3.0289
3.0286
3.0402
3.0334
3.0278
3.0371
3.0280
3.0355
3.0083
3.0312
3.0332
3.0407
3.0358
3.0349
3.0316
3.0380
3.0394
3.0421
3.0418
3.0341
3.0373
3.0341
3.0360
3.0354
3.0006
3.0364
3.0372
3.0356
3.0351
3.0339
3.0382
3.0336
3.0160
3.0298
3.0369
3.0307
3.0300
3.0338
3.0200
3.0387
3.0260
3.0315
3.0456
3.0251
3.0324
3.0344
3.0233
3.0366
3.0364
3.0233
3.0403
3.0368
3.0302
3.0403
3.0316
3.0268
3.0201
3.0389
3.0386
3.0323
3.0380
3.0163
3.0228
3.0398
3.0310
3.0348
3.0106
3.0313
3.0066
3.0352
3.0364
3.0300
3.0300
3.0367
3.0407
3.0359
3.0359
3.0307
3.0002
3.0348
3.0182
3.0383
3.0300
3.0360
3.0394
3.0354
3.0330
3.0243
3.0293
3.0409
3.0425
3.0318
2.9954
3.0297
3.0311
3.0356
3.0222
3.0322
3.0320
3.0351
3.0344
3.0374
3.0347
3.0349
3.0291
3.0280
3.0325
3.0291
3.0352
3.0341
3.0298
3.0212
3.0324
3.0343
3.0426
3.0330
2.9868
3.0345
3.0317
3.0375
3.0273
3.0338
3.0397
3.0308
3.0333
3.0407
3.0454
3.0339
3.0349
3.0319
3.0343
3.0336
3.0250
3.0318
3.0384
3.0365
3.0343
3.0297
3.0308
3.0335
3.0387
3.0320
3.0332
3.0337
3.0470
3.0346
3.0315
3.0343
3.0364
3.0345
2.9675
3.0328
3.0289
3.0351
3.0267
3.0345
3.0319
3.0353
3.0277
3.0377
3.0299
3.0355
3.0125
3.0313
3.0367
3.0337
3.0220
3.0388
3.0406
3.0310
3.0228
3.0332
3.0269
3.0348
3.0183
3.0316
3.0337
3.0353
3.0273
3.0413
3.0395
3.0347
3.0298
3.0194
3.0199
3.0322
3.0386
3.0341
3.0297
3.0209
3.0326
3.0324
3.0257
3.0353
3.0326
3.0299
3.0361
3.0366
3.0388
3.0320
3.0352
3.0169
3.0300
3.0335
3.0134
3.0188
3.0365
3.0266
3.0342
3.0401
3.0405
3.0286
3.0298
3.0196
3.0285
3.0319
2.9963
3.0298
3.0362
3.0262
3.0368
3.0302
3.0400
3.0281
3.0389
3.0104
3.0279
3.0345
3.0376
3.0339
3.0346
3.0376
3.0327
3.0342
3.0198
3.0338
3.0244
3.0370
3.0373
3.0408
3.0374
3.0360
3.0344
3.0348
3.0384
3.0306
3.0321
3.0339
3.0374
3.0354
3.0376
3.0327
3.0399
3.0332
3.0254
3.0369
3.0318
3.0386
3.0347
3.0340
3.0279
3.0325
3.0374
3.0398
3.0402
3.0312
3.0295
3.0268
3.0385
3.0391
3.0264
3.0365
3.0334
3.0289
3.0374
3.0338
3.0353
3.0373
3.0289
3.0331
3.0271
3.0322
3.0272
3.0309
3.0164
3.0289
3.0273
3.0328
3.0378
3.0387
3.0411
3.0258
3.0325
3.0354
3.0059
3.0303
3.0196
3.0351
3.0230
3.0392
3.0041
3.0371
3.0356
3.0312
3.0313
3.0333
3.0399
3.0381
3.0308
3.0366
3.0221
3.0351
3.0322
3.0259
3.0338
3.0248
3.0209
3.0310
3.0371
3.0264
3.0121
3.0178
3.0296
3.0395
3.0362
3.0262
3.0382
3.0257
3.0365
3.0361
3.0260
3.0248
3.0338
3.0261
3.0220
3.0341
3.0239
3.0293
3.0176
3.0368
3.0242
3.0401
3.0352
3.0303
3.0297
3.0312
3.0296
3.0298
3.0217
3.0309
3.0242
3.0366
3.0293
3.0335
3.0336
3.0327
3.0225
3.0344
3.0169
3.0346
3.0397
3.0184
2.9956
3.0384
2.8559
3.0401
3.0395
3.0225
3.0357
3.0350
3.0247
3.0371
3.0316
3.0201
3.0128
3.0357
2.8899
3.0331
3.0426
3.0205
3.0369
3.0352
2.9355
3.0328
3.0261
3.0328
2.9918
3.0350
3.0367
3.0304
3.0422
3.0336
3.0370
3.0356
3.0361
3.0341
3.0328
3.0328
3.0253
3.0339
3.0340
3.0356
3.0385
3.0310
3.0346
3.0368
3.0350
3.0407
3.0225
3.0358
3.0285
3.0365
3.0327
3.0394
3.0357
3.0331
3.0308
3.0353
3.0335
3.0333
3.0202
3.0348
3.0234
3.0386
3.0332
3.0324
3.0271
3.0377
3.0245
3.0429
3.0358
3.0261
3.0408
3.0349
3.0307
3.0404
3.0353
3.0357
3.0412
3.0330
3.0460
3.0383
3.0338
3.0413
3.0327
3.0354
3.0351
3.0381
3.0370
3.0366
3.0247
3.0365
3.0352
3.0381
3.0301
3.0293
3.0329
3.0342
3.0352
2.9998
3.0351
3.0225
3.0387
2.3936
3.0319
3.0424
3.0316
3.0357
3.0330
3.0386
3.0403
2.9778
3.0284
3.0401
3.0362
2.3637
3.0290
3.0384
2.9894
3.0404
3.0344
3.0282
3.0168
3.0395
3.0661
3.0336
3.0380
3.0355
3.0393
2.9306
3.0106
3.0206
3.0373
2.3969
3.0237
3.0341
3.0207
3.0347
3.0392
2.3778
3.0406
3.0313
3.0217
3.0403
3.0363
2.3665
3.0303
3.0312
3.0204
3.0369
3.0404
3.0335
3.0165
3.0322
3.0210
3.0398
3.0332
2.4040
3.0341
3.0310
3.0200
3.0224
3.0375
2.3846
3.0397
3.0291
3.0213
3.0259
3.0305
3.0318
3.0358
3.0376
3.0212
3.0340
3.0357
3.0351
3.0193
3.0366
3.0223
3.0385
3.0334
3.0302
3.0331
3.0364
3.0394
3.0379
3.0252
3.0331
3.0356
3.0323
3.0378
3.0286
3.0269
3.0368
3.0327
3.0377
3.0295
3.0388
3.0367
3.0356
3.0321
3.0283
3.0352
3.0352
3.0382
3.0386
3.0381
3.0318
3.0354
3.0289
3.0356
3.0327
3.0285
3.0353
3.0308
3.0361
3.0256
3.0384
3.0344
3.0371
3.0365
3.0316
3.0355
3.0358
3.0383
3.0354
2.9851
3.0352
3.0350
3.0326
3.0388
3.0473
3.0270
3.0387
3.0318
3.0209
3.0277
3.0171
3.0391
3.0373
3.0271
2.9887
3.0348
3.0410
3.0385
3.0320
3.0486
3.0294
3.0365
3.0340
3.0340
2.9739
3.0298
3.0411
3.0310
3.0510
3.0378
3.0227
3.0382
3.0339
3.0384
3.0354
3.0412
3.0367
3.0371
3.0388
3.0315
3.0181
3.0361
3.0376
3.0350
3.0365
3.0401
3.0321
3.0271
3.0447
3.0285
3.0206
3.0157
3.0275
3.0433
3.0409
3.0323
3.0348
3.0368
3.0381
3.0380
3.0262
2.9885
3.0345
3.0393
3.0063
3.0335
2.9785
3.0333
2.9681
3.0327
3.0398
2.9513
3.0360
3.0487
3.0251
3.0032
3.0007
3.0383
3.0133
3.0275
3.0282
2.9540
3.0365
3.0419
3.0320
3.0371
3.0242
3.0272
2.9686
3.0172
3.0293
3.0258
3.0312
3.0479
3.0327
3.0355
3.0324
3.0337
3.0223
3.0372
2.9916
3.0148
3.0233
3.0381
3.0288
3.0295
3.0257
3.0340
3.0346
3.0391
2.9848
3.0208
3.0392
3.0387
3.0174
3.0037
3.0321
3.0350
3.0394
3.0372
3.0257
3.0368
3.0396
3.0350
3.0245
3.0301
3.0250
3.0311
3.0353
3.0136
3.0145
3.0225
3.0309
3.0366
3.0279
3.0260
3.0089
3.0298
3.0361
3.0413
3.0257
3.0304
3.0329
3.0303
3.0359
3.0328
3.0325
3.0329
3.0323
3.0379
3.0343
3.0151
3.0290
3.0274
3.0242
3.0281
3.0278
3.0321
3.0356
3.0185
3.0384
3.0143
3.0295
3.0367
3.0271
3.0272
3.0225
3.0286
3.0338
2.9872
3.0362
3.0288
3.0323
3.0322
3.0187
3.0389
3.0326
3.0295
3.0291
3.0210
3.0288
3.0305
3.0291
3.0361
3.0394
3.0338
3.0342
3.0309
3.0404
3.0183
3.0347
3.0312
3.0320
3.0385
3.0234
3.0298
3.0217
3.0327
3.0364
3.0179
3.0324
3.0301
3.0309
3.0320
3.0376
3.0274
3.0269
3.0370
3.0300
3.0328
3.0357
3.0203
3.0364
3.0334
3.0248
3.0354
3.0296
3.0336
3.0347
3.0129
3.0385
3.0214
3.0346
3.0396
3.0162
3.0365
3.0370
3.0387
3.0234
3.0152
3.0277
3.0184
3.0308
3.0265
3.0268
3.0436
3.0377
2.9897
3.0284
3.0198
3.0358
3.0207
3.0377
3.0384
3.0322
3.0073
3.0399
3.0379
3.0235
3.0243
3.0425
3.0360
3.0038
3.0194
3.0438
3.0129
3.0410
3.0331
3.0322
3.0324
2.9957
3.0338
3.0423
2.9860
3.0322
3.0068
3.0400
3.0036
3.0336
2.9993
3.0398
3.0349
3.0213
3.0204
3.0320
3.0350
3.0393
2.9873
3.0419
3.0237
3.0266
3.0298
3.0370
3.0263
3.0339
3.0096
3.0369
3.0050
3.0207
3.0305
3.0172
3.0084
3.0351
3.0191
3.0236
3.0379
3.0361
3.0282
3.0329
3.0283
3.0339
3.0385
3.0298
3.0016
3.0321
3.0083
3.0354
3.0158
3.0367
3.0262
3.0295
3.0326
3.0310
3.0416
3.0313
3.0268
3.0298
3.0333
3.0309
3.0165
3.0299
3.0296
3.0358
3.0286
3.0363
3.0086
3.0398
3.0369
3.0360
3.0168
3.0248
3.0269
3.0268
2.9370
3.0229
3.0363
3.0218
3.0256
3.0222
3.0386
3.0222
3.0116
3.0357
3.0304
3.0333
3.0340
3.0356
3.0345
3.0335
3.0318
3.0397
3.0287
3.0355
3.0349
3.0186
3.0286
3.0372
3.0340
3.0377
3.0334
3.0361
3.0285
3.0365
3.0326
3.0359
3.0319
3.0321
3.0198
3.0160
3.0373
3.0186
3.0058
3.0195
2.9945
3.0383
3.0344
3.0100
3.0366
3.0237
3.0297
3.0323
3.0192
3.0358
2.9872
3.0379
3.0143
3.0266
2.9910
3.0369
3.0119
3.0345
2.9834
3.0261
3.0316
3.0308
3.0182
3.0354
3.0252
3.0207
2.9182
3.0367
3.0228
2.9971
3.0325
3.0247
3.0335
3.0326
3.0276
3.0265
3.0292
3.0129
3.0362
3.0346
3.0072
2.9920
3.0405
2.9924
3.0342
2.9921
3.0272
3.0292
3.0178
3.0373
