3.7804
3.7671
3.7945
3.7752
3.7900
3.7887
3.8009
3.7752
3.7840
3.7967
3.7729
3.7630
3.8056
3.7856
3.7798
3.7961
3.7683
3.7640
3.7804
3.7952
3.7832
3.7925
3.8174
3.7891
3.8034
3.7857
3.7754
3.8054
3.7940
3.7792
3.7907
3.7832
3.7845
3.7942
3.7645
3.7893
3.7934
3.7969
3.7784
3.8097
3.8020
3.7876
3.7910
3.7898
3.7687
3.7619
3.8154
3.8721
3.7885
3.8000
3.7802
3.7559
3.7827
3.8618
3.7868
3.8009
3.7948
3.7943
3.7825
3.7608
3.7995
3.7912
3.7834
3.7494
3.7849
3.7759
3.7886
3.7932
3.7893
3.7688
3.7884
3.8045
3.7978
3.7878
3.7759
3.7691
3.7759
3.7949
3.7822
3.7947
3.7887
3.7472
3.7724
3.8071
3.8082
3.7960
3.7919
3.7622
3.7904
3.7593
3.7782
3.7936
3.7750
3.8048
3.7696
3.8601
3.7799
3.7934
3.7705
3.7874
3.7703
3.7568
3.8089
3.7894
3.8009
3.7852
3.7796
3.8097
3.7963
3.7963
3.7811
3.8012
3.8039
3.7971
3.8030
3.7784
3.7867
3.7777
3.7961
3.8183
3.8065
3.7742
3.7799
3.8056
3.7732
3.7775
3.7909
3.7589
3.7843
3.7974
3.8023
3.7904
3.7907
3.7609
3.7823
3.8051
3.7882
3.8150
3.8069
3.7821
3.8070
3.8091
3.7791
3.8137
3.7837
3.7690
3.8022
3.7849
3.7869
3.7752
3.7966
3.7812
3.7780
3.8000
3.8048
3.8028
3.7403
3.7801
3.7994
3.7898
3.7862
3.7809
3.7545
3.7565
3.8017
3.7951
3.7680
3.8124
3.7397
3.7610
3.7942
3.7956
3.7777
3.7851
3.7945
3.7862
3.8010
3.7917
3.7866
3.7795
3.7808
3.8030
3.8012
3.8225
3.8012
3.8018
3.7938
3.7789
3.7982
3.8178
3.7805
3.7758
3.8008
3.8486
3.8022
3.7988
3.7712
3.8055
3.7843
3.8092
3.7952
3.8305
3.8014
3.8116
3.7862
3.7993
3.7952
3.8059
3.7949
3.8018
3.7791
3.8259
3.8017
3.8070
3.7912
3.8024
3.8052
3.8026
3.7762
3.8028
3.8041
3.7796
3.8108
3.7838
3.7765
3.8054
3.8018
3.7984
3.8058
3.7931
3.7740
3.8028
3.7985
3.7795
3.7924
3.7908
3.7726
3.7963
3.8003
3.8092
3.8128
3.7907
3.7973
3.7769
3.7998
3.7877
3.8109
3.7953
3.8024
3.7373
3.8020
3.8011
3.8152
3.7862
3.7895
3.7400
3.7964
3.7797
3.8017
3.7781
3.7984
3.7471
3.8039
3.8084
3.7874
3.7840
3.8021
3.7490
3.8002
3.7861
3.7822
3.7950
3.8061
3.7455
3.7949
3.8091
3.7842
3.7941
3.7928
3.7471
3.7955
3.7850
3.7963
3.7875
3.8029
3.8033
3.8058
3.8086
3.8046
3.8077
3.7993
3.8010
3.7862
3.7753
3.8034
3.7814
3.7867
3.7994
3.7884
3.8035
3.8143
3.7828
3.7983
3.7803
3.7919
3.7803
3.8133
3.7864
3.7888
3.7830
3.7923
3.8095
3.7830
3.8000
3.7947
3.7961
3.7936
3.7820
3.7955
3.8033
3.7739
3.7645
3.7906
3.8076
3.8070
3.8078
3.7922
3.7870
3.7783
3.7928
3.7880
3.8102
3.7941
3.7922
3.7842
3.7794
3.7950
3.7994
3.7943
3.7796
3.7912
3.8146
3.7909
3.8031
3.7793
3.7665
3.7963
3.7828
3.8103
3.7792
3.8098
3.8015
3.7847
3.8054
3.8006
3.7883
3.7724
3.7935
3.8090
3.8132
3.8092
3.7945
3.7945
3.7732
3.7788
3.8062
3.7890
3.7925
3.7923
3.7989
3.7818
3.8095
3.7984
3.7907
3.7864
3.8006
3.7835
3.8164
3.8159
3.7958
3.7757
3.7879
3.8040
3.7824
3.8031
3.7852
3.7851
3.7672
3.7996
3.8103
3.8005
3.8053
3.7773
3.8001
3.8091
3.7864
3.7985
3.7840
3.8082
3.7693
3.8088
3.8103
3.7721
3.7792
3.7766
3.7856
3.7990
3.8164
3.7746
3.8046
3.7807
3.7828
3.8039
3.7844
3.7929
3.7841
3.7907
3.7820
3.7700
3.8044
3.7883
3.7945
3.7939
3.7686
3.7784
3.7907
3.8114
3.7903
3.7719
3.7811
3.7980
3.8116
3.7578
3.7873
3.7806
3.7918
3.7819
3.8074
3.8039
3.8030
3.7708
3.7811
3.7851
3.7807
3.8064
3.8042
3.7784
3.8008
3.7616
3.8066
3.7719
3.8108
3.7899
3.7715
3.7735
3.8128
3.7597
3.8037
3.8003
3.7947
3.7912
3.8060
3.7988
3.8053
3.8019
3.7990
3.7932
3.8065
3.7709
3.8006
3.8007
3.7964
3.7870
3.8090
3.8047
3.7845
3.7939
3.7745
3.8032
3.7897
3.7848
3.7887
3.7960
3.7964
3.7924
3.8093
3.7930
3.7887
3.7993
3.8017
3.8004
3.7785
3.7724
3.7999
3.7688
3.8042
3.8007
3.8099
3.7922
3.7967
3.8005
3.8085
3.7929
3.7823
3.7914
3.7879
3.7803
3.8042
3.7937
3.8113
3.7982
3.7929
3.7952
3.8001
3.8030
3.8137
3.7854
3.8026
3.7886
3.8047
3.7980
3.7871
3.7740
3.7971
3.7916
3.7759
3.8018
3.8002
3.8222
3.7843
3.7983
3.7764
3.8027
3.8105
3.7608
3.7904
3.7978
3.7740
3.8038
3.7944
3.8221
3.7954
3.7883
3.7786
3.7958
3.8007
3.7617
3.8021
3.7944
3.7787
3.7960
3.7986
3.8091
3.8135
3.8046
3.7809
3.8021
3.8055
3.8121
3.8143
3.8038
3.7834
3.7942
3.8155
3.7769
3.8120
3.7934
3.7920
3.7803
3.7988
3.8164
3.8128
3.8001
3.7892
3.7811
3.8084
3.7700
3.8139
3.8031
3.7863
3.8049
3.7709
3.7605
3.8122
3.7835
3.7885
3.7929
3.7914
3.7981
3.8166
3.8016
3.7916
3.7952
3.8089
3.7728
3.8178
3.7877
3.7840
3.8009
3.8151
3.8172
3.8155
3.7942
3.7900
3.7990
3.8014
3.7794
3.8166
3.7776
3.7905
3.7946
3.8041
3.7829
3.8290
3.8017
3.7980
3.7899
3.7709
3.7969
3.8277
3.7976
3.7978
3.8008
3.8124
3.7827
3.8313
3.7887
3.7864
3.7995
3.7851
3.8014
3.8290
3.7980
3.7867
3.7842
3.8150
3.7858
3.7839
3.7700
3.8049
3.7909
3.8005
3.8025
3.8049
3.7860
3.8001
3.8056
3.7748
3.7834
3.8032
3.7831
3.7910
3.8015
3.8080
3.7727
3.8032
3.7867
3.7931
3.7989
3.7850
3.8266
3.7944
3.7892
3.8014
3.8001
3.8142
3.7785
3.7946
3.7748
3.8007
3.8008
3.8023
3.8020
3.8013
3.7732
3.8087
3.7970
3.7740
3.7771
3.7990
3.7756
3.7895
3.8370
3.8194
3.8034
3.7878
3.7895
3.8044
3.8341
3.7717
3.8113
3.7896
3.7716
3.7945
3.8088
3.8186
3.7951
3.7976
3.7794
3.7962
3.8111
3.8009
3.8059
3.8003
3.7945
3.8035
3.8271
3.8040
3.8090
4.0580
3.7851
3.8079
3.8245
3.7838
3.8089
3.9520
3.7917
3.8066
3.8313
3.7944
3.7399
3.9341
3.8052
3.7669
3.8327
3.8063
3.7663
3.8766
3.7914
3.8025
3.8338
3.8005
3.7558
3.9180
3.7781
3.7789
3.8289
3.7963
3.7726
3.9936
3.7736
3.8031
3.8316
3.7858
3.7551
4.0573
3.7893
3.8189
3.8252
3.8113
3.7515
3.8969
3.7883
3.8238
3.7904
3.7808
3.7861
3.9073
3.7699
3.7940
3.7909
3.7996
3.7562
3.8842
3.7867
3.8021
3.8008
3.7919
3.7435
4.0542
3.7946
3.8004
3.8008
3.8055
3.7354
3.9716
3.8024
3.7857
3.7905
3.7888
3.7402
3.7847
3.7800
3.8033
3.7929
3.8021
3.7596
3.7858
3.7961
3.7931
3.7992
3.7820
3.7483
3.7936
3.7867
3.7532
3.8015
3.7934
3.7769
3.7913
3.7979
3.7465
3.8089
3.8051
3.7910
3.7968
3.7941
3.7587
3.8094
3.8073
3.7907
3.8061
3.7997
3.7514
3.7937
3.7982
3.7938
3.7994
3.8005
3.7460
3.8099
3.7832
3.8068
3.8044
3.8003
3.7561
3.8052
3.8113
3.7985
3.7930
3.7987
3.8012
3.8101
3.7787
3.8048
3.7983
3.8038
3.7891
3.8074
3.8043
3.8062
3.8031
3.7905
3.8059
3.7875
3.8092
3.7347
3.7895
3.8080
3.7946
3.8025
3.7578
3.7949
3.7778
3.7866
3.7948
3.7352
3.8061
3.7874
3.8073
3.8060
3.7530
3.8049
3.7723
3.8084
3.8117
3.7907
3.7867
3.7828
3.8032
3.7974
3.7579
3.7990
3.7624
3.7878
3.7921
3.7595
3.7842
3.7934
3.7923
3.8035
3.7545
3.8004
3.7797
3.7737
3.8133
3.7449
3.8010
3.7886
3.7898
3.7992
3.7428
3.7916
3.7740
3.7995
3.8039
3.7545
3.7834
3.7869
3.7957
3.7899
3.7688
3.7980
3.7875
3.7980
3.7811
3.7786
3.7938
3.7703
3.7898
3.7872
3.8121
3.8021
3.7912
3.8013
3.8053
3.7861
3.7944
3.7761
3.7983
3.7718
3.7672
3.7956
3.7800
3.7887
3.7853
3.7699
3.7893
3.7761
3.7876
3.7827
3.7718
3.7942
3.7817
3.7786
3.8029
3.7713
3.7720
3.8023
3.7902
3.7688
3.7751
3.7733
3.7879
3.7801
3.7913
3.7825
3.7864
3.7669
3.7802
3.8105
3.8007
3.7813
3.7872
3.7879
3.8151
3.7807
3.7890
3.7722
3.7770
3.8293
3.7821
3.7680
3.7806
3.7807
3.8046
3.7666
3.7948
3.7832
3.7826
3.8158
3.7971
3.7863
3.7888
3.7834
3.8164
3.7900
3.7784
3.7657
3.7779
3.7964
3.7916
3.7787
3.7771
3.7910
3.7838
3.7925
3.7887
3.7932
3.7893
3.7884
3.7696
3.7796
3.7892
3.8003
3.8031
3.7849
3.8046
3.7688
3.7762
3.8006
3.7933
3.8012
3.7808
3.7872
3.7875
3.7680
3.7787
3.7932
3.8002
3.7924
3.7646
3.7722
3.8022
3.7811
3.8004
3.7888
3.7734
3.8038
3.7770
3.8019
3.8040
3.7889
3.7881
3.7918
3.7661
3.7850
3.7701
3.7884
3.7905
3.8221
3.7895
3.8005
3.7928
3.7975
3.8006
3.8009
3.7885
3.7957
3.7915
3.8039
3.7981
3.7862
3.7700
3.8145
3.7964
3.8017
3.7868
3.8009
3.8053
3.8111
3.8020
3.7898
3.7836
3.8094
3.8046
3.7906
3.8006
3.7927
3.8031
3.8102
3.8006
3.7889
3.7956
3.8087
3.8040
3.8058
3.7967
3.7913
3.8037
3.7878
3.7680
3.7986
3.7879
3.8118
3.7563
3.7894
3.8038
3.7876
3.7990
3.7599
3.7863
3.7918
3.7966
3.7776
3.8158
3.7735
3.7953
3.7957
3.7846
3.8146
3.7964
3.7921
3.7942
3.7828
3.7958
3.8023
3.7951
3.7950
3.8004
3.7949
3.7981
3.7888
3.7935
3.7839
3.7962
3.7984
3.7997
3.7784
3.8030
3.7827
3.7983
3.8005
3.7938
3.8026
3.7852
3.8036
3.7990
3.7950
3.7840
3.8044
3.7917
3.7885
3.7991
3.8059
3.7990
3.7931
3.7922
3.7865
3.7957
3.7981
3.7995
3.7874
3.7922
3.7993
3.7965
3.7978
3.7844
3.7979
3.8047
3.7897
3.7842
3.7916
3.8035
3.7787
3.7914
3.7973
3.7845
3.8017
3.7932
3.7872
3.8027
3.8006
3.7957
3.7833
3.8050
3.7973
3.8008
3.7954
3.7987
3.7896
3.8080
3.7820
3.8019
3.7966
3.8253
3.7926
3.8243
3.7673
3.8317
3.7774
3.8314
3.7566
3.7904
3.7749
3.7949
3.7764
3.7978
3.7879
3.7996
3.7721
3.7905
3.7653
3.7965
3.7815
3.7913
3.8008
3.7989
3.8043
3.7931
3.7742
3.7915
3.7902
3.8014
3.7847
3.7990
3.7901
3.7944
3.7785
3.7843
3.7774
3.7824
3.7705
3.7852
3.7758
3.7765
3.7614
3.7762
3.7917
3.7661
3.7708
3.7914
3.7532
3.7948
3.7742
3.7807
3.7829
3.7927
3.7986
3.7904
3.7951
3.7702
3.7867
3.7815
3.7999
3.7725
3.7877
3.7886
3.7914
3.7744
3.8021
3.7712
3.7828
3.7764
3.7987
3.7806
3.7823
3.7944
3.7822
3.7907
3.7881
3.7888
3.8045
3.7884
3.7834
3.7963
3.7924
3.7791
3.7984
3.8054
3.7944
3.7891
3.8044
3.7827
3.7791
3.7958
3.7927
3.7625
3.7984
3.7916
3.8025
3.7962
3.7854
3.7857
3.7985
3.7893
3.7873
3.8055
3.7753
3.8064
3.7995
3.7836
3.7687
3.7906
3.8107
3.7874
3.7505
3.7552
3.7570
3.7397
3.7585
3.7567
3.7598
3.7539
3.7550
3.7341
