4.0100
4.0150
3.9328
3.9998
4.0060
4.0485
3.9756
4.0157
3.9718
3.9903
4.0143
3.4506
4.0279
4.0055
3.9087
4.0071
4.0521
4.0197
4.0114
3.9705
3.9572
4.0349
4.0277
4.0477
4.0007
3.9573
4.0193
4.0306
3.9820
3.3983
4.0238
4.0242
3.9727
3.9694
4.0630
4.0201
4.0043
4.0196
4.0004
3.9289
3.9618
4.0022
4.0241
3.9884
3.9311
4.0015
4.0179
4.0378
3.9535
3.9462
3.9839
3.9605
3.9554
3.9702
3.9697
3.9948
4.0027
3.9788
3.9888
4.0082
3.5021
3.9520
3.9929
4.0199
3.9374
3.9974
3.9899
4.0209
3.9771
3.9598
4.0320
4.0593
3.9533
4.0116
4.0045
4.0109
3.9190
3.9963
4.0039
4.0241
3.9743
3.9964
3.7763
4.0059
3.9655
3.9694
3.9878
3.9876
4.0025
4.0270
3.9101
3.9729
3.9696
4.0006
4.0153
4.0175
3.9510
3.9627
4.0028
3.9912
4.0103
3.9945
4.0176
3.9882
4.0068
3.9927
3.9884
3.9495
3.9332
4.0045
4.0140
3.9623
3.9841
3.9918
4.0046
3.9522
4.0082
4.0286
3.9664
3.9744
3.9655
3.9616
3.9964
3.9646
4.0077
4.0092
3.9816
3.9793
4.0064
4.0077
3.9522
3.9754
3.9869
3.9959
3.9838
3.9962
3.9997
3.8696
4.0186
4.0130
4.0092
4.0104
3.9261
4.0082
3.9974
4.0202
3.9513
3.8413
3.9547
3.9858
3.9839
3.9860
3.9892
4.0034
4.0101
3.9965
3.9867
3.9917
4.0137
3.9351
4.0230
3.9592
4.0085
3.8590
4.0068
4.0186
4.0063
3.9807
4.0030
3.9808
3.9870
3.9866
3.9856
3.9935
3.9479
3.9629
3.9911
3.9863
3.8043
4.0072
3.9908
3.9608
3.9837
4.0344
4.0168
3.9898
3.9975
3.9718
3.9654
4.0202
3.9805
4.0143
3.9908
4.0461
4.0136
3.9903
3.9477
3.9653
3.9948
4.0138
4.0281
3.9752
3.5920
4.0153
3.9208
4.0128
3.9918
3.9721
3.8269
3.9612
4.0485
4.0159
3.9769
3.9120
3.5422
4.0150
3.9656
3.9995
4.0242
3.9044
3.9387
3.9839
3.8824
4.0130
4.0058
3.8192
3.0571
3.9873
4.0089
3.8968
4.0117
4.0053
3.4744
3.9785
3.9327
4.0275
3.9692
3.9657
3.6074
3.9918
3.9538
4.0010
4.0044
3.9489
3.9390
3.9671
3.9887
3.8857
3.9562
3.9764
3.9980
3.9639
4.0173
3.8581
3.9884
3.9547
3.9133
3.9664
4.0059
4.0054
4.0283
3.9692
3.6340
4.0191
4.0253
3.9366
4.0081
3.9476
3.9616
3.9678
3.9866
4.0165
4.0124
3.9536
3.6335
4.0114
4.0157
3.9763
3.9751
4.0239
3.6975
4.0164
3.9768
3.9493
3.9918
3.9035
3.8689
3.9920
4.0222
4.0154
3.9714
3.8721
3.9727
3.9575
3.9855
4.0110
3.9918
3.8296
3.9669
3.9890
4.0292
4.0398
4.0147
3.9646
3.9823
3.9757
3.9959
4.0166
4.0178
3.9245
4.0091
4.0113
4.0048
3.9974
3.9627
3.9636
3.9943
4.0083
3.9135
4.0133
3.9964
4.0028
4.0040
4.0106
3.9996
3.9732
4.0165
4.0261
4.0074
4.0270
3.9994
3.9969
4.0374
3.8772
3.9938
3.9686
3.9923
4.0244
3.9623
3.8732
3.9660
4.0002
4.0160
3.9975
3.9863
3.9692
4.0157
3.9733
3.9644
3.9809
3.9790
4.0096
3.9932
3.8673
4.0042
3.9103
4.0067
4.0264
3.9727
4.0092
3.9454
3.9897
4.0164
4.0043
4.0233
3.8311
3.9639
3.9664
3.9972
3.9751
3.9699
4.0004
4.0183
4.0056
4.0007
3.9105
4.0232
4.0399
3.9950
4.0151
3.9899
4.0145
4.0274
3.9439
4.0042
3.9740
4.0094
4.0246
3.9844
4.0180
3.9732
4.0198
4.0264
4.0026
4.0206
3.8625
3.9915
4.0119
4.0423
3.9967
3.9669
3.9711
3.9884
4.0288
3.9476
3.9416
3.9826
3.9865
4.0181
4.0075
4.0055
3.9887
3.9670
3.9772
4.0172
4.0290
4.0225
4.0077
3.9746
3.9700
4.0146
4.0367
4.0016
4.0072
3.9840
3.9767
3.9708
4.0158
3.8400
4.0139
3.9532
3.9940
4.0114
4.0219
3.8175
4.0128
3.9460
3.9723
3.9220
4.0157
3.9822
3.9962
3.9483
3.9689
3.9829
3.9769
4.0213
3.9840
3.9646
3.9656
4.0317
4.0134
4.0170
3.9561
3.9903
4.0019
3.9318
3.9921
4.0131
4.0036
3.9763
3.9979
4.0083
3.9892
4.0076
3.9865
3.9498
3.9968
3.9836
3.9695
3.8674
4.0229
3.9408
4.0040
4.0056
3.9737
3.9902
4.0135
3.8850
4.0009
3.9622
3.9813
4.0020
3.9694
3.9003
4.0097
3.9958
3.9915
4.0104
4.0035
4.0072
3.9607
4.0042
4.0224
3.9492
4.0276
3.9644
4.0179
3.9131
3.9890
4.0153
3.9750
3.9540
3.9871
3.9594
4.0088
4.0128
4.0014
3.9515
3.9263
3.9814
3.9906
4.0505
4.0032
3.9444
4.0087
3.9833
4.0087
3.9941
4.0214
3.9798
3.9761
4.0022
3.9852
4.0222
4.0273
3.9338
4.0153
3.9999
4.0412
3.9575
3.9586
3.9530
3.9706
3.9963
3.9811
3.9777
3.9970
3.8797
4.0197
3.9022
4.0006
4.0046
4.0239
3.9780
3.9779
3.9846
4.0106
3.9460
4.0134
3.9989
3.9711
3.9628
4.0259
3.9592
4.0075
3.9615
4.0037
3.9743
3.9884
4.0164
3.9644
3.9803
3.9714
3.9207
4.0149
3.9995
4.0154
3.9754
4.0222
3.9656
3.9937
4.0144
4.0079
3.8667
3.9461
3.9594
3.9841
3.9730
3.9940
3.9963
4.0136
3.9951
4.0294
3.9794
3.9904
3.9510
3.9351
4.0052
3.9323
3.9939
4.0189
3.9716
4.0109
3.9395
3.9660
3.9507
3.9871
4.0114
3.9799
3.9849
3.9796
3.9986
3.9710
3.9871
3.9960
3.8350
4.0287
4.0262
3.9795
4.0045
3.9847
3.9821
3.9622
4.0011
3.9395
3.9226
4.0031
4.0211
3.9613
4.0051
3.9668
3.9918
3.9735
3.9886
3.9161
3.9736
3.9824
4.0264
3.9572
3.9779
4.0115
3.9362
3.9661
3.9720
4.0155
2.9572
3.9814
4.0093
3.9523
3.9378
2.8467
3.9978
3.8768
3.8925
4.0103
3.9630
3.9762
3.9411
4.0188
3.9396
3.7803
4.0248
3.9342
3.9569
4.0126
3.9695
3.9774
3.9134
3.9906
3.9274
3.9443
3.9941
4.0131
3.9821
3.9751
3.8527
3.9814
3.8534
3.9861
4.0085
3.9562
3.9986
3.9143
3.6484
4.0131
4.0118
3.9962
4.0182
3.9265
4.0051
3.9848
3.9960
3.4429
3.9534
3.9731
3.9579
4.0047
3.6848
3.9545
4.0262
4.0377
3.9812
3.7184
3.8745
3.9720
4.0163
3.9885
3.7485
3.9770
4.0272
3.9558
4.0297
3.4352
3.9622
3.9684
4.0294
3.9782
3.6930
4.0033
4.0294
4.0077
4.0003
3.7220
3.9944
3.9766
3.9430
3.9770
3.7423
3.9444
4.0199
4.0047
4.0034
4.0088
3.8433
3.9909
4.0251
3.9986
3.9972
3.9653
3.9341
3.9786
4.0147
4.0127
4.0038
3.9954
3.9381
3.9449
4.0029
4.0395
4.0387
3.9757
3.9401
3.9015
4.0059
3.9546
3.9811
3.9934
3.9844
3.9899
4.0133
3.9346
4.0038
4.0097
3.8279
3.9983
3.9875
4.0284
4.0155
3.9657
3.9346
3.9794
4.0315
4.0197
4.0287
4.0009
3.9793
3.9782
4.0275
3.9985
3.9794
3.9917
3.9974
3.9726
4.0264
4.0278
3.9957
3.8493
4.0136
3.9993
4.0017
3.9916
3.9785
3.9432
4.0073
3.9804
4.0264
3.9952
3.9946
3.9468
3.9664
3.9644
3.9852
3.9676
3.9966
3.9483
4.0000
3.9361
3.9887
3.9927
3.9859
3.9796
3.9734
3.9099
3.9984
4.0667
3.9795
4.0139
4.0036
3.9545
4.0071
4.0571
3.9880
4.0056
3.9719
3.9650
3.9461
3.9429
3.9895
3.9693
4.0368
3.9651
4.0069
4.0288
3.9857
4.0171
4.0072
4.0258
4.0346
3.9584
4.0341
4.0231
4.0334
3.9083
4.0349
3.9446
3.9829
3.9855
4.0273
3.9281
4.0310
3.9951
4.0125
4.0284
4.0176
3.8706
4.0079
3.8523
3.9916
4.0153
4.0105
3.8938
3.9936
3.9267
3.9845
3.9834
3.9657
3.9289
4.0370
3.9303
4.0017
4.0297
4.0068
3.9738
4.0290
3.8976
4.0083
4.0216
4.0028
4.0065
4.0336
3.9957
3.9942
3.9798
4.0113
3.9945
3.9974
3.8640
4.0006
4.0107
4.0248
3.9514
3.9955
3.8994
4.0050
4.0086
4.0018
3.9753
3.9620
3.9939
4.0302
4.0172
4.0203
3.9607
4.0307
3.8248
3.9795
4.0274
4.0205
4.0161
4.0102
3.9436
4.0052
3.9579
4.0040
3.9617
4.0014
3.9370
3.9979
4.0104
4.0030
3.3055
3.9982
3.9937
4.0054
4.0261
3.9643
3.9578
3.9887
3.8421
3.9999
4.0301
3.7709
4.0041
3.9471
4.0405
4.0160
3.8489
4.0245
3.9358
3.9885
3.9712
3.9629
3.9936
3.9961
4.0063
4.0255
3.9630
3.9282
4.0097
4.0232
4.0172
3.9373
4.0037
4.0095
4.0036
3.8866
3.9351
3.9650
4.0087
3.9813
4.0281
3.9421
3.8736
3.9687
4.0092
4.0286
3.9631
3.9356
3.8518
3.9784
4.0432
4.0197
3.9815
3.9344
3.8526
3.9629
3.9703
3.9765
3.9913
3.9318
3.8581
3.9198
4.0373
4.0238
3.9796
3.9435
3.8893
3.9967
4.0521
4.0144
4.0056
3.9505
3.8551
3.9743
4.0142
4.0095
3.9671
3.9522
3.8654
3.9957
4.0135
4.0106
3.9999
3.9715
3.9248
3.9714
3.9858
3.9668
4.0340
4.0085
3.9173
3.9849
4.0300
4.0288
3.9775
4.0231
3.8939
3.9968
4.0229
4.0174
3.9905
3.9628
3.8184
3.9658
3.9872
3.9708
3.9748
3.9639
3.8944
3.9663
4.0301
4.0267
4.0050
4.0174
3.9370
3.9739
4.0202
4.0121
4.0067
4.0595
4.0243
3.9387
3.9626
4.0230
3.9879
4.0159
3.9205
4.0000
4.0055
3.9958
3.9931
4.1157
3.9578
3.9112
4.0156
3.9930
4.0130
3.9983
4.0168
3.9683
4.0064
3.9986
3.9845
4.0650
3.8264
3.9569
4.0284
3.9560
3.9950
4.0081
3.9387
3.9310
3.9642
3.9834
4.0336
4.1215
3.9398
3.9821
4.0231
3.9502
3.9759
3.9816
3.9967
3.9370
4.0315
3.9946
4.0131
4.0151
3.7996
4.0313
4.0638
4.0154
4.0106
4.0193
3.9450
3.9862
3.9773
4.0070
3.9942
3.9684
3.9554
3.9048
3.9993
4.0132
3.9931
4.0275
3.9980
3.8479
4.0375
4.0107
4.0333
3.9835
3.9943
3.9403
3.8563
4.0214
4.0057
4.0107
4.0447
3.8994
3.9731
4.0130
3.9622
3.9674
4.0106
3.9461
4.0426
4.0271
4.0087
4.0362
4.0164
3.9295
4.0455
4.0106
4.0287
3.9850
4.0219
3.9965
3.9644
3.9465
3.9721
4.0118
4.0354
3.9002
4.0238
3.9204
3.9932
3.9871
4.0229
3.9071
4.0251
3.9588
4.0048
4.0169
4.0244
4.0007
4.0345
4.0052
3.9964
3.9996
3.9791
4.0111
3.9945
4.0038
4.0029
4.0135
4.0269
3.9529
4.0082
4.0327
4.0347
4.0154
3.9596
3.9098
3.9744
3.9849
4.0071
3.9777
3.9735
3.9236
4.0313
4.0073
4.0110
3.9609
3.9531
3.9180
3.9883
3.9471
4.0099
3.9531
4.0552
3.8415
4.0111
4.0404
4.0331
4.0227
3.9943
3.9930
3.9715
3.9728
4.0223
4.0125
3.9637
3.8975
4.0071
4.0121
3.9730
3.9274
3.9917
3.9446
4.0241
3.9996
4.0164
4.0023
3.9787
4.0068
3.9639
4.0222
4.0131
4.0266
4.0375
3.9445
3.9985
4.0094
3.9976
4.0082
3.9586
3.9456
4.0236
4.0094
4.0014
4.0114
3.9995
3.9064
3.6338
4.0083
4.0347
4.0038
4.0177
3.9441
3.9970
4.0128
4.0094
3.6823
3.9626
3.9600
3.9741
4.0127
3.9983
3.8043
3.9901
3.9777
4.0220
4.0284
4.0109
3.8971
4.0065
3.9643
4.0071
3.9905
4.0174
3.7201
3.9804
3.9550
4.0145
3.9893
4.0056
3.8150
4.0001
3.9308
3.9886
4.0205
3.9798
3.8818
4.0009
3.9004
3.9697
3.9541
4.0014
3.5511
4.1240
3.9461
3.9718
3.9635
4.0073
3.9301
4.0269
3.9352
3.5788
3.8490
4.0018
3.9856
4.1169
3.9158
3.9140
3.9798
3.9995
4.0442
4.1083
3.8822
3.9156
3.9770
4.0357
4.0141
4.0478
3.9129
3.9576
4.0050
4.0030
4.0627
3.9377
3.9602
4.0128
3.9920
3.9957
3.8406
3.9834
4.0367
3.9990
4.1216
3.8312
3.9579
3.9984
4.0069
4.0340
3.9790
3.9678
3.9784
4.0033
4.1135
3.9414
3.8466
4.0230
4.0015
4.1145
3.9771
3.8703
4.0122
3.9552
4.0126
3.9260
3.9273
4.0030
3.9790
4.0688
3.9274
3.8469
4.0089
3.9736
4.0464
4.0379
3.7489
4.0259
4.0462
3.9505
3.9215
3.9890
3.9670
3.8786
3.9715
3.9494
4.0308
3.9410
4.0124
3.8603
4.0244
3.8576
4.0222
3.9254
4.0053
3.9251
4.0031
3.8904
4.0025
3.9607
3.9875
3.9274
3.9881
3.8828
3.9890
3.9723
3.8706
3.7747
3.9935
4.0417
3.9228
3.9713
3.9015
4.0063
3.9610
3.9661
3.9833
3.9300
3.9781
3.9643
3.9177
3.9578
4.0317
3.9820
3.7391
3.8819
3.9991
3.9875
3.8432
3.9650
4.0153
3.9577
3.8687
3.9796
4.0084
3.9486
3.9164
3.9308
4.0322
3.9883
3.7299
3.9169
4.0186
4.0026
3.9127
3.9093
3.9504
4.0011
4.0124
3.9596
3.9316
3.9813
3.9808
4.0154
3.9989
3.8928
3.8902
4.0096
4.0308
4.0133
3.9697
3.9505
4.0069
3.9674
4.0080
3.9788
3.7820
4.0025
4.0165
4.0136
3.6050
3.8773
3.9988
4.0012
3.9486
3.8989
3.8991
4.0272
4.0050
3.9186
4.0280
3.9824
4.0020
3.9962
3.9542
3.8871
4.0117
3.9876
3.9369
3.9349
4.0126
4.0031
3.8295
3.8651
4.0172
3.9497
3.9897
3.9579
3.9944
3.9480
3.9486
3.8967
4.0009
3.9638
3.9585
3.9568
3.9791
3.9632
3.7879
4.0127
3.8783
3.9109
4.0182
3.8706
3.9734
3.9951
4.0007
3.9518
4.0030
3.9567
3.9436
4.0338
3.9788
4.0295
4.0072
3.9608
4.0220
4.0128
3.9828
4.0284
3.7975
4.0102
3.9184
3.9807
3.9416
3.9955
3.9844
4.0122
3.8628
4.0048
3.9557
4.0034
4.0111
4.0353
3.8900
4.0252
3.9536
4.0081
3.8143
4.0129
4.0074
4.0260
3.8791
4.0220
3.9541
4.0084
3.9867
3.9905
4.0164
4.0215
3.9675
3.9968
4.0289
3.9758
3.9908
3.9933
4.0197
3.9831
3.8912
3.9863
3.9215
4.0066
3.9565
4.0128
3.9971
4.0105
4.0330
3.9497
4.0079
4.0308
3.9568
3.9741
4.0119
4.0239
4.0307
4.0349
3.9885
3.9897
4.0055
4.0288
4.0385
3.9733
4.0172
4.0173
4.0038
4.0332
3.9828
3.9845
4.0149
4.0050
4.0427
4.0224
3.9867
3.9139
3.9846
4.0023
3.9113
3.9971
4.0159
4.0208
4.0269
3.9811
4.0292
4.0016
4.0205
3.9564
3.9985
3.9984
3.9873
3.9934
3.9800
3.9901
4.0122
4.0250
3.9837
3.9788
3.9684
3.9617
3.9814
4.0087
4.0176
3.9705
3.9917
4.0277
4.0109
4.0324
4.0303
3.9826
3.9945
3.9963
3.9829
4.0147
4.0169
4.0079
4.0304
4.0164
4.0036
4.0251
3.9880
4.0208
3.9938
4.0215
3.9825
4.0150
4.0302
4.0209
4.0171
4.0222
3.9996
4.0151
4.0255
3.9977
3.9519
3.9768
3.9822
3.9795
3.9652
4.0281
3.9787
3.9902
3.9725
3.9243
3.9327
3.8553
3.8978
3.9915
3.8462
3.8995
3.9920
3.9822
4.0027
4.0012
4.0223
4.0280
3.9621
4.0191
4.0255
3.9557
4.0117
4.0136
4.0199
4.0305
3.9787
4.0125
4.0357
4.0077
4.0055
3.9688
4.0255
4.0125
3.9563
4.0259
4.0127
4.0157
3.9738
4.0312
3.9729
4.0032
3.9854
4.0055
3.9745
3.7647
3.8724
3.8440
3.9758
4.0197
4.0105
4.0180
3.9160
4.0085
2.8152
4.0403
3.6490
4.0316
3.9524
3.9156
4.0568
4.0310
4.0282
3.9538
4.0052
3.9301
3.9591
3.9626
3.9608
3.7936
3.7649
3.7637
3.7620
3.7629
3.7850
3.7615
3.7634
3.7609
3.7650
3.7989
3.7573
3.7595
3.7587
3.7621
3.7617
3.7880
3.7556
3.7636
3.7608
3.7994
3.7706
3.7591
3.7597
3.7701
3.7964
3.7605
3.7576
3.7601
3.7737
3.7078
3.9788
3.9742
3.9764
4.0088
3.9779
3.8852
3.9353
