1.9649
2.0347
2.0108
4.1650
1.9720
1.9635
2.0613
1.9711
2.0027
1.9996
2.0311
2.0548
2.1427
2.0023
5.6240
2.2120
1.9531
2.0251
2.9421
3.5564
6.9233
3.5674
2.0031
2.0365
3.5638
1.9897
12.9305
2.6748
3.5452
1.9921
1.9531
2.0390
2.0044
6.3618
2.5382
2.0499
1.9776
2.0218
6.4490
2.7222
2.0602
1.9940
2.0255
1.9890
2.4267
3.5558
1.9637
1.9976
2.3904
2.0119
3.5553
2.3585
3.5460
2.2293
2.0748
3.5855
2.0211
1.9653
1.9905
2.7221
1.9841
1.9709
2.0288
2.0484
2.0261
2.0031
2.3883
2.0287
2.0585
1.9797
2.0070
2.4477
2.0739
1.9606
2.0106
2.0177
2.3030
1.9773
2.1094
1.9966
2.0081
2.0644
1.9935
1.9735
2.0043
1.9743
2.0131
1.9670
1.9648
2.0163
1.9812
2.0165
1.9700
2.0464
2.0256
1.9955
2.0412
2.0208
2.5399
1.9839
2.0258
2.0281
1.9530
2.0080
1.9868
3.0662
2.0155
2.0333
3.2234
1.9941
2.0250
2.8083
2.0377
2.0414
5.0213
2.0131
2.0618
1.9724
1.9530
1.9911
2.0693
1.9870
1.9920
2.0944
1.9943
1.9727
1.9631
2.0082
2.0023
2.0257
2.0335
1.9894
1.9559
2.0198
1.9905
1.9644
1.9851
1.9810
2.0038
1.9879
2.0050
1.9875
2.0607
1.9997
2.0274
1.9820
2.0066
2.0545
2.0203
2.0384
1.9538
2.0062
1.9772
1.9942
2.0063
2.0106
2.0357
2.0074
2.0081
2.0356
2.0258
1.9917
2.0378
2.0272
1.9561
1.9543
1.9884
1.9698
2.0026
2.0129
1.9947
1.9930
2.0324
2.2630
2.0227
2.0243
1.9980
2.0221
1.9948
2.0129
2.0366
1.9982
1.9890
2.0392
1.9994
2.0255
1.9913
1.9590
2.0399
7.7225
1.9538
1.9788
2.0401
2.0366
2.6079
1.9473
2.0093
2.0107
1.9815
2.0039
2.0286
2.0019
2.1303
2.0026
1.9786
2.0401
2.0058
2.0082
2.0113
2.0000
2.0151
1.9919
2.0290
1.9769
2.0581
2.0084
2.0174
2.0031
2.0156
1.9645
2.0531
1.9835
2.0449
2.0126
1.9534
1.9751
2.1006
1.9764
1.9853
2.0075
2.0174
2.0302
1.9671
1.9802
2.7865
2.9318
2.0979
1.9847
1.9867
1.9844
2.0103
1.9931
1.9768
2.0175
2.0623
4.6268
1.9907
2.0508
2.0970
3.5820
1.9862
2.0089
1.9986
2.0072
1.9700
1.9834
1.9769
3.4775
2.0129
1.9571
2.1046
2.0412
2.0709
2.0171
5.1728
1.9761
2.0765
1.9864
3.5321
2.0067
1.9992
5.9712
1.9638
2.0425
2.0421
2.0626
2.0482
1.9940
1.9686
1.9683
1.9977
1.9677
1.9867
2.0308
1.9959
2.0054
1.9816
1.9842
2.0417
2.0091
17.6441
2.0138
1.9768
2.0450
2.0315
2.0050
1.9869
2.1241
2.0330
1.9941
1.9636
1.9950
1.9640
2.6820
2.0242
1.9910
2.4745
1.9568
2.5882
1.9849
2.0659
2.4370
2.1029
1.9930
1.9945
1.9593
2.0631
3.0950
1.9840
2.0733
2.0027
2.0343
2.3457
2.4830
1.9940
3.3335
2.0172
2.0332
1.9770
2.0512
2.0179
2.0309
2.5728
2.0426
2.0405
2.0286
2.0274
1.9901
1.9755
2.0190
1.9986
2.0633
1.9750
2.0283
3.0633
2.0522
3.4023
2.0157
3.3256
2.0400
1.9752
3.9035
2.0781
2.0238
2.0457
2.6204
1.9972
2.6594
2.0167
2.0307
2.0622
2.0251
2.1010
2.0739
2.0465
2.0017
2.0890
1.9895
1.9776
2.0953
1.9993
2.0174
1.9917
2.0374
2.0988
2.0257
2.1137
1.9880
2.7181
2.0070
2.0302
2.0009
3.7264
2.0436
2.0729
2.4148
2.0226
2.5055
3.3928
3.7095
2.0148
2.7461
2.0179
3.6502
2.0732
3.1055
2.0367
2.2843
2.0747
2.7074
2.0246
2.0201
2.4132
2.5297
2.0293
2.5484
2.5767
2.0327
1.9928
2.0338
2.0161
2.9360
1.9889
1.9922
2.0723
2.7175
2.0133
2.2442
2.0539
2.7671
2.5026
2.0230
2.2430
1.9899
2.5346
1.9742
2.0415
2.0611
1.9921
1.9779
2.0176
2.3987
1.9620
1.9949
1.9789
1.9725
1.9757
2.0913
1.9904
1.9668
2.0342
2.0046
4.7240
4.0751
