2.7164
2.7085
2.7388
2.7136
2.7369
2.7295
2.7291
2.7110
2.7437
2.7226
2.6913
2.6954
2.7296
2.7379
2.7401
2.7248
2.7104
2.6971
2.7155
2.7361
2.7328
2.7168
2.7309
2.6987
2.7303
2.7231
2.7311
2.7367
2.7259
2.7055
2.7346
2.7294
2.7343
2.7283
2.7035
2.7304
2.7405
2.7302
2.7259
2.7297
2.7238
2.7240
2.7363
2.7275
2.7021
2.7222
2.7880
2.7285
2.7440
2.7223
2.7331
2.7349
2.7507
2.7385
2.7756
2.7412
2.7250
2.7260
2.8491
2.7190
2.7233
2.7304
2.7279
2.7431
2.7485
2.7279
2.7308
2.7370
2.7090
2.7245
2.7322
2.7347
2.7335
2.7148
2.7429
2.7312
2.7284
2.7718
2.7677
2.7060
2.7267
2.7431
2.7410
2.7036
2.7124
2.7294
2.7131
2.7230
2.7228
2.7372
2.7309
2.7287
2.7390
2.7299
2.7311
2.7234
2.7159
2.7321
2.7275
2.7237
2.7548
2.7759
2.7188
2.7257
2.7315
2.7513
2.7304
2.7409
2.7365
2.7103
2.7400
2.7268
2.7228
2.7266
2.7494
2.7171
2.7398
2.7268
2.7654
2.7497
2.7257
2.7294
2.7409
2.7262
2.7460
2.7288
2.7154
2.7305
2.7397
2.7225
2.7376
2.7226
2.7314
2.7190
2.7431
2.7304
2.7176
2.7229
2.7334
2.7295
2.7564
2.7508
2.7133
2.7313
2.7207
2.7281
2.7300
2.7239
2.7105
2.7314
2.8809
2.7387
2.7387
2.7129
2.7234
2.7895
2.7546
2.7198
2.7360
2.7247
2.7475
2.7391
2.7427
2.7681
2.7281
2.7284
2.7671
2.8301
2.7585
2.7766
2.7282
2.7203
2.7508
2.7612
2.7335
2.7248
2.7129
2.7448
2.7412
2.7431
2.7403
2.7379
2.7310
2.7354
2.7212
2.7938
2.7360
2.7434
2.7271
2.7311
2.7457
2.7735
2.7423
2.7415
2.7316
2.7257
2.7529
2.7321
2.7225
2.7494
2.7434
2.7164
2.7502
2.7343
2.7277
2.7464
2.7287
2.7290
2.7410
2.7415
2.7171
2.7397
2.7439
2.7209
2.7376
2.7359
2.7408
2.7459
2.7317
2.7418
2.7397
2.7348
2.7649
2.7332
2.7236
2.7218
2.7318
2.7250
2.7314
2.7258
2.7532
2.7224
2.7290
2.7309
2.7159
2.7285
2.7328
2.7313
2.7444
2.7364
2.7378
2.7363
2.7373
2.7281
2.7193
2.7337
2.7433
2.7293
2.7446
2.7452
2.7377
2.7380
2.7501
2.7282
2.7284
2.7239
2.7309
2.7380
2.7383
2.7429
2.7273
2.7267
2.7304
2.7438
2.7463
2.7387
2.7121
2.7817
2.7259
2.7297
2.7323
2.7388
2.7322
2.7552
2.7203
2.7472
2.7144
2.7424
2.7220
2.7185
2.7179
2.7370
2.7250
2.7305
2.7366
2.7362
2.7393
2.7517
2.7352
2.7271
2.7256
2.7370
2.7386
2.7393
2.7106
2.7202
2.7301
2.7435
2.7459
2.7231
2.7169
2.7295
2.7139
2.7364
2.7418
2.7376
2.7229
2.7351
2.7151
2.7297
2.7473
2.7326
2.7245
2.7390
2.7387
2.7556
2.7573
2.7510
2.7106
2.7397
2.7286
2.7365
2.7293
2.7351
2.7281
2.7318
2.7474
2.7709
2.7205
2.7133
2.7253
2.7333
2.7394
2.7420
2.7274
2.7387
2.7157
2.7254
2.7269
2.7365
2.7383
2.7448
2.7329
2.7230
2.7318
2.7413
2.7399
2.7421
2.7298
2.7202
2.7356
2.7228
2.7417
2.7252
2.7237
2.7322
2.7225
2.7503
2.7382
2.7230
2.7163
2.7354
2.7356
2.7286
2.7290
2.7281
2.7345
2.7508
2.7245
2.7332
2.7222
2.7484
2.7171
2.7454
2.7280
2.7296
2.7252
2.7215
2.7343
2.7489
2.7398
2.7401
2.7368
2.7143
2.7234
2.7506
2.7255
2.7256
2.7301
2.7400
2.7243
2.7180
2.7405
2.7261
2.7395
2.7554
2.7181
2.7334
2.7257
2.7763
2.7385
2.7256
2.7342
2.7299
2.7297
2.9234
2.7419
2.7297
2.7285
2.7328
2.7305
2.7176
2.7508
2.7086
2.7252
2.7190
2.7232
2.7260
2.7473
2.7349
2.7394
2.7055
2.7459
2.7295
2.7415
2.7361
2.7196
2.7312
2.7373
2.7168
2.7464
2.7379
2.7296
2.7376
2.7323
2.7237
2.7357
2.7355
2.7309
2.7376
2.7284
2.7151
2.7363
2.7389
2.7397
2.7173
2.7346
2.7187
2.7225
2.7398
2.7177
2.7395
2.7272
2.7255
2.7429
2.7269
2.7311
2.7567
2.7371
2.7156
2.7453
2.7411
2.7369
2.7315
2.7219
2.7076
2.7483
2.7209
2.7305
2.7502
2.7264
2.7335
2.7495
2.7516
2.7313
2.7317
2.7228
2.7312
2.7290
2.7180
2.7257
2.7329
2.7349
2.7361
2.7347
2.7604
2.7370
2.7253
2.7400
2.7352
2.7592
2.7731
2.7337
2.7317
2.7243
2.7087
2.7436
2.7641
2.7184
2.7493
2.7376
2.7309
2.7268
2.7797
2.7248
2.7316
2.7288
2.7020
2.7304
2.7301
2.7158
2.7479
2.7332
2.7272
2.7358
2.7545
2.7131
2.7405
2.7327
2.6985
2.7437
2.7247
2.7146
2.7386
2.7226
2.7387
2.7280
2.7353
2.7187
2.7377
2.7457
2.7311
2.7263
2.7269
2.7186
2.9522
2.7359
2.7182
2.7672
2.7604
2.7217
3.0208
2.7249
2.7262
2.7675
2.7330
2.7326
2.9565
2.7403
2.7359
2.7847
2.7411
2.7209
2.8843
2.7121
2.7152
2.7832
2.7305
2.7214
2.7197
2.7302
2.7174
2.7619
2.7388
2.7294
2.7273
2.7312
2.7139
2.7679
2.7382
2.7238
2.7388
2.7376
2.7244
2.7630
2.7465
2.7519
2.7484
2.7256
2.7264
2.7742
2.7187
2.7299
2.7284
2.7260
2.7160
2.7764
2.7490
2.7499
2.7340
2.7114
2.7250
2.7776
2.7679
2.7649
2.7508
2.7363
2.7226
2.7845
2.7354
2.7222
2.7539
2.7212
2.7330
2.7818
2.7380
2.7246
2.7557
2.7338
2.7258
2.7239
2.7276
2.7387
2.7508
2.7232
2.7417
2.7204
2.7196
2.7362
2.7357
2.7132
2.7351
2.7304
2.7260
2.7336
2.7322
2.7343
2.7084
2.7253
2.7272
2.7329
2.7498
2.7263
2.7285
2.7287
2.7352
2.7411
2.7304
2.7360
2.7091
2.7404
2.7292
2.7447
2.7349
2.7254
2.7135
2.7456
2.7176
2.7292
2.7435
2.7158
2.7119
2.7475
2.7381
2.7310
2.7820
2.7320
2.7195
2.7316
2.7332
2.7491
2.7788
2.7153
2.7335
2.7315
2.7252
2.7219
2.8928
2.7374
2.7306
2.7479
2.7088
2.7384
2.8857
2.7253
2.7298
2.7477
2.7529
2.7316
2.7746
2.7272
2.7324
2.4043
2.7346
2.7279
2.7769
2.7262
2.7362
2.3690
2.7353
2.7278
2.7827
2.7266
2.3494
2.7358
2.6966
2.7833
2.7291
2.3392
2.7335
2.7316
2.7750
2.7312
2.3439
2.7475
2.7069
2.7578
2.7271
2.3720
2.7235
2.7239
2.7773
2.7269
2.3928
2.7343
2.7451
2.7613
2.7396
2.3457
2.7463
2.7322
2.7326
2.7166
2.3456
2.7161
2.7364
2.7312
2.7333
2.3368
2.7401
2.7366
2.7401
2.7257
2.3974
2.7507
2.7276
2.7406
2.7432
2.3779
2.7429
2.7292
2.7312
2.7240
2.7316
2.7124
2.7274
2.7355
2.7372
2.7238
2.7404
2.7375
2.7438
2.7182
2.7343
2.7340
2.7450
2.7274
2.7275
2.7277
2.7304
2.7261
2.7261
2.7299
2.7830
2.7325
2.7441
2.7232
2.7498
2.7308
2.7294
2.7293
2.7278
2.7340
2.7427
2.7468
2.7199
2.7325
2.7505
2.7611
2.7434
2.7333
2.7391
2.8295
2.7516
2.7195
2.7338
2.7147
2.7218
2.7413
2.7607
2.7084
2.7364
2.7449
2.7471
2.7599
2.7543
2.7390
2.7375
2.7377
2.7456
2.7353
2.7338
2.7367
2.7557
2.7373
2.7262
2.7334
2.7319
2.7275
2.7338
2.7499
2.7283
2.7316
2.7321
2.7407
2.7408
2.7308
2.7251
2.7325
2.7360
2.7253
2.7246
2.7350
2.7409
2.7156
2.7298
2.7418
2.7287
2.7272
2.7179
2.7399
2.7322
2.7379
2.7295
2.7433
2.7213
2.7393
2.7273
2.7411
2.7520
2.7195
2.7245
2.7273
2.7327
2.7296
2.7837
2.7287
2.7285
2.7495
2.7601
2.7334
2.7289
2.7283
2.7450
2.7511
2.7422
2.7281
2.7254
2.7196
2.7772
2.7378
2.7250
2.7121
2.7231
2.7662
2.7450
2.7211
2.7294
2.7111
2.7187
2.7385
2.7219
2.7231
2.7416
2.7567
2.7274
2.7183
2.7257
2.7115
2.7351
2.7408
2.7240
2.7087
2.7440
2.7120
2.7565
2.7199
2.7352
2.7329
2.7481
2.7280
2.7210
2.7307
2.7522
2.7489
2.7453
2.7211
2.7316
2.7371
2.7420
2.7228
2.7183
2.7434
2.7540
2.7195
2.7644
2.7204
2.7407
2.7157
2.7270
2.7622
2.7194
2.7332
2.7511
2.7380
2.7442
2.7182
2.7330
2.7255
2.7480
2.7212
2.7223
2.7296
2.7310
2.7141
2.7351
2.7264
2.7170
2.7351
2.7272
2.7373
2.7251
2.7214
2.7300
2.7380
2.7878
2.7265
2.7345
2.7255
2.7293
2.7276
2.7154
2.7353
2.7365
2.7342
2.7446
2.7258
2.7393
2.7095
2.7366
2.7735
2.7281
2.7298
2.7586
2.7368
2.7412
2.7128
2.7466
2.7321
2.7299
2.7383
2.7173
2.7421
2.7353
2.7331
2.7366
2.7285
2.7186
2.7241
2.7441
2.7347
2.7481
2.7259
2.7362
2.7246
2.7582
2.7279
2.7239
2.7350
2.7231
2.7492
2.7570
2.7271
2.7280
2.7369
2.7436
2.7608
2.7326
2.7467
2.7426
2.7373
2.7397
2.7501
2.7420
2.7414
2.7226
2.7367
2.7353
2.7703
2.7477
2.7230
2.7466
2.7523
2.7587
2.7351
2.7242
2.7280
2.7342
2.7594
2.7462
2.7229
2.7255
2.7357
2.7670
2.7397
2.7259
2.7381
2.7428
2.7493
2.7407
2.7320
2.7451
2.7173
2.7404
2.7293
2.7377
2.7445
2.7219
2.7376
2.7498
2.7495
2.7440
2.7222
2.7352
2.7365
2.7417
2.7474
2.7492
2.7315
2.7393
2.7458
2.7397
2.7199
2.7267
2.7453
2.7332
2.7280
2.7496
2.7114
2.7444
2.7431
2.7641
2.7408
2.7153
2.7638
2.7599
2.7525
2.7194
2.7301
2.7547
2.7627
2.7422
2.7540
2.7241
2.7328
2.7169
2.7504
2.7249
2.7503
2.7279
2.7448
2.7266
2.7256
2.7722
2.7508
2.7193
2.7487
2.7322
2.7503
2.7186
2.7498
2.7303
2.7180
2.7604
2.7512
2.7227
2.7254
2.7791
2.7292
2.7336
2.7547
2.7291
2.7425
2.7402
2.7301
2.7457
2.7230
2.7295
2.7306
2.7389
2.7346
2.7382
2.7330
2.7766
2.7592
2.7713
2.8042
2.7817
2.7873
2.7819
2.7101
2.7319
2.7402
2.7412
2.7443
2.7411
2.7397
2.7454
2.7397
2.7580
2.7023
2.7135
2.7330
2.7858
2.7441
2.7458
2.7301
2.7391
2.7402
2.7317
2.7389
2.7462
2.7657
2.7458
2.7354
2.7154
2.7644
2.7192
2.7757
2.7157
2.7225
2.7188
2.7469
2.7007
2.7313
2.7009
2.7444
2.7041
2.7290
2.7146
2.7242
2.7485
2.8654
2.7324
2.7321
2.7302
2.7388
2.7247
2.7288
2.7155
2.7576
2.7263
2.7558
2.7375
2.7878
2.7280
2.7832
2.7220
2.7329
2.7167
2.7606
2.7292
2.7287
2.7234
2.7517
2.7231
2.7491
2.7378
2.7492
2.7380
2.7298
2.7430
2.7753
2.7413
2.7647
2.7242
2.7558
2.7258
2.7497
2.7238
2.7283
2.7358
2.7461
2.7563
2.7325
2.7304
2.7377
2.7606
2.7234
2.7453
2.7256
2.7531
2.7530
2.7377
2.7273
2.7417
2.7271
2.7502
2.7318
2.7344
2.7146
