2.7367
2.9001
2.6080
2.6531
3.7237
3.6560
2.6121
5.7015
2.5596
2.4965
2.6168
2.6009
2.6218
2.5180
2.7045
2.6346
2.8650
2.6403
2.5956
2.5663
2.7628
3.5869
2.5565
3.3620
3.7534
2.6835
2.7158
3.8361
2.7194
3.6182
2.5802
2.4874
2.7951
3.6977
2.5854
3.7213
2.6476
2.5578
2.6881
3.8625
3.8337
3.4412
2.6233
2.6781
2.8323
3.8304
3.9433
2.7275
3.8182
2.6567
3.5590
2.5518
3.8467
2.5537
3.9148
3.7977
2.7511
2.5712
3.9705
2.7139
2.5238
2.6221
2.6482
2.6137
3.8312
2.5954
2.5118
2.6293
2.8190
3.6270
2.5700
2.5706
2.4552
2.7045
3.8059
2.5817
2.7352
2.7553
2.6578
2.7665
2.5843
2.7376
2.7044
2.6733
2.6633
2.4725
2.6931
2.7569
2.6800
3.8652
2.5629
2.5806
2.7337
3.4987
3.7457
4.1790
2.8592
3.8173
3.8093
3.7451
4.1408
2.7344
2.7210
3.6698
3.8001
4.2103
2.5643
3.7529
3.5148
3.2362
2.5670
4.2398
2.6206
3.6361
3.8122
3.2348
2.6265
4.2607
2.6988
3.8416
3.6207
3.7920
2.5402
3.6898
3.8650
2.5423
2.7032
3.8255
2.6463
4.1115
3.8750
2.5281
2.6555
2.7087
2.6338
3.8964
3.6730
2.4745
2.6771
2.4649
4.1582
3.8722
2.7368
2.6435
2.6838
4.2590
3.7494
2.5607
2.7187
3.8046
3.1595
3.8021
2.6059
2.7482
2.6963
2.7134
3.8597
3.5983
2.6429
2.7101
4.1759
3.6633
3.9201
6.7191
2.7748
2.7194
3.8675
3.9201
3.8948
4.1964
2.6770
2.6945
3.8506
3.8684
3.8375
4.1109
2.6970
2.5713
3.7963
3.6755
3.7466
3.9459
3.8343
2.6389
3.5274
3.8653
3.8005
3.8539
3.7512
2.7216
3.4589
3.9208
3.8318
3.8292
3.6969
3.6998
3.8935
2.4674
3.6120
3.8262
3.8985
3.5392
3.9220
2.4606
3.5853
3.8562
3.7819
2.7241
3.7962
2.5368
3.4586
3.7447
3.9128
2.6744
3.6672
2.5377
3.8229
3.7724
3.8459
2.5207
3.8678
2.5507
3.8933
3.8252
2.6672
3.8048
2.5482
3.7618
3.7686
3.7076
3.7739
2.7152
3.7229
3.7627
3.5471
3.7515
2.7434
3.6897
3.8269
2.7099
3.6861
2.4831
3.8815
3.7580
2.6070
3.5603
2.5701
3.7967
3.7615
2.6013
3.6302
2.5378
3.7640
3.7982
2.7870
3.9157
2.5573
3.8371
2.5367
2.5101
3.7907
3.7172
2.4711
3.7832
2.6981
2.5043
3.4904
3.9342
2.6952
3.7077
2.6676
2.5404
2.7227
3.8315
2.6114
3.8423
2.7080
2.5895
2.6904
4.0268
3.5849
4.0665
2.4504
2.5394
2.5129
3.7144
3.7608
3.8883
2.6303
2.5525
2.6572
3.7945
3.8072
2.7376
2.7499
2.7006
3.7755
3.8354
3.8535
2.6652
2.7449
2.7530
3.6514
3.8747
3.8545
2.6629
2.4295
2.4866
3.5469
3.7059
3.8701
2.6525
2.6585
2.5391
2.6849
3.6482
3.9237
2.8180
2.7239
2.5334
2.7744
3.7972
2.7361
2.6782
3.8365
2.5746
2.5628
4.0353
2.7079
2.7194
3.7229
2.5224
2.6549
3.8629
2.5265
2.6684
3.5342
2.6931
2.6937
3.6343
2.5525
2.6908
3.8487
2.6040
3.7735
3.7538
2.5335
2.5750
3.8341
3.5924
2.6572
3.8507
2.5452
2.5967
3.6081
3.7661
2.7482
3.9767
2.4827
2.6916
3.3914
3.7431
2.5323
3.7279
2.4505
2.6858
3.9011
3.8648
2.6373
3.7457
2.6080
2.5766
2.7017
3.8774
3.7849
3.4644
2.6996
2.6061
2.6444
3.8459
2.6594
3.5440
2.5581
2.6601
2.4540
3.8959
2.7416
3.8785
2.5758
2.5453
2.7061
2.7021
2.5715
3.5518
2.5379
2.7098
2.6898
2.6947
2.6811
3.9585
2.5414
2.6091
2.7111
2.7467
3.8110
4.2462
2.5191
2.7506
2.4067
2.6526
2.7233
4.0088
3.8730
2.7236
2.7302
2.6347
2.7164
2.4491
3.8644
2.6966
3.8858
2.7350
2.5774
2.7430
3.8228
2.7144
3.5379
2.7603
2.6087
2.7104
3.8149
3.8857
3.7403
2.7149
2.6968
2.7052
3.7924
3.8546
3.8272
2.6173
3.7718
2.6238
3.7849
3.8357
3.8618
2.6006
2.7293
2.5163
3.5339
3.7198
3.5442
3.8628
2.7258
2.4549
2.5110
3.7874
3.7522
3.7608
2.5363
2.7973
2.5175
3.7935
3.8554
3.7755
2.6999
2.7191
3.8108
3.5712
3.7843
3.8160
3.7625
2.9776
3.8083
3.7970
3.7812
3.7506
2.7379
2.7701
2.4868
3.5354
2.4130
3.7231
2.6409
2.7129
2.4724
3.8226
2.4810
3.8394
2.6720
2.8164
3.9154
3.8625
2.4844
3.8616
2.7037
2.6002
3.7953
3.8859
2.7080
3.7698
2.4868
2.5253
2.5706
4.0607
2.7723
3.7755
3.7961
2.5349
2.4467
3.7344
2.6947
3.8243
2.5882
2.5000
3.7832
3.9524
2.5991
3.7805
2.5568
2.8441
3.8202
3.7166
2.6722
3.7582
2.7392
2.8917
3.7875
3.8700
2.6641
3.8406
2.5531
2.7476
3.7852
3.7993
2.6335
3.6908
2.6229
2.6971
2.5013
3.7756
2.6974
4.1742
2.7297
2.4730
2.5104
3.8347
2.5156
4.2655
3.8085
2.7802
3.8554
3.7920
2.6848
4.1758
2.7588
2.8459
3.8530
3.7287
2.7307
2.4551
2.4665
2.7367
4.1402
3.8336
2.4912
2.4115
2.7089
2.6070
2.5495
3.7468
2.7005
3.7723
2.6487
2.5201
4.1536
3.8452
2.5303
3.7935
3.7539
2.4402
2.5979
3.6701
2.4214
2.4054
3.7896
2.8362
2.4916
3.8875
3.8263
2.4806
2.7324
2.4157
2.4912
3.8757
3.8534
3.8013
2.5665
2.7378
3.8304
3.7892
2.4945
3.8601
2.6992
2.7551
3.8289
3.7342
2.5058
3.0236
2.6154
2.8082
2.6257
2.7087
3.7846
2.7241
3.7741
2.7894
3.7245
2.7166
3.7700
3.7515
2.6951
2.8131
3.7152
2.7042
2.4672
3.6823
2.5387
2.6552
3.6934
2.4641
2.4584
3.9110
2.7307
2.5504
2.4564
2.5533
3.7869
3.6854
2.6395
2.6961
2.4606
2.7443
3.7926
3.7555
3.7979
2.5311
3.7915
2.6946
3.8072
3.6787
2.7112
2.8947
3.8038
2.7607
3.4733
2.3024
2.5950
2.7435
2.4810
2.6822
3.8010
2.3251
2.7292
2.7768
2.4618
2.7621
3.6431
3.8881
2.6538
2.4824
3.8259
2.6968
3.8028
3.8867
3.7748
2.5121
3.8211
2.5915
3.7784
2.5103
3.8104
3.8267
4.5408
2.8155
3.8347
2.5217
2.7513
3.8553
4.7137
2.6479
3.8230
3.8315
2.4524
4.6748
2.4772
2.7114
3.8352
2.6910
4.6656
2.5180
2.7002
3.7920
2.5538
4.3044
2.6827
2.7490
2.4896
3.7905
4.6902
2.7803
2.6949
3.7949
2.7491
4.4753
2.5364
3.9543
2.5227
2.5816
4.6680
2.6090
3.8339
2.4532
2.6788
4.6479
2.7730
2.5696
2.4705
2.5992
4.6662
2.7445
2.5722
3.7852
2.6946
4.6216
2.6635
3.7018
3.7899
2.5997
4.7204
3.8810
3.6166
2.4727
2.7124
2.6828
3.6661
3.6631
2.4841
2.5588
2.7115
3.8552
3.7223
3.7986
2.7021
2.6490
3.6305
3.7990
2.4359
2.5341
3.8094
3.8084
2.7090
2.7269
2.7044
3.9328
3.7969
2.6169
2.7480
3.7877
3.8657
2.4709
3.7603
2.5868
3.7263
4.1073
3.9236
2.6971
2.6146
3.8777
3.9893
3.8694
2.5630
2.5600
3.9750
3.7741
3.6821
3.8852
2.7150
4.0089
3.7485
4.2557
3.4145
3.8662
2.6463
3.8620
3.8271
3.7852
3.8588
2.4963
3.7899
3.7643
3.8472
2.4761
3.7759
3.8038
2.5878
2.5756
3.7010
3.7952
2.6530
2.5432
3.8622
3.9079
2.5961
2.7412
3.8803
3.7168
2.8163
2.5519
3.6758
3.8314
2.8167
2.5928
3.6756
3.6450
2.6460
2.4728
3.8537
3.7674
2.5264
2.7151
3.8586
3.8311
2.6782
3.7101
3.7596
3.6971
2.7345
2.7312
3.8176
3.8136
4.0310
2.4245
3.8346
2.7460
3.8051
2.7854
2.7234
2.4965
2.5496
3.8536
2.7585
2.4769
2.4767
2.6507
3.8543
2.6465
3.7520
2.5080
2.6582
3.8997
2.7557
3.7289
2.6459
2.7668
3.8220
2.7897
2.7095
2.4221
2.7417
3.6623
2.7838
2.6383
2.4965
2.8256
3.8532
2.7132
2.6800
2.4726
2.7256
2.6255
2.6875
2.6806
2.6293
2.7078
2.8556
2.6657
2.6967
3.6584
3.5445
2.6124
2.8443
2.6688
3.8126
2.6696
2.7500
2.7430
2.7055
3.8293
2.6450
2.6737
2.6893
2.6998
3.8311
2.7847
2.7004
2.6387
2.6601
3.8055
2.6268
2.6428
2.6399
2.6924
3.7997
2.5680
2.5670
2.6753
2.6634
3.8272
2.4597
2.6119
2.7536
2.6933
3.6279
2.7537
2.5965
2.6839
2.5049
2.5046
2.6942
2.6416
2.6935
2.6022
2.4872
2.6402
2.6391
2.7958
2.5813
3.7832
2.7413
2.4404
2.7913
2.7111
3.7789
2.5848
2.4665
2.6705
2.5027
2.5194
2.6088
2.7267
3.9012
2.5203
2.4567
2.7509
2.6283
3.8887
2.7212
3.8109
3.7222
2.7502
3.8722
2.6921
3.8012
3.8452
2.6889
3.7321
3.7179
3.6126
2.8337
3.7504
3.7305
3.7773
2.4695
3.7967
2.6993
2.7118
3.8595
2.6521
3.8336
2.7042
2.6772
3.8882
2.5562
3.4542
3.8302
2.5741
3.8820
2.5023
3.8247
3.8229
2.5956
4.1508
3.7159
3.6484
3.8353
3.8343
3.8252
3.8636
3.9327
3.8328
3.8375
3.8159
3.7180
3.9329
3.7645
3.7803
3.8738
3.7857
4.2400
3.8116
3.6354
3.3824
3.8488
3.8129
3.8406
3.7338
3.8008
3.8059
3.8205
3.6536
3.6675
3.8670
2.7066
3.7580
3.6388
3.8147
3.8061
2.6294
3.7764
3.8697
4.0437
3.7720
2.6421
3.7304
3.8208
3.7751
4.0291
3.7660
2.7355
3.8607
3.7322
3.7005
3.6139
2.6989
3.8765
3.8369
3.6784
3.7867
2.7756
3.8614
3.8652
3.9690
3.7478
2.6974
3.8766
3.8818
3.8979
3.5454
3.7315
3.7538
3.7682
3.8658
3.8262
3.7052
3.7205
3.6638
3.7124
3.6468
3.8757
3.8383
3.7644
2.7231
3.7757
3.9221
3.9569
2.6962
3.7781
3.8895
3.7734
2.6885
3.7829
3.8436
2.7170
3.8100
3.8183
2.7155
3.7887
3.9678
2.6946
3.7680
3.7837
2.7277
3.6624
2.6082
3.8008
2.6046
3.7977
2.7486
3.7383
2.6511
3.6863
2.5480
3.8525
2.5196
3.7587
2.4882
2.8685
3.8171
2.8397
3.8256
2.4371
2.4433
2.6912
2.4933
2.8173
3.7577
2.8325
3.7971
2.7680
2.5466
2.8843
2.2984
2.7069
3.8892
2.5009
3.7808
2.5506
2.4840
2.7577
2.4504
2.6699
3.7894
2.6994
3.8030
2.4671
3.6221
2.7476
3.5242
2.9130
3.5258
2.6724
3.4528
2.8731
3.2889
2.8865
4.1313
2.6005
4.8956
2.8144
2.7156
2.9300
2.6387
4.1514
2.5898
3.7513
2.5761
3.8651
2.5698
3.7105
2.6699
3.8390
2.6281
3.8805
2.7939
3.9286
3.2946
3.9345
2.5564
3.8546
2.5081
3.7657
2.6611
3.7739
2.6629
3.7916
3.8234
3.6842
2.5878
3.6995
2.6497
3.8330
2.6343
3.7703
2.5642
3.9571
2.6909
3.9002
2.6295
3.8215
3.8819
3.8160
3.7457
3.7719
3.8897
2.6834
3.8230
2.4541
3.7455
2.5806
3.8475
2.6437
3.8258
3.8727
3.6865
3.7988
3.8821
3.6236
3.5382
3.6781
3.8184
3.5645
