6.2339
6.0879
6.0438
6.0900
5.9092
5.9919
5.8533
6.0858
5.8801
6.1050
6.1180
6.2909
6.1642
6.2098
6.1727
6.1941
6.0632
5.7639
6.1285
6.1932
5.8952
6.2018
6.4325
6.8159
4.8440
6.0759
6.1581
4.8323
6.1589
5.3162
6.0888
6.0917
6.2411
4.8287
4.5754
6.0666
6.0855
4.7694
6.0199
4.7232
4.5838
5.6679
6.1610
4.7839
6.1645
5.9118
4.4513
5.9952
6.1419
13.5025
6.2108
5.9139
5.0964
6.7039
6.0600
4.6539
6.1762
5.8025
4.7872
5.1582
4.7555
4.6573
5.9036
4.7522
4.4656
4.4852
4.8302
4.6464
6.1794
4.7394
6.2748
4.8473
6.1806
4.6335
5.4185
4.7985
6.2546
4.5180
6.2736
4.4546
5.8902
4.7104
4.6974
4.4535
6.1444
4.7003
6.0700
4.8127
4.7763
4.5046
6.1548
4.7374
6.0746
6.1059
4.7857
4.9401
5.8836
4.6155
6.2206
6.1852
4.7771
4.6839
6.1482
4.6623
6.2127
6.1420
4.7034
4.4309
6.1217
6.2238
6.0786
6.1576
4.6270
4.7919
5.9349
5.4071
5.9768
5.9541
4.6662
4.7233
4.8414
5.8320
5.8997
4.6922
4.7641
4.7877
6.0594
5.9187
6.1141
4.7147
4.8817
4.7810
6.0837
5.1681
6.2467
4.6340
6.1607
4.8079
6.0711
5.7707
6.1374
4.4268
5.8982
4.3804
6.1568
5.0399
6.0541
4.5593
6.0608
6.3005
6.0750
4.9461
5.6424
4.5353
6.2347
6.2111
6.0764
6.0630
4.7969
4.6399
6.1769
6.0874
4.7249
6.1277
4.7004
4.7067
6.1750
6.0968
4.7980
6.0304
4.7006
4.4238
6.0051
4.7797
4.7327
6.0350
4.8569
5.8633
5.9458
4.7735
4.9350
6.0781
4.7562
5.8014
6.2129
4.8067
4.7576
6.0582
4.7082
4.8559
6.2336
4.8117
4.7904
6.2026
4.7034
4.8035
4.7399
5.7699
4.6543
6.0657
4.6826
4.7698
4.7374
5.8074
4.6525
6.0648
4.7015
4.7983
4.8407
5.8457
4.9288
6.0361
4.7331
5.8360
4.8205
4.8052
4.7037
6.0773
4.6102
6.0858
4.7428
4.7763
4.7160
6.0395
4.6170
4.7325
4.7782
4.8136
4.7041
6.0964
4.7107
6.1871
4.7667
4.7975
4.8220
4.7378
4.6807
6.3201
4.7326
6.1808
4.7479
4.7799
4.7007
6.2416
4.7034
5.8345
4.7860
4.8391
4.6265
6.1901
4.8101
4.7761
4.8580
4.7108
4.6968
6.1754
4.7861
4.8276
4.7146
4.7621
4.6696
6.1891
4.7437
4.7997
4.6479
4.8027
4.8803
6.2319
4.7642
4.7999
4.7267
4.7326
4.7624
6.2853
4.7609
6.0646
4.8031
4.7437
4.6957
4.7358
6.0534
5.8973
4.7717
4.7347
4.6710
4.7242
6.1438
4.7922
4.7009
6.1011
4.7259
4.7373
6.0716
4.8252
4.7214
6.0546
4.6401
4.8204
6.0462
4.7304
4.6900
6.0874
4.8347
4.7294
6.0606
4.7861
4.8082
6.0439
4.6043
4.7577
6.0675
6.1621
4.7747
6.0401
4.8013
4.5431
6.1989
5.9401
4.9688
6.0613
6.2484
4.7809
6.1010
4.7963
4.8120
6.1830
6.1616
6.1678
6.0531
4.7670
4.7658
6.0681
6.1542
6.2010
6.0605
4.7058
5.0048
6.0733
6.2864
6.2532
6.0821
4.8198
4.5619
6.0588
6.1605
6.1851
6.0667
4.7866
4.8557
6.0527
6.0871
6.1802
6.0866
5.7629
4.7761
6.1635
6.1897
6.2025
4.7377
5.7706
4.8134
6.0285
6.1589
6.2179
4.7828
5.8560
4.6112
4.7403
5.6139
6.1715
4.8459
5.8911
4.7263
4.7496
5.7698
4.7314
4.6192
4.7635
4.8975
4.7267
5.7814
4.6719
4.7626
4.8427
4.7640
4.8084
6.0321
4.7235
4.8074
6.2030
4.8907
4.7097
6.1080
4.6889
4.7054
5.9619
4.7844
4.6959
6.2073
4.6887
4.7490
5.9071
4.8097
4.8476
6.2082
4.6595
4.7242
4.7863
4.6777
4.7695
6.0510
4.7111
6.1836
4.8123
4.7502
4.7721
6.0777
4.6809
6.1987
6.0774
4.7612
6.1113
5.7782
6.2833
5.9774
5.9185
4.6864
6.1659
5.8224
6.2826
5.9368
5.9027
4.6129
6.0835
6.1517
6.1014
6.1585
4.7742
6.0657
6.1736
5.7039
6.1729
6.2553
4.8142
5.8239
6.0721
6.0570
6.1497
6.1763
5.8560
5.2087
6.1691
6.0824
4.7546
6.0474
5.8108
6.2086
6.0518
6.2051
4.7706
5.9376
5.9106
6.0438
6.1688
6.0604
4.7763
6.1757
4.7999
6.1672
6.1457
4.7262
4.7903
4.7620
4.8577
6.1608
6.0174
6.1939
4.7890
4.6955
4.7938
6.1707
6.1282
4.7020
4.7948
4.7191
6.2152
6.1716
5.9965
4.7194
4.7999
4.7440
5.9863
6.0670
6.2065
4.7160
6.2040
4.7647
4.8243
6.1538
6.1938
4.7208
6.2158
4.7188
4.8021
6.2551
6.1347
4.6547
4.7633
4.6923
4.7020
6.1668
6.1110
4.6615
4.7322
4.7219
5.8894
5.8952
6.1362
4.8268
4.7775
4.8545
5.9297
6.2089
6.1173
4.7347
4.6416
4.7129
5.9549
5.7629
6.0283
4.6469
6.0490
4.7515
5.8506
6.3980
6.1573
4.6295
6.1323
4.7414
4.7643
6.1319
6.0294
4.6752
6.2000
4.7612
4.7995
6.0678
6.1425
4.6901
6.1678
4.6831
5.9297
5.6575
6.0882
4.6338
6.1481
5.7937
5.8295
5.6004
6.1124
4.8215
6.0517
5.5519
5.7663
6.1764
6.0932
4.7565
6.1584
5.9759
6.1762
5.8087
6.1092
4.7740
6.0682
6.2978
5.9352
6.2230
4.8114
4.6669
6.0913
6.1252
4.7858
5.8332
4.7497
4.7073
6.1527
6.1150
4.8204
6.0708
4.7688
4.6357
6.1485
6.1692
6.0072
6.1543
4.7159
4.7425
6.1529
5.9806
5.8937
6.1133
6.0859
4.7191
4.7611
6.0659
5.9394
6.1203
6.1489
4.7714
4.7836
6.1468
6.1864
6.2449
6.1892
4.6817
4.8061
6.0718
4.7223
6.1688
6.1590
4.7017
4.7234
6.1636
4.8250
6.1889
6.1461
4.7532
4.8730
4.7849
6.0457
6.2535
6.0890
4.9565
4.7335
4.7882
5.9184
6.0001
6.1679
5.7607
4.6345
4.8337
6.1938
6.1994
6.0931
5.9597
4.6388
4.7632
4.7775
5.8921
4.7794
6.0776
6.0149
4.7090
4.7660
6.3488
4.8206
6.1776
6.0407
4.6929
6.0066
6.2476
4.7973
6.1967
5.8455
6.1408
5.9259
6.0017
4.6537
6.1708
6.0492
5.9217
6.1691
5.8263
4.6601
6.0004
4.8310
6.0784
4.7937
5.8766
4.6981
6.1930
4.4493
5.9699
4.7575
6.1503
4.7522
4.7298
5.8297
6.1332
6.0279
6.0436
4.7644
5.9922
6.1481
6.1162
5.9619
4.7763
4.6781
5.8382
5.8382
6.1447
6.2127
5.8941
4.6664
6.1844
6.1689
6.1193
5.9164
6.2087
4.6924
6.2633
4.7209
6.1528
4.7541
5.7872
4.7462
6.1663
4.7116
6.1132
4.7581
6.0494
6.1786
6.0297
4.8868
6.1917
6.0371
6.0993
6.1185
5.8544
4.6896
6.1204
5.9263
6.2132
5.9616
6.0872
6.1582
6.2285
5.8718
4.8005
6.1575
6.1087
4.7674
5.9682
4.8011
6.1673
6.1580
4.8467
5.8934
4.8199
5.6202
6.0939
6.0110
4.7058
4.8119
6.1433
6.1600
6.0897
4.8801
4.8616
6.0562
6.0965
4.7915
4.7702
4.6642
5.8716
6.1616
4.7882
4.7844
4.8124
6.0526
6.0781
5.9959
4.8112
4.7503
6.1654
6.0949
6.1547
4.6087
5.7559
6.2272
6.0783
4.8172
4.8571
3.8318
6.2225
6.0878
4.7870
4.6951
6.0322
4.6903
5.9482
5.8826
4.8055
5.6589
4.7274
6.0390
5.9152
4.7168
3.3926
4.5383
5.8888
6.1355
6.2057
5.9167
4.7738
6.0878
4.7677
5.1729
4.4794
4.6816
5.9346
4.8487
6.1687
4.5267
4.6789
6.0047
5.9289
5.8633
6.1847
4.7124
5.7041
6.0931
6.2014
6.1897
4.7774
6.4263
4.7911
5.5318
6.1108
4.7039
6.1282
4.7724
6.1517
5.7674
4.6348
4.7185
6.0207
5.9193
6.1591
4.6928
6.0427
6.0745
4.7022
5.9636
4.7996
6.1039
6.1353
4.5992
6.1643
4.6912
5.9307
5.7936
4.8520
6.1037
4.7333
6.0690
6.1085
4.6566
6.1979
4.6893
5.9249
6.0393
4.7278
5.9159
4.7518
5.9807
6.1016
4.6002
6.2461
4.7305
4.7056
6.0305
4.9262
6.1720
4.7727
6.1989
4.7398
4.6759
5.8393
4.6597
5.9790
4.7938
6.1575
6.1578
4.8073
6.1947
6.0319
6.0354
5.7968
4.6258
6.1374
5.9336
6.1822
6.0894
4.6499
5.8422
6.1938
6.1152
5.8562
4.7160
6.1632
5.9213
6.0841
6.1328
4.5948
6.1789
4.7875
6.1484
6.0341
4.7047
6.1476
4.8177
6.0619
6.1301
4.7025
5.9539
4.8024
6.1584
6.1780
5.7903
6.1294
4.8268
5.9018
6.1314
6.0568
5.7915
4.7490
5.7954
6.0640
6.0344
6.0205
4.8122
5.8129
5.8654
6.1597
5.7906
4.7790
6.1585
6.1696
6.1227
6.0253
4.8187
4.6513
4.6726
5.9784
6.1602
4.7987
4.6548
4.6452
5.9828
6.1090
4.7747
4.7129
4.8060
6.1678
6.1929
4.7969
4.6807
4.7617
6.1527
6.2098
4.7918
4.7441
4.6884
6.2419
6.1774
4.8027
4.7988
4.7061
6.1159
6.0139
4.7904
6.2844
4.7175
6.1680
5.9068
6.0224
6.2494
4.6852
6.0393
6.0235
6.1591
4.8312
4.7482
5.8116
6.1661
6.0613
4.8373
4.6578
6.0154
6.1499
6.1348
4.7720
4.6986
5.7518
5.7320
6.1582
4.7977
4.6500
6.1250
4.6837
6.0656
4.8355
5.8385
4.7065
6.0966
4.7073
6.1326
4.6631
4.7754
4.5970
6.1281
4.6800
4.7584
4.7883
6.1514
4.5996
4.7633
4.6345
5.8498
4.6724
5.9934
4.7292
6.1666
4.6257
5.7101
4.6701
6.2003
4.6789
5.7452
4.8258
6.0544
4.5954
4.8689
4.6835
6.1945
4.6515
4.8078
4.6763
4.6626
4.7028
4.8227
4.6361
4.6712
4.6416
4.7839
4.6812
4.6951
4.6991
4.8378
4.8380
4.5730
4.7432
4.8177
4.8453
4.6641
4.6037
4.8371
4.6938
4.8135
4.7452
4.8150
4.7286
4.8262
4.6193
4.7712
4.7204
4.7179
4.8155
4.7270
4.7356
4.7844
4.6870
4.6796
4.7685
4.6929
4.6347
4.8410
4.6859
4.6721
4.7389
4.6012
4.6752
4.7966
4.6840
4.7744
4.6573
4.8234
4.7095
4.7479
4.6956
4.8050
4.7312
4.7972
4.6911
4.7917
4.7039
4.7991
4.6790
4.7815
4.6277
5.8425
4.6897
5.8595
4.6213
5.8152
4.8444
5.8113
4.7037
4.7381
4.6986
4.7790
4.4926
6.1196
6.1955
6.1263
6.1415
6.1164
6.3022
6.1408
6.1454
6.1118
5.8760
6.1475
6.1870
6.0930
6.1730
6.1336
6.2963
6.3266
5.9182
6.1357
6.1698
6.2121
5.7805
6.1502
6.1848
6.1570
5.9088
6.0836
6.0453
6.1605
6.1542
6.0830
6.2709
4.7359
6.2136
4.6598
6.1675
4.6815
6.0133
4.7002
6.1055
5.4997
5.8341
6.0148
6.0472
6.1713
6.2646
4.4660
5.5233
4.5800
6.2438
4.6541
6.0514
4.7419
4.5910
5.7710
4.6997
6.2591
4.6132
6.0075
4.7328
6.0782
4.6800
4.8320
4.6955
4.6872
4.4976
4.7338
4.7188
4.5222
4.6883
4.7252
4.5693
4.8003
4.6558
4.6397
4.7163
4.6781
4.5999
4.6891
4.6375
4.6173
4.8464
4.6274
4.6257
4.6286
4.6781
4.6377
4.7008
4.7069
