3.4872
3.7093
3.5108
3.4898
3.7953
3.2416
3.7471
3.6475
3.5357
3.4949
3.6274
3.4366
3.5732
3.5151
3.4822
3.5979
3.6152
4.0139
3.6248
3.5118
3.5532
3.5025
3.1776
4.0400
2.2668
3.6264
3.5860
2.2536
3.4563
8.1155
3.5205
3.7242
3.3719
2.2770
2.4660
3.4989
3.6510
2.3340
3.4784
2.2653
2.7418
3.4644
3.3945
2.3396
3.5078
3.8119
2.7846
3.2742
3.5812
13.1548
3.3869
3.5997
2.1887
4.2788
3.6241
2.5049
3.4423
3.6274
2.2540
4.7857
2.3618
2.2361
3.5563
2.3424
2.7761
2.7252
2.2616
2.3768
3.5262
2.3850
3.5893
2.2266
3.4809
2.4700
3.2477
2.3151
3.5596
2.4083
3.4760
2.6634
3.5204
2.3166
2.3041
2.3804
3.3482
2.3607
3.7000
2.2663
2.2592
2.6910
3.7531
2.4087
3.4035
3.6644
2.2849
2.2598
3.6258
2.3246
3.5480
3.6173
2.2384
2.4698
3.5872
2.3601
3.3909
3.5152
2.2840
2.4045
3.6035
3.3851
3.2838
3.6389
2.5640
2.2713
3.6356
3.9092
3.4979
3.5522
2.5084
2.2896
2.2884
3.3877
3.7604
2.4159
2.2770
2.3354
3.5856
3.6443
3.3914
2.2951
2.2542
2.3056
3.5777
4.1530
3.2828
2.5789
3.4940
2.3080
3.5210
3.3203
3.4963
2.6211
3.6474
2.9657
3.4725
2.1996
3.6283
2.4291
3.4691
3.3097
3.6543
2.2565
3.9056
2.6395
3.4629
3.4522
3.5914
3.4884
2.2374
2.3443
3.5404
3.5696
2.2181
3.6273
2.2984
2.3252
3.4944
3.6164
2.2742
3.6095
2.3392
2.6359
3.6042
2.3094
2.3329
3.5923
2.2153
3.6372
3.6383
2.3031
2.2288
3.6247
2.2519
3.5954
3.5148
2.2723
2.3690
3.5668
2.2704
2.2747
3.3431
2.2781
2.2612
3.5281
2.2371
2.2904
2.2611
3.7684
2.2864
3.6838
2.3401
2.3735
2.2596
3.7764
2.2573
3.6083
2.2845
2.2702
2.2200
3.7428
2.2320
3.6018
2.2350
3.7144
2.2391
2.2646
2.4177
3.6119
2.2534
3.5489
2.2714
2.2620
2.3646
3.6087
2.3976
2.3046
2.2485
2.3023
2.1806
3.4847
2.3159
3.5016
2.2781
2.2800
2.2290
2.3278
2.3003
3.3482
2.2804
3.4941
2.3559
2.3337
2.2769
3.4544
2.2940
3.7482
2.3039
2.3143
2.4113
3.4724
2.2347
2.2912
2.2793
2.3729
2.2976
3.4937
2.2538
2.2545
2.4084
2.2871
2.3661
3.4552
2.2511
2.2885
2.3641
2.2619
2.1810
3.5063
2.2501
2.2789
2.4415
2.2792
2.3239
3.3812
2.2558
3.5833
2.2354
2.2739
2.3789
2.2694
3.4433
3.6781
2.2352
2.2906
2.4384
2.2792
3.6530
2.2990
2.3907
3.4822
2.2668
2.2503
3.6530
2.2638
2.3823
3.6092
2.2886
2.2599
3.5897
2.3299
2.2907
3.6136
2.2589
2.2870
3.5902
2.2728
2.2611
3.6092
2.4570
2.2389
3.5749
3.5293
2.2725
3.6146
2.2127
2.4810
3.6975
3.6654
2.2148
3.6562
3.3356
2.2517
3.5768
2.2774
2.3215
3.5906
3.4906
3.4443
3.6747
2.3103
2.2743
3.5603
3.4976
3.4703
3.5965
2.2797
2.2150
3.6075
3.1203
3.3499
3.6372
2.2690
2.5723
3.5767
3.6242
3.4528
3.4886
2.3040
2.3007
3.6370
3.4776
3.4165
3.4541
3.7502
2.3801
3.6143
3.5091
3.5410
2.3477
3.7612
2.2501
3.5313
3.4759
3.3899
2.3366
3.6666
2.1679
2.2763
3.7431
3.4847
2.3095
3.6949
2.2498
2.2721
3.6306
2.3130
2.4782
2.2811
2.2408
2.2879
3.7175
2.3244
2.2906
2.2833
2.3609
2.2672
3.4092
2.2923
2.2597
3.4899
2.2616
2.3628
3.4350
2.3298
2.3556
3.5787
2.3503
2.3818
3.4558
2.3266
2.2700
3.6682
2.2187
2.3043
3.5197
2.3443
2.2918
2.2857
2.4775
2.3282
3.4995
2.3045
3.3868
2.2851
2.2597
2.3112
3.7945
2.3449
3.3621
3.5432
2.2726
3.4841
3.6240
3.3725
3.5311
3.6177
2.3493
3.6071
3.5469
3.3614
3.6498
3.6959
2.5118
3.5441
3.6195
3.5896
3.5223
2.2886
3.7968
3.6130
3.7410
3.4750
3.3941
2.2891
3.7144
3.5435
3.5604
3.5214
3.5122
3.7782
4.4404
3.5900
3.4876
2.2931
3.5805
3.8144
3.5064
3.5221
3.4570
2.3023
3.6818
3.6386
3.6292
3.5932
3.4945
2.2904
3.4831
2.2582
3.3842
3.6478
2.3026
2.2925
2.2643
2.2734
3.6453
3.5624
3.3541
2.2902
2.3111
2.2794
3.5486
3.6451
2.2468
2.2962
2.2837
3.4637
3.3268
3.6026
2.2867
2.2884
2.3199
3.6351
3.2797
3.4604
2.2687
3.5518
2.2613
2.2749
3.4726
3.5107
2.2820
3.6550
2.3237
2.2685
3.4664
3.3678
2.2480
2.3276
2.3031
2.3977
3.5838
3.4068
2.3520
2.3625
2.2631
3.6406
3.7750
3.3677
2.2008
2.3107
2.2002
3.6784
3.4692
3.4232
2.3035
2.4537
2.2968
3.5913
3.5942
3.3353
2.4037
3.5492
2.3116
3.6770
3.1923
3.4339
2.2978
3.5886
2.2720
2.3120
3.3580
3.3415
2.3240
3.4735
2.2955
2.2949
3.5615
3.4392
2.3025
3.6248
2.3289
3.5957
3.8776
3.2990
2.4246
3.6206
4.7117
3.7406
4.1173
3.3535
2.2329
3.5369
3.5556
3.7667
3.5858
3.3030
2.3368
3.5776
3.2312
3.5680
3.8233
3.3643
2.2435
3.5917
3.1723
3.4485
3.2087
2.2851
2.4521
3.5277
3.6646
2.3426
4.0296
2.2842
2.2513
3.6375
3.5194
2.2669
3.8931
2.2726
2.3168
3.4786
3.6010
3.6156
3.4454
2.2762
2.2412
3.6299
3.6206
3.6576
3.5612
3.5137
2.2805
2.2730
3.5412
3.6485
3.5637
3.6268
2.2616
2.3321
3.6163
3.4768
3.3917
3.4226
2.3440
2.2484
3.4744
2.2981
3.5082
3.6597
2.2913
2.4313
3.6470
2.3186
3.4084
3.6241
2.2639
2.2394
2.3652
3.6203
3.4562
3.5108
2.1469
2.2663
2.2752
3.6581
3.6575
3.6124
3.7504
2.2818
2.2516
3.4468
3.4854
3.5319
3.8161
2.2716
2.3017
2.2682
3.6807
2.3229
3.5890
2.9844
2.3419
2.3287
3.2193
3.4965
3.5886
3.2321
2.4159
3.6200
3.5300
2.2490
3.6973
2.9509
3.5899
3.6125
3.6874
3.7115
3.5239
3.2083
3.0306
3.6503
3.6853
2.3723
3.3998
2.2300
3.6856
2.2562
3.9002
2.3406
3.5594
2.8166
3.1365
2.3442
3.5802
3.6410
2.3104
3.6864
3.3134
3.5830
3.5123
3.5769
3.7301
3.5395
3.3877
3.6105
2.2551
3.6871
3.5342
3.6037
3.3064
3.4584
3.7153
2.3355
3.4056
3.5074
3.3858
3.6261
3.5840
3.6596
3.3501
2.3234
3.3202
2.3253
3.7009
3.5858
3.4848
2.2944
3.3639
2.3099
3.4200
3.4653
3.4956
2.2449
3.3113
3.6163
3.4074
3.6332
3.4933
2.2724
3.3640
3.6311
3.5336
3.5294
3.4661
3.5980
3.6236
3.7225
2.3412
3.4243
3.5334
2.2695
3.6149
2.2996
3.5296
3.6578
2.2754
3.6392
2.3212
3.8888
3.5109
3.6891
2.3595
2.2955
3.6714
3.6328
3.5811
2.2354
2.2290
3.4302
3.5408
2.2956
2.3312
2.4389
3.6053
3.6187
2.2894
2.2655
2.3167
3.5006
3.5242
3.6643
2.2621
2.2929
3.4075
3.5597
3.6475
2.4559
3.5472
3.4466
3.5202
2.2823
2.2535
7.2537
3.4622
3.5210
2.3000
2.3936
3.2583
2.3552
3.6580
3.7155
2.3188
3.7949
2.2871
3.5914
3.6478
2.3524
7.0548
2.5527
3.6913
3.4650
3.8869
2.6985
2.2488
3.5796
2.2716
4.2358
2.4575
2.2944
3.6527
2.2691
3.9369
2.3603
2.2346
3.5915
3.7110
3.8304
3.4519
2.3014
3.4339
3.5534
3.9561
3.6714
2.2205
3.8535
2.3101
4.0336
3.3581
2.3257
3.3432
2.3032
3.9721
3.7174
2.2664
2.3710
3.6439
3.7362
3.5602
2.2888
3.1608
3.6253
2.3215
3.2860
2.2866
3.2636
3.6055
2.4638
3.5591
2.2364
2.9230
3.7034
2.2389
3.4457
2.3989
3.3693
3.6458
2.2943
3.3308
2.2895
2.9350
3.6246
2.2802
3.4822
2.2321
3.5637
3.5842
2.4518
3.3584
2.2752
2.3147
3.4476
2.2165
3.6617
2.2471
3.4167
2.2840
2.2490
3.7222
2.4528
3.4126
2.3311
3.6483
3.4052
2.2655
3.4050
3.5843
3.5336
3.6043
2.4508
3.4250
3.6356
3.6023
3.4283
2.3892
3.6453
3.4836
3.6542
3.6170
2.3027
3.4796
3.6610
3.5022
3.4808
2.3025
3.2715
2.3226
3.6290
3.3418
2.3459
3.5280
2.2712
3.5788
3.4256
2.3212
3.2878
2.2874
3.6213
3.4466
3.4876
3.5537
2.2680
3.5774
3.5204
3.6698
3.5974
2.3338
3.6701
3.4743
3.6948
3.3356
2.2964
3.6098
3.5733
3.5462
3.6251
2.2936
3.4789
3.3638
3.4447
3.3921
2.2753
2.2609
2.3246
3.4279
3.5050
2.3056
2.2780
2.4340
3.5148
3.3819
2.2885
2.2920
2.2821
3.4440
3.6151
2.2905
2.3485
2.2968
3.4107
3.4152
2.2951
2.2640
2.2144
3.5458
3.3346
2.2857
2.2219
2.3315
3.4895
3.4521
2.2804
3.5517
2.2915
3.6081
3.5132
3.5870
3.5294
2.3439
3.4834
3.4337
3.5368
2.2878
2.1926
3.6092
3.5346
3.6695
2.2869
2.2633
3.5422
3.4598
3.6054
2.2939
2.2875
3.6954
3.6299
3.5301
2.2727
2.3736
3.6528
2.3206
3.6533
2.1959
3.4252
2.2572
3.6562
2.2732
3.5663
2.3453
2.3055
2.3890
3.4349
2.3121
2.3100
2.2248
3.5048
2.4545
2.2950
2.3274
3.6202
2.3281
3.5651
2.2488
3.4769
2.3899
3.7987
2.2428
3.4234
2.3590
3.8099
2.2407
3.3810
2.3709
2.2449
2.3456
3.4517
2.2916
2.2859
2.2694
2.4308
2.2641
2.2655
2.4325
2.3041
2.4008
2.2645
2.4135
2.2531
2.3923
2.3113
2.2375
2.4373
2.3397
2.2805
2.2099
2.2533
2.4835
2.2467
2.3254
2.2796
2.2675
2.2678
2.2553
2.2359
2.4157
2.3395
2.3858
2.3158
2.2768
2.3257
2.3515
2.2784
2.3246
2.3065
2.3219
2.2357
2.3177
2.2904
2.3016
2.2928
2.3583
2.3171
2.4270
2.2897
2.3872
2.2818
2.3779
2.2724
2.2826
2.3504
2.2555
2.2987
2.2369
2.2796
2.2830
2.2911
2.2874
2.2908
2.3215
2.2936
2.3101
3.6256
2.2558
3.6859
2.4274
3.8281
2.2076
3.7041
2.3503
2.3723
2.2701
2.3076
2.6722
3.4009
3.4621
3.3159
3.1876
3.3808
3.8401
3.3475
3.4360
3.5115
3.5166
3.5545
3.5009
3.5354
3.3826
3.5974
3.4574
3.3387
3.4542
3.6876
3.6012
3.1096
3.6404
3.7431
3.2601
3.6127
3.7054
3.5350
3.4279
3.6223
3.6870
3.5234
3.2970
2.2740
3.4578
2.3633
3.4396
2.3507
3.3248
2.3390
3.1401
5.4776
3.7108
5.1557
3.5132
4.7466
3.4368
2.5161
4.7177
2.3726
3.4324
2.3541
3.0469
2.3604
2.4994
3.7663
2.3496
3.3155
2.5159
4.4844
2.2822
3.4248
2.3444
2.2589
2.3145
2.3448
2.6093
2.2741
2.3280
2.6470
2.2904
2.3508
2.2765
2.2889
2.3255
2.3287
2.2987
2.3795
2.2762
2.2920
2.4102
2.4694
2.1997
2.5065
2.3011
2.4811
2.3374
2.3042
2.3521
2.2109
