10.0171
11.30485
11.07331
10.45279
11.01174
10.86935
10.53854
11.08628
11.20275
10.14587
9.86258
11.31098
11.47213
11.27078
10.83496
9.573
11.83568
11.38947
10.89861
10.22532
11.53667
2.86596
11.72333
9.83232
10.4705
10.40088
11.70998
11.14225
11.76933
10.96399
10.83589
11.5079
7.94338
1.70288
9.64936
10.94319
11.18354
10.42056
10.69467
10.23953
9.69242
11.23911
11.30862
10.64762
10.426
10.74253
10.03196
9.5108
NAN
10.42146
12.10788
10.0171
11.05585
0.31249
9.95031
10.15882
9.85922
10.53123
9.19199
10.96932
10.50354
10.13512
11.80904
10.73534
