3.9282
4.2182
3.7920
4.8006
4.1911
4.4109
4.1597
4.1323
5.1885
3.9338
4.2892
4.1550
5.6241
4.2299
5.0366
4.9773
5.9989
3.9950
4.3886
5.7957
3.8748
4.0862
6.2615
4.3080
4.1598
4.4559
8.0183
3.9891
3.7942
4.9422
5.3094
4.4121
4.0685
5.9373
4.2878
4.2605
5.6964
4.2259
4.4821
4.0844
3.9834
4.4780
4.3161
4.0404
4.4638
4.2423
3.8899
4.0843
3.6540
3.9780
7.3721
4.2906
3.2312
4.1392
3.4250
5.0402
3.3648
4.6225
4.1945
4.0992
5.2729
3.5548
4.2229
7.3976
4.2018
4.3961
3.5127
4.2317
3.5185
3.8761
4.1856
4.0101
4.3019
3.5364
4.0667
4.1787
4.1939
3.7472
4.2435
4.1803
4.5108
3.8127
4.0902
4.2590
4.2440
3.8670
3.7370
3.8586
4.1861
3.6503
3.9110
4.4540
4.3707
4.1261
4.1534
4.0876
4.6509
4.3202
3.8335
3.9439
3.3497
4.3927
4.0355
4.0083
3.3219
4.2228
4.0745
4.2495
3.9092
4.0025
11.2584
4.1911
4.0664
3.6578
4.2229
3.9041
3.9923
3.3883
4.5007
4.4830
3.7229
4.0620
4.0146
4.3237
4.4427
4.0295
4.0022
4.1183
3.9522
3.3177
3.9500
3.9917
4.3301
4.2824
3.7836
4.1010
3.8312
4.3168
3.7049
4.2630
4.1393
4.2254
4.0168
4.1193
3.8427
3.7951
4.0025
3.9526
3.8717
6.4544
4.2580
3.8464
4.2597
3.8068
3.8809
4.1790
4.0907
3.4994
4.3430
4.0903
4.4818
3.9577
4.3604
3.2649
4.0345
3.8854
3.9514
4.1203
4.2712
4.4508
2.9989
4.0281
4.4334
4.0339
3.8597
4.3777
4.1963
3.9152
3.9989
3.5571
4.2537
3.6013
3.5990
4.2870
4.1029
4.5920
4.2469
3.5510
4.3059
4.1327
4.3028
3.8227
4.1413
3.9102
4.0708
3.9469
3.3799
4.3778
4.4054
4.2939
3.7466
4.5086
4.2252
4.3609
3.9145
3.6552
4.1054
4.2590
4.1764
4.4687
4.0297
4.1673
3.9996
3.9952
4.1787
4.3817
4.1412
3.4808
4.1388
4.0163
4.3023
4.2966
4.2849
4.1191
4.0643
4.2691
3.8303
4.2156
4.0850
4.0183
4.1113
4.1487
4.1621
4.4906
4.0938
3.8191
4.0616
3.9715
3.9859
4.1710
4.0353
4.2122
4.2463
4.2149
4.4043
4.1692
4.6336
4.2885
4.3119
4.0441
4.2100
3.8818
3.8096
4.4055
4.1056
11.2753
3.7544
4.3662
4.0156
4.1764
4.3034
3.8956
4.0547
4.5385
4.4132
4.6113
3.5606
4.0179
3.5434
4.0101
4.0413
4.0613
4.0482
4.0395
3.9772
4.0322
4.3236
4.4133
4.0586
4.0143
4.2596
3.9419
3.8317
4.1187
3.8294
4.3960
4.3519
5.1403
3.8783
3.8121
3.4712
3.8367
3.8906
4.4601
3.8120
3.5835
4.6112
4.2608
3.8942
4.1744
5.8315
4.2389
5.9908
5.9873
5.8847
3.7363
4.1660
6.8469
4.8946
4.1998
8.0511
5.9150
4.3746
6.4530
5.9626
7.5775
4.2567
4.2558
5.8785
4.1123
4.2581
3.6073
4.4404
3.7131
4.2296
4.0164
3.8492
3.7046
3.9082
4.3020
3.6274
4.2141
4.1261
4.3359
4.1308
4.2534
3.7468
3.8495
4.2171
4.7212
4.0303
3.6097
4.1472
4.3054
4.1243
3.7320
4.0134
4.3056
3.7993
3.8253
4.2461
7.9723
4.4694
3.9021
7.8428
4.2450
4.4834
3.9791
4.1660
4.2801
4.2757
4.2787
4.5664
4.4689
3.8311
4.1988
4.1869
3.3506
3.8111
4.3165
4.0666
4.1126
3.9857
4.2882
4.1508
3.2376
3.6172
4.2983
4.2827
4.0552
3.9513
3.6366
4.6694
4.5704
4.0639
4.3884
4.0253
11.2231
4.0217
4.1033
4.1106
4.0746
4.2864
4.0621
4.2188
4.1691
4.3150
4.0866
4.4262
4.2694
4.1718
4.1810
4.1502
4.3629
4.2264
4.1739
3.5076
4.3529
4.1419
3.4033
3.9904
4.2328
4.0783
4.4355
3.9878
4.3990
3.9529
4.4916
4.2282
4.3975
4.0895
4.5876
4.2731
3.9444
3.9596
3.9666
4.5020
4.1599
11.0919
4.2054
4.1222
3.3463
4.6006
4.2234
4.6431
4.5101
3.8891
4.5001
4.6441
3.9907
3.4030
4.4840
3.4367
4.2608
4.2590
4.1080
3.9973
4.5038
3.5151
4.4698
3.9949
4.3506
4.0175
3.8939
4.3677
4.0916
3.5196
3.3532
4.3486
3.7970
4.0322
3.4683
4.3422
4.4621
3.5166
4.1184
3.4740
4.0064
3.6934
4.3412
3.8400
4.3831
3.8717
3.7615
4.0117
3.9700
3.9553
3.9578
3.6623
4.5241
4.3655
4.1051
4.5102
4.3914
3.6827
4.0948
4.1839
3.9995
4.5017
3.9513
4.1748
11.2063
3.6060
4.2814
3.8157
4.1351
4.2152
4.4055
4.0633
3.6545
4.2143
4.3668
4.1405
4.0700
4.1092
4.3767
4.1800
4.2627
4.4385
4.4647
3.5305
3.9030
4.1446
4.0965
4.0507
4.1721
4.5073
4.3781
4.4374
6.4216
4.6803
4.7600
3.9684
4.6921
4.2596
4.1444
4.0970
4.2379
4.0396
4.2673
4.3778
4.8334
4.5139
3.8896
8.1726
4.2107
4.3560
4.4847
3.9888
4.5179
4.3335
4.6216
11.1584
4.5500
4.1592
4.4863
4.4849
3.2103
4.1187
3.7840
4.2029
4.0728
4.3493
4.3228
3.9850
