3.0665
3.3852
3.1303
3.0330
2.9202
2.9586
3.1997
3.1239
3.0799
3.2210
3.0259
2.9823
3.2281
3.1024
3.0334
3.1986
2.8968
3.0467
3.0421
3.1574
3.0514
3.1401
3.3231
3.1598
3.2123
3.0879
2.9607
3.2419
3.1603
3.2794
3.0967
3.0857
3.0548
3.1728
2.9783
2.9680
3.1598
3.1554
2.9902
3.3225
3.2084
3.2593
3.1392
3.1102
3.0056
3.2919
3.4305
3.3922
3.0889
3.1343
3.0732
3.3279
2.9409
3.3905
3.0761
3.1468
3.2036
3.3427
2.7940
3.0902
3.1466
3.0954
3.0950
3.3071
2.9964
2.9931
3.0927
3.1646
3.1000
3.3649
3.1019
3.1775
3.1843
3.1301
3.0430
3.2452
2.9912
3.1565
3.0453
3.1160
3.1508
3.2781
2.9359
3.2133
3.2545
3.1524
3.1474
3.2914
3.2742
3.3134
3.0464
3.1264
3.0339
3.1891
3.1097
3.4936
3.0654
3.1454
3.0134
3.0831
2.9181
3.2263
3.2823
3.1012
3.2223
3.1189
3.0012
3.3236
3.1746
3.3099
3.0585
3.2480
3.3243
3.3816
3.2542
2.7987
3.1692
3.0063
3.1868
3.4897
3.2754
2.8345
3.1073
3.2002
2.9201
3.1593
3.1015
2.8540
3.1138
3.1626
3.4006
3.2026
3.0866
2.8719
3.1186
3.1670
3.1383
3.3514
3.2843
3.1560
3.2681
3.2768
3.0515
3.3465
3.0350
3.0382
3.2194
3.0937
3.1122
3.0081
3.1384
2.9551
3.0751
3.2355
3.1953
3.2698
3.3092
2.7968
3.2079
3.1196
3.0780
3.0218
3.2518
2.8567
3.2587
3.1728
2.9755
3.3296
3.3113
3.1728
3.1596
3.1613
3.0183
3.0664
3.2843
3.2630
3.1915
3.1561
3.1128
3.0123
3.1970
3.1972
3.2535
3.0360
3.1953
3.1458
3.1073
3.0748
3.1714
2.9808
3.0335
3.0049
3.1609
3.2884
3.2493
2.9463
2.9969
3.2798
3.0188
3.2362
3.1861
3.0439
3.2897
3.2829
3.1350
3.1310
3.2497
3.2192
3.2248
3.1730
2.9624
3.2143
3.2207
3.2240
3.1876
3.2651
3.3277
3.2793
3.0325
3.1415
3.2061
3.0501
3.2053
3.0568
3.0891
3.2030
3.2919
3.1380
3.2347
3.0991
3.0410
3.1626
3.2133
3.0428
3.0726
3.0847
2.9706
3.0983
3.2448
3.3091
3.3433
3.1176
3.1301
3.2784
3.2599
3.0830
3.3484
3.1717
3.2790
3.2677
3.2520
3.2667
3.3440
3.1221
3.1474
3.3210
3.2386
3.0591
3.2579
2.9838
3.2363
3.3020
3.1995
3.2060
3.0456
3.0524
3.2509
3.2702
3.2856
3.1044
3.0166
3.1087
3.3077
3.2537
3.1535
3.2641
3.0263
3.1127
3.0905
3.2932
3.2271
3.0340
3.2695
3.0764
3.2405
3.2578
3.2855
3.3198
3.2527
3.2890
3.2311
3.1977
3.0853
3.0069
3.1899
3.0161
3.1187
3.1993
3.0831
3.1632
3.2523
3.0781
3.1751
3.0563
3.0924
3.0207
3.2208
3.0937
3.1630
3.1657
3.1350
3.3154
3.1237
3.2188
3.1137
3.1521
3.1587
3.0522
3.1332
3.2332
2.9645
2.9432
3.1293
3.2999
3.2313
3.2089
3.1308
3.1034
2.9704
3.1851
3.0775
3.2619
3.1277
3.2255
3.0638
3.0615
3.1869
3.1205
3.1422
3.0587
3.0829
3.2689
3.0290
3.1324
3.1201
2.9526
3.1450
3.0456
3.3558
2.9967
3.2446
3.2933
3.0612
3.2709
3.1553
3.1154
3.0243
3.2231
3.2891
3.2734
3.2650
3.1606
3.1424
3.0103
3.0013
3.2061
3.0873
3.1293
3.0688
3.2609
3.0873
3.3118
3.1726
3.0700
3.1187
3.2912
3.0986
3.2869
3.4122
3.0858
3.0453
3.1728
3.2405
3.0480
3.2765
3.0572
3.0784
2.9881
3.1907
3.3057
3.2694
3.2859
3.0439
3.2601
3.2140
3.0996
3.1967
3.1049
3.2919
2.9768
3.2595
3.3219
2.9184
2.9996
3.0505
3.0831
3.1089
3.2764
2.9298
3.2947
3.0741
3.1622
3.1405
3.0577
3.2473
3.0756
3.1664
3.0908
2.9929
3.2603
3.1101
3.1295
3.2071
2.9993
3.0027
3.1131
3.3144
3.0758
3.0113
3.0220
3.1362
3.3251
3.0871
3.0866
3.0661
3.2107
3.0523
3.1784
3.2210
3.1275
3.0204
3.0631
3.1253
3.0442
3.2840
3.1275
2.9994
3.2282
2.9515
3.2546
2.9153
3.2572
3.0933
3.0008
2.9620
3.2855
2.9626
3.1839
3.2440
3.1724
3.1053
3.2059
3.1517
3.2296
3.2539
3.2462
3.1518
3.3084
2.9927
3.2218
3.2220
3.2075
3.1439
3.1822
3.3328
3.0899
3.1697
3.0327
3.2241
3.1109
3.1062
3.1806
3.2548
3.1801
3.1142
3.2894
3.1984
3.1960
3.1993
3.2634
3.2697
3.0047
2.9789
3.1398
2.9616
3.3580
3.1395
3.3233
3.1610
3.1399
3.1698
3.3426
3.2433
3.0534
3.1340
3.1559
3.0995
3.2907
3.1660
3.2588
3.0957
3.1845
3.1316
3.2735
3.2865
3.2689
3.0244
3.1891
3.0832
3.2621
3.2480
3.0878
3.0506
3.1445
3.0943
2.9909
3.1549
3.2494
3.3602
3.2186
3.1689
2.9704
3.2419
3.3154
2.9500
3.1833
3.2073
2.9746
3.1901
3.1167
3.2238
3.1579
3.1064
3.0488
3.1923
3.2279
2.8479
3.1666
3.2291
3.0053
3.1381
3.1779
3.2262
3.3502
3.2557
3.0361
3.2710
3.2760
3.2796
3.3565
3.2967
3.0533
3.3728
3.2869
3.0454
3.1258
3.0826
3.1192
3.3063
3.1387
3.3769
3.1090
3.2394
3.1332
3.2346
3.2532
2.9107
2.9676
3.2894
3.0668
3.3679
2.9493
2.9715
2.9764
3.1214
3.0930
3.1812
3.2078
3.2278
2.7050
3.2096
3.1429
3.2368
3.2177
3.0221
2.7171
3.0723
3.0653
3.1632
3.2984
3.4002
2.7085
3.1614
3.2480
3.1272
3.2779
3.0943
2.7111
3.0916
3.1722
3.2296
3.2966
3.0849
3.1485
3.2178
3.1584
3.1888
2.9501
3.2151
3.1465
3.1139
3.1481
3.1308
3.3041
3.0566
3.0292
3.1546
3.1695
3.1596
3.0618
3.2236
3.0427
3.1955
3.1773
3.1379
3.2932
3.0834
3.0835
2.9821
3.2098
3.2108
3.2812
3.1362
3.2505
3.1148
3.2072
3.1977
2.9869
3.0155
3.2128
3.0774
3.2202
3.1979
3.2782
3.0255
3.2061
3.1240
3.2106
3.0813
3.0728
3.3690
3.2179
3.1076
3.1536
3.1525
3.2871
2.9940
3.2164
2.9956
3.1554
3.2037
3.2941
3.1477
3.1490
2.9906
3.2821
3.1074
2.9662
2.9446
3.1290
2.9454
3.0558
3.1596
3.3305
3.2331
3.1878
3.1096
3.1865
3.1232
2.9645
3.3021
3.2034
2.9195
3.1516
3.1724
3.2973
3.2111
3.1527
3.0871
3.1499
3.1724
3.2883
3.2763
3.1581
3.1664
3.2617
3.1296
3.3078
3.2639
3.1473
3.0401
3.3243
3.1165
3.0453
3.2636
2.8023
3.1110
3.3190
3.0388
3.2076
3.3197
2.8407
3.2883
2.9175
3.0441
3.2101
3.3653
2.7689
3.1714
3.2114
3.0732
3.2080
3.3275
2.8713
3.0566
3.0535
3.1932
3.2622
3.3390
2.9511
3.0307
3.1830
3.0604
3.0547
3.3265
3.2110
3.1596
3.1572
3.1625
3.2882
3.2079
2.7967
3.1091
3.3254
3.2140
3.0534
3.3755
2.8563
3.0018
3.1536
3.2122
3.1996
3.2914
2.7718
3.0987
3.2125
3.1627
3.1103
3.3128
3.1290
3.1162
3.1970
3.1722
3.2694
3.3151
2.8265
3.2133
3.0659
3.1969
3.0798
3.3558
3.0395
3.1211
3.2374
3.2029
3.2209
3.3522
3.0418
3.1970
3.1139
3.1590
3.0340
3.3235
3.1702
3.0899
3.2841
3.1506
3.2107
3.3350
3.1187
3.2273
3.2957
3.3188
3.1934
3.1146
3.1292
3.1211
3.3068
3.2946
3.2423
3.1233
3.1845
3.2719
3.2843
3.2039
3.2698
3.1799
3.1505
3.2832
3.2983
3.3150
3.0516
3.2624
3.2139
3.2424
3.2884
3.2860
3.2950
3.2229
2.9487
3.1911
3.2734
3.3222
3.0050
3.2364
3.1408
3.2979
2.9930
3.3015
3.2427
3.2196
3.1289
3.1398
3.2760
3.0828
3.2349
3.2866
3.1064
3.2940
3.1419
3.2312
3.2827
3.1542
2.8987
3.0722
3.1360
3.2912
3.2949
3.2578
3.2588
3.2201
3.2746
3.2850
2.9186
3.1875
3.2934
3.2555
3.0588
3.0392
3.2388
3.0614
3.2711
3.2247
2.9489
3.1045
3.1023
3.2780
3.0742
3.2500
3.1285
3.2176
3.2825
3.2507
3.1094
2.9629
3.2597
3.2729
3.2482
3.1125
3.1298
3.1695
3.2831
3.2239
2.9118
3.1778
3.2112
3.2758
3.0383
3.0665
3.2192
3.0416
3.0187
3.2245
3.1522
3.1346
3.1168
3.0766
3.1082
2.9784
3.1621
3.1664
3.2533
3.2523
3.1197
3.2638
3.3225
3.1063
3.0842
2.9428
3.2590
3.0565
2.9142
3.1321
3.0012
3.0678
3.1780
2.9227
3.1844
3.0049
3.0716
3.1468
2.9279
3.1081
3.0737
3.0266
3.3064
2.9579
2.9860
3.1779
3.0906
3.0056
2.9739
2.9621
3.1386
3.0232
3.1251
3.0628
3.0855
2.9514
3.0348
3.3354
3.1871
3.0742
3.1031
3.0695
3.3537
3.0392
3.1170
2.9928
2.9891
3.2725
3.0781
2.9795
3.0599
3.0408
3.2052
2.9521
3.1763
3.0514
3.0480
3.3419
3.2447
3.0993
3.1237
3.0376
3.3471
3.1996
3.0637
2.9584
3.0128
3.1467
3.0993
3.1070
2.9978
3.1228
3.1488
3.1278
3.1483
3.1236
3.1052
3.1867
3.0022
3.0396
3.1653
3.2130
3.2252
3.0823
3.3007
2.9344
2.9750
3.2148
3.1265
3.2427
3.0506
3.1033
3.2003
3.0268
3.0492
3.0873
3.2129
3.1998
2.9213
3.0075
3.2364
3.0611
3.1616
3.1305
2.9693
3.2481
3.0076
3.1511
3.2675
3.0693
3.1213
3.1493
3.3550
3.1214
2.9149
3.1304
3.1267
3.3476
3.1126
3.2410
3.2253
3.1321
3.1814
3.2840
3.1333
3.2199
3.1016
3.2160
3.1786
3.1395
2.9736
3.2831
3.1770
3.2210
3.0898
3.1894
3.1949
3.2948
3.2644
3.0619
3.1096
3.2566
3.3177
3.1738
3.2285
3.0571
3.1624
3.3238
3.2445
3.1043
3.1133
3.2457
3.2413
3.3043
3.2217
3.1940
3.1961
3.1396
2.9886
3.2094
3.0575
3.2777
3.2906
3.1719
3.2463
3.1276
3.1421
3.3015
3.1203
3.1955
3.1755
2.9997
3.2900
3.0301
3.1712
3.1958
3.0649
3.2929
3.1146
3.1888
3.1353
3.0655
3.1189
3.2528
3.1509
3.2024
3.1655
3.1301
3.1876
3.0566
3.1369
3.0862
3.1442
3.1640
3.2242
3.0286
3.1573
3.0414
3.1784
3.1990
3.0982
3.1788
3.0650
3.1825
3.1532
3.1505
3.0814
3.2550
3.1525
3.0397
3.1917
3.1481
3.2308
3.1552
3.1913
3.0387
3.1715
3.1638
3.2651
3.1330
3.0963
3.2700
3.1472
3.2124
3.0676
3.2102
3.3024
3.0748
3.0485
3.1146
3.2876
3.0341
3.0811
3.1696
3.0376
3.2951
3.1531
3.0777
3.2360
3.1447
3.1463
3.0818
3.2377
3.2327
3.2147
3.2825
3.1403
3.1707
3.2566
3.0727
3.2379
3.2440
3.1075
3.0819
3.1435
3.0399
3.0360
3.1503
3.0523
3.0382
3.2246
2.9729
3.2345
2.9675
3.1406
3.1271
3.1369
2.9132
3.1855
2.9577
3.2694
3.0460
3.0902
3.2426
3.1710
3.3125
3.2023
2.9731
3.2156
3.1564
3.1461
3.1429
3.1545
3.1335
3.1433
3.0318
3.0840
3.0528
3.0782
2.9747
3.1087
3.1098
3.0734
2.9137
2.9857
3.1639
3.0332
2.9241
3.1542
2.8755
3.0545
2.9512
3.0294
3.1177
3.1408
3.2276
3.1695
3.1699
3.0632
3.0222
3.0851
3.1953
3.0486
3.0218
3.1564
3.0159
3.1047
3.2387
3.0690
3.0766
3.0953
3.2836
3.1060
3.0866
3.1319
3.0418
3.1047
3.0504
3.0537
3.2960
3.0671
2.9704
3.1363
3.1070
3.0109
3.1211
3.2087
3.0991
3.0191
3.3139
2.9929
3.0215
3.1187
3.1502
3.2986
3.1860
3.1231
3.2820
3.2104
2.9895
3.1278
3.1597
3.0669
3.1113
3.1861
2.9748
3.3081
3.1901
3.1414
2.9290
3.1191
3.2842
3.1196
3.2835
3.2943
3.2967
3.3116
3.2909
3.2682
3.3003
3.3040
3.3074
3.2836
