4.5375
5.3037
4.9297
4.4985
4.5324
4.5259
4.7597
6.0361
4.7190
4.6671
4.2260
4.4630
4.7356
4.6050
4.6989
4.8052
4.4160
4.4765
4.6209
4.7485
4.7691
4.4836
5.0868
4.5046
4.3897
4.6279
4.6246
4.3693
4.7675
4.5216
4.7999
4.6663
4.6835
4.4011
4.5214
4.5361
4.5220
4.7298
4.5417
4.3495
4.4650
4.3834
4.7138
4.6152
4.3574
2.8214
4.3299
3.8502
4.7425
4.3728
4.5394
2.4671
4.5099
5.7712
4.7532
4.3602
4.8182
3.5638
4.5118
5.3035
4.3934
4.7818
4.6111
2.8565
3.8749
4.6282
4.6767
4.5448
4.5784
3.3150
4.6440
4.3462
4.7099
4.6664
4.6039
2.8087
4.4552
4.4460
4.6290
5.0085
4.7719
2.7241
4.5825
4.3229
4.7589
4.6142
4.5274
2.8507
4.6843
3.0066
4.4865
4.6290
4.7591
4.8421
4.3594
5.0434
4.4253
4.6980
4.4611
4.9934
4.5658
3.7664
4.3358
5.0641
4.7144
4.8207
4.4934
2.4961
4.4062
4.6763
4.5196
4.3678
4.3323
4.4473
4.4008
6.0242
4.4132
4.6536
4.4280
3.6159
4.3599
6.0318
4.5392
4.3536
4.5099
3.4366
4.7316
6.0088
4.8235
4.4389
4.1421
4.8991
4.7074
6.0221
4.5598
4.3360
4.4503
4.3289
4.7501
4.5280
4.2996
4.6864
4.5152
4.3384
4.6949
6.0189
4.3766
4.6544
4.6659
4.5654
4.7442
5.2803
4.5101
4.6599
4.7122
4.7570
3.4057
6.0353
4.3120
4.6298
4.5998
4.5476
2.8814
6.0189
4.3747
4.5864
4.4255
4.3158
3.4425
4.1240
4.3804
4.7200
4.5031
4.5857
4.6870
4.4569
4.2745
4.4757
4.7711
4.5133
4.6603
4.3476
4.3589
7.6680
4.5299
4.6636
4.2764
3.9009
4.3008
5.4828
4.8576
4.5810
4.3491
4.1467
4.3728
4.9369
4.4580
4.7226
4.5267
4.3005
4.3527
4.1090
4.3478
4.8076
4.4641
4.0789
4.3362
4.3482
4.3990
4.8839
4.4195
4.1649
4.3427
4.3496
4.3789
4.3851
4.1894
4.7129
4.4898
4.3649
4.3768
4.5323
4.3549
4.7786
4.4568
4.3488
4.3555
4.6979
4.3456
4.8046
4.5288
4.4050
4.4208
4.5619
4.4286
4.8068
4.5718
4.4200
4.3722
4.7162
4.2764
4.7654
4.2994
3.9744
4.3551
4.6150
4.3101
4.6123
4.3858
3.2936
4.3716
4.3651
4.1758
4.6804
4.4247
3.0760
4.3604
4.5250
4.3559
4.6808
4.3760
3.5317
4.3400
4.6997
4.4553
4.8211
4.3602
2.7455
4.3581
4.6380
4.5029
4.7237
4.3485
3.5672
4.3486
4.7186
4.4404
4.8543
4.3618
3.4894
4.3908
5.0188
4.4165
4.7578
4.3424
4.7436
4.5888
4.3387
4.3897
4.7477
4.3119
4.7924
4.7615
4.5566
4.1432
4.5604
4.4362
4.7521
4.8033
4.7115
4.2355
4.6257
4.3366
4.5393
4.7211
4.7329
5.9900
4.5032
4.5971
4.8879
4.7621
4.6890
4.4449
4.3574
4.3703
4.6621
4.6324
4.5415
4.4139
4.3458
4.5870
4.3877
4.6582
4.3326
4.3455
4.3213
4.6916
4.4432
4.6931
4.4694
4.5611
4.3365
4.8817
4.7799
4.7544
4.5382
4.4094
4.3728
4.9393
4.6298
4.8599
4.8334
4.3605
4.3636
4.4037
4.4701
4.7544
4.6426
4.2103
4.5475
4.7525
4.3612
4.7045
4.7037
4.3482
4.6261
4.4590
4.4225
4.7552
4.7507
4.3452
4.6931
4.6934
4.5528
4.5523
4.7150
4.4174
4.7759
4.6511
4.3724
4.6680
4.3338
4.3639
4.8050
4.9258
4.3595
4.4969
4.7914
4.2915
4.8274
4.7693
4.4492
4.3703
4.6442
4.3350
4.7807
4.5382
4.5834
4.3833
4.7204
4.3609
4.7486
4.9689
4.3959
4.3234
4.6072
4.3933
4.6931
4.5767
4.4903
4.3363
4.3262
4.5591
4.6967
4.6639
4.6387
4.3850
4.8039
4.4950
4.6238
4.4879
4.9401
4.3803
4.6989
4.3763
4.6962
4.6956
4.5548
4.4592
4.6818
4.4505
4.7916
4.2562
4.4938
4.5587
4.6427
4.1302
4.8379
4.9915
4.8664
4.7118
4.3284
3.4850
4.7182
4.5158
4.8102
4.5201
4.7449
5.9112
4.3794
4.4167
4.5208
4.6027
4.5812
4.6124
4.3862
4.7392
4.3748
4.3879
4.7035
4.5451
4.3292
4.7001
4.5290
5.1042
4.7429
4.1968
4.3368
4.3644
4.4055
4.7306
4.7708
4.7890
4.3594
4.3569
4.3685
4.6611
4.3337
4.4959
4.3922
4.3568
4.3571
4.6634
4.7937
4.7322
4.4973
4.3583
4.5299
4.3637
4.6908
5.0187
4.6287
4.3907
4.3933
4.3353
4.7369
4.7392
4.6284
4.3529
4.3502
4.3581
4.5437
4.5167
4.3405
4.5563
4.3251
4.3268
4.3409
5.3244
4.3381
4.2955
4.3213
4.3669
4.8549
4.3859
4.6595
4.5081
4.7495
4.4145
4.7784
4.8588
4.6419
4.2815
4.6599
4.3680
4.7793
4.6945
4.3218
4.2801
4.7160
4.3789
4.6937
4.5280
4.3558
4.3033
4.4873
4.3214
4.7488
4.6568
4.4342
4.3202
5.1793
4.3618
4.3301
4.3770
4.6458
4.3914
4.5077
4.3063
4.7467
4.5250
4.3891
4.4461
4.5003
4.3331
4.6741
4.3071
4.3502
4.3957
4.5177
4.3768
4.6834
5.3196
4.3356
4.3652
4.5474
4.3536
4.7026
4.9664
4.3411
4.3656
4.5171
3.6629
4.7595
4.5774
4.7533
4.3114
4.6166
3.0891
4.6828
4.5510
4.7657
4.3633
4.5903
3.0903
4.3005
4.5437
4.3087
4.2872
4.6702
3.4578
4.4196
4.2125
4.3064
4.4910
4.6103
4.6333
4.6647
4.4909
4.5073
4.3530
4.6710
4.6861
4.7426
4.4668
4.9214
4.4719
4.5716
4.3790
4.7963
4.7243
4.5156
4.3560
4.5879
4.3575
4.3572
5.0262
4.9111
4.5027
4.6718
4.6803
4.3650
4.8306
4.6987
4.3170
4.3143
4.7296
4.4612
4.5410
4.6855
4.2525
4.2499
4.3323
4.7399
4.7773
4.2748
4.4135
4.5748
4.3429
4.5733
4.9862
4.2846
4.3550
4.5172
4.6240
4.7675
4.5497
4.6484
4.9725
4.3502
4.8311
4.3648
4.6814
4.4188
4.6252
4.3675
4.3816
4.4813
4.7248
4.3884
4.6453
4.6305
4.4057
4.6659
4.5187
4.4107
4.6981
4.6328
4.4489
4.6389
4.6762
4.6587
4.9065
4.3651
4.4076
4.7609
4.5687
4.6632
4.5396
4.3572
4.3724
4.3629
4.4513
4.3383
4.5781
4.3867
4.3838
4.5015
4.5422
4.3491
4.7218
4.4619
4.6907
4.7788
4.8159
4.6727
4.6303
4.3510
4.6897
4.5202
5.1018
4.6701
4.5692
4.4468
3.7315
4.7561
4.6985
4.3496
4.4773
4.4550
3.7760
4.3593
4.9122
4.3467
4.7053
4.3727
4.7181
4.3722
4.3642
5.9642
4.7126
4.3652
4.7126
4.5416
4.3442
6.0088
4.7397
4.3681
4.2784
4.6566
3.2090
6.0438
4.6863
4.2556
4.2766
4.7523
4.8294
6.0384
4.7073
4.9981
4.2959
4.7002
2.7908
5.7781
4.5956
4.4028
4.7176
4.3738
3.0969
6.0277
5.4127
4.6981
4.2924
4.6444
2.9864
5.9966
4.5836
4.3651
4.7231
4.7275
3.1879
6.0270
4.8661
4.3174
4.6533
4.5357
3.1616
6.0349
4.4046
4.6739
4.6110
4.7189
2.8397
6.0338
4.5620
4.7051
4.3605
4.5998
3.4359
5.9925
4.6596
4.4179
4.3635
4.5149
3.1081
6.0066
4.3427
4.4706
4.6430
4.5376
3.2625
4.5223
4.5090
4.3843
4.6177
4.6880
2.8605
4.5855
4.3668
4.4125
4.3582
4.5257
3.3094
4.8442
4.4341
2.8051
4.3529
4.6932
3.8494
4.6581
4.4061
3.5035
4.3289
4.6760
4.6471
4.6275
4.1933
2.8220
4.3371
4.7296
4.8805
4.3255
4.3720
2.8038
4.7073
4.3471
4.6552
4.4138
4.4926
3.5039
4.3029
4.5780
4.8142
4.3537
4.3331
2.6872
4.3003
4.7432
4.6607
3.9443
4.2948
4.4060
4.3304
4.5318
5.5123
4.4108
4.5102
4.5659
4.3276
4.6717
4.3250
4.3003
4.2930
4.3187
4.9036
4.3619
3.4394
4.3887
4.3316
4.7376
4.3503
2.7931
4.2904
5.1015
4.6945
4.4204
3.4545
4.3562
4.5545
4.7289
4.3098
2.7502
4.3890
5.2235
4.8209
4.3275
2.7895
4.4232
4.5621
4.7275
4.4705
3.5475
4.3556
5.4500
4.6871
4.4304
2.8199
4.4069
4.7104
4.7101
4.3704
2.7929
4.3505
4.7398
4.5045
4.3539
3.4816
4.3773
4.6038
4.4222
4.3616
3.4679
4.4036
5.3375
4.7258
4.3425
2.8039
4.4227
4.7580
4.7037
4.8824
4.5099
4.4283
4.3407
4.6960
4.7361
4.5998
4.2974
5.0015
4.6850
4.9095
4.7969
4.2684
4.7752
4.3428
4.8748
4.6896
4.2554
4.7370
4.3731
4.5729
4.8869
4.2557
4.6669
4.6371
4.6992
4.3660
4.4546
4.5961
4.5148
4.8757
4.8806
4.3496
4.6349
4.4828
4.8691
4.4097
4.6049
4.8313
4.6295
4.5452
4.6549
4.4423
4.8958
4.7142
4.3791
4.4337
4.6586
5.3601
4.5436
4.3060
4.6269
4.6472
4.8204
4.5772
4.3015
4.6834
4.8358
5.0764
4.6871
4.2277
4.6105
4.4918
4.7664
4.5404
4.3290
4.3809
4.6179
4.6953
4.5656
4.2629
4.7610
4.6100
4.6848
4.6264
4.2876
4.6950
4.8254
4.6316
4.6222
4.3897
4.5587
4.5154
5.0189
4.6620
4.5536
4.5537
4.9029
4.8004
4.7106
4.5387
4.5368
4.6704
4.2629
4.7406
4.3547
4.6858
4.8086
4.4620
4.6099
4.3561
4.8400
4.6530
4.5694
4.7450
4.5712
4.4990
4.5474
4.2645
4.6615
4.6366
4.5550
4.5511
4.3434
4.5793
4.3553
4.4219
4.6228
4.3480
4.6641
4.3576
4.3330
4.5332
4.4012
4.4243
2.4171
4.4859
4.5640
4.3558
4.4255
2.7857
4.3590
4.6901
4.3499
4.6874
4.7854
4.3705
4.8070
4.3921
4.6286
4.8531
4.3063
4.3857
4.5253
4.3318
4.7862
4.2505
4.8086
4.3082
4.3460
4.8370
4.5493
4.3721
4.3570
4.3077
4.3872
4.4487
4.3709
4.3079
4.3290
4.3760
4.2822
4.3219
4.3547
4.3559
4.4369
4.3688
4.3631
4.5746
4.3354
4.4645
4.5504
4.3858
4.3477
4.3160
2.8010
4.4208
4.3371
4.4064
4.3404
2.7871
4.3876
4.3910
4.3676
4.5871
4.2675
4.4808
4.3790
4.3432
4.6250
4.2976
4.3607
4.4935
4.3542
4.6588
4.4033
4.3324
4.3773
4.4705
4.3400
4.6693
4.3844
4.3956
4.3680
4.4981
4.6692
4.3702
4.3722
4.5063
4.3384
4.5361
4.3687
4.3398
4.3691
4.3578
4.5386
4.2440
4.2916
4.3500
4.5058
4.3575
4.2847
4.3153
4.3589
4.3263
4.4150
4.3916
4.4626
4.3883
4.4267
4.3519
4.3870
4.3548
4.6387
4.3863
4.2423
4.3855
4.5578
4.2844
4.3633
4.3527
4.5969
4.3697
4.3532
4.5146
4.3071
4.3352
4.6992
4.3670
4.2169
4.5352
4.3575
4.2942
4.7111
4.3916
4.7866
4.3945
4.7494
4.3726
4.7673
4.4113
4.7712
4.4406
4.7812
4.3733
4.7040
4.2997
4.7337
4.1520
4.2938
4.6117
4.2888
4.6907
4.6888
4.5646
4.5992
4.8109
4.3685
5.0387
4.3381
4.7341
4.6939
4.3327
4.6972
4.6858
4.1874
4.6780
4.3222
4.8767
4.6241
4.7333
4.6566
4.7583
4.3579
4.2738
4.3395
4.8403
4.4919
4.6713
4.5054
4.6840
4.5156
4.5485
4.4996
4.2393
5.0791
5.4906
6.0077
4.8398
5.9069
4.5146
4.5036
5.4509
4.7952
3.9006
4.6706
4.4541
5.0164
4.3528
4.3912
4.4012
4.6918
4.3801
4.6624
4.2762
4.5001
4.2508
5.0294
4.2929
4.6592
4.3685
4.6306
4.3108
4.6072
4.3681
4.7492
4.3976
4.5679
4.3660
4.8344
4.3817
4.6924
4.3542
4.8751
4.2846
4.6965
4.3166
4.7509
4.3431
4.6186
4.3874
4.6446
4.3413
4.4631
4.4914
4.3677
4.3478
3.6868
4.2957
4.8800
4.3484
4.6941
4.3706
4.4634
4.3649
4.6388
4.3473
4.3080
4.4856
4.3554
4.3784
4.4466
4.4454
4.4440
4.3484
4.4951
3.4997
2.8322
2.7904
3.4605
2.7724
3.3608
2.7886
2.8458
2.8713
3.4456
