4.1607
3.8602
4.0291
4.0324
4.1484
5.9576
3.7136
3.8606
3.8264
4.0455
3.9226
4.0404
4.0425
4.1746
4.1290
3.9674
3.9966
4.1244
3.8676
4.1476
3.8841
4.0706
5.0074
5.3411
3.7326
3.8761
3.9102
3.7371
3.9479
7.6773
3.9771
3.8593
4.1781
3.7354
3.7393
4.4142
3.9167
3.7333
3.9148
3.7394
3.7165
5.4711
4.1959
3.7304
4.0566
3.7118
3.6920
5.9727
3.9038
12.3505
4.1841
3.7398
3.6847
5.0434
3.8876
3.7269
4.1763
3.7869
3.7412
3.9577
3.7314
3.7417
3.8804
3.7298
3.6909
3.6982
3.7426
3.7312
4.1486
3.7235
4.0090
3.7179
4.0321
3.7326
4.0157
3.7311
4.0130
3.7318
4.1408
3.7430
3.9118
3.7330
3.7362
3.7339
4.2555
3.7337
3.8443
3.7360
3.7372
3.7006
3.9725
3.7335
4.0100
3.9208
3.7347
3.6898
3.8418
3.7351
4.0663
4.0543
3.7414
3.7280
3.9545
3.7331
4.1255
3.9911
3.7391
3.7292
3.8751
4.1441
4.2858
4.0125
3.7294
3.7373
3.8323
3.4393
3.9230
3.9935
3.7283
3.7375
3.7293
4.0143
3.8348
3.7285
3.7413
3.7305
3.8974
3.8286
4.1426
3.7394
3.7278
3.7329
3.8920
3.2433
4.2759
3.7205
4.0571
3.7382
4.0842
3.9877
4.0179
3.7142
3.6804
3.6602
4.1465
3.7257
3.8966
3.7225
3.9722
4.3123
3.8839
3.7255
3.4754
3.7168
4.1110
4.1633
3.9764
4.0734
3.6991
3.7381
4.0666
4.0491
3.7431
3.9655
3.6977
3.7341
4.0788
3.9964
3.7389
3.8478
3.7010
3.7095
3.7987
3.7352
3.7374
3.8714
3.6995
3.7499
3.7722
3.7353
3.7318
3.8496
3.7010
3.7527
4.0488
3.7375
3.7308
3.8984
3.7033
3.7337
4.2709
3.7360
3.7382
4.1131
3.7064
3.7362
3.7059
3.6499
3.7379
3.8417
3.7004
3.7237
3.7017
3.6729
3.7408
3.8725
3.6996
3.7368
3.6984
3.6471
3.7343
3.8679
3.6998
3.7531
3.7006
3.7350
3.7334
3.8497
3.7063
4.0454
3.7012
3.7372
3.7239
3.8486
3.6975
3.7350
3.7004
3.7357
3.7424
4.0582
3.7014
4.0692
3.7001
3.7325
3.7370
3.7343
3.6994
4.3204
3.7043
4.1748
3.7310
3.7333
3.7031
4.1248
3.7007
3.6187
3.7345
3.7291
3.6946
4.1013
3.7001
3.7319
3.7329
3.7321
3.7025
4.0456
3.6980
3.7373
3.7269
3.7351
3.7009
4.1609
3.7021
3.7344
3.7306
3.7366
3.6990
4.1039
3.7022
3.7370
3.7328
3.7398
3.6975
4.2516
3.7014
4.0333
3.7352
3.7387
3.6846
3.7035
4.1414
3.6960
3.7371
3.7348
3.6932
3.7021
3.9597
3.7312
3.7294
4.0778
3.7022
3.7009
3.8459
3.7372
3.7284
3.8543
3.7018
3.6986
3.8892
3.7352
3.7377
3.8726
3.6894
3.7015
3.8592
3.7351
3.7362
3.8658
3.7010
3.7037
3.8875
4.0824
3.7402
3.8584
3.7026
3.6835
4.0004
3.7190
3.7285
3.8560
4.2268
3.6985
3.9558
3.7350
3.7301
4.0490
4.0245
4.1140
3.8234
3.7354
3.7404
3.9073
4.0015
4.0964
3.8902
3.7388
3.7249
3.8666
4.4424
4.2726
3.8526
3.7370
3.7327
3.9096
3.8652
4.1320
3.9714
3.7327
3.7231
3.8592
4.1152
4.1409
4.0778
3.6681
3.7279
3.9972
4.0892
4.0587
3.7342
3.6594
3.7367
4.0407
4.1945
4.2337
3.7323
3.8048
3.7450
3.7369
3.6109
4.0817
3.7315
3.6893
3.7370
3.7373
3.7193
3.6983
3.7212
3.7365
3.7361
3.7367
3.7992
3.6989
3.7364
3.7341
3.7339
3.7354
4.0449
3.6990
3.7377
4.1795
3.7344
3.7297
4.0870
3.7021
3.7325
3.9320
3.7301
3.7341
4.1010
3.6983
3.7394
3.7050
3.7414
3.7331
4.0781
3.6983
3.7386
3.7374
3.7351
3.7349
3.9161
3.6999
4.1506
3.7349
3.7389
3.7339
3.7766
3.7030
4.2327
4.0533
3.7368
4.0796
3.8048
4.2652
3.8722
3.8760
3.7366
4.0050
3.7826
4.2700
3.7335
3.6873
3.7115
4.0340
4.0511
4.0466
4.0093
3.7357
3.9178
4.0057
3.6060
4.1261
4.2049
3.7353
3.7599
4.0191
3.9704
4.0937
4.0515
3.6920
3.6440
3.9993
4.0189
3.7393
3.8688
3.6566
4.0111
4.0298
4.1223
3.7356
3.7388
3.7193
3.9860
3.9961
3.9891
3.7352
4.0854
3.7360
4.2123
3.8579
3.7018
3.7362
3.6982
3.7320
4.0487
3.9940
4.3474
3.7340
3.6995
3.7365
3.9441
3.8656
3.7044
3.7354
3.7024
4.2182
4.3085
3.9360
3.6984
3.7372
3.6948
3.7751
4.1615
4.1288
3.7017
4.1143
3.7000
3.7339
3.8176
4.1058
3.7022
4.0457
3.6979
3.7357
4.1613
4.1794
3.7042
3.7334
3.7044
3.7263
4.0156
4.1464
3.7031
3.7312
3.7024
3.7131
3.7291
4.1759
3.6990
3.7336
3.7023
3.8532
4.0850
4.1408
3.6974
3.7222
3.7006
3.9482
3.8686
4.0687
3.6924
3.9732
3.6927
3.7273
4.4054
4.2548
3.6988
4.0138
3.7007
3.7358
4.1445
4.0697
3.7038
4.1756
3.6986
3.7347
3.9523
4.2353
3.7057
3.9948
3.7031
3.8717
3.5031
4.1458
3.6997
3.9636
5.5318
3.7027
3.5568
4.1697
3.6998
4.0282
5.2001
3.6381
4.0789
4.1444
3.6967
3.9980
5.1681
4.0437
3.6530
4.1650
3.6995
4.0010
4.8986
3.8876
4.2642
3.7342
3.6950
4.0464
3.9216
3.7267
3.5346
3.7338
3.7023
3.9595
4.0379
3.7339
3.9712
3.7373
3.7018
4.1249
3.9938
3.9633
4.1007
3.7406
3.6999
3.9812
3.9338
3.6417
4.0483
4.0185
3.7031
3.7397
4.0138
3.6983
3.8929
3.9951
3.7016
3.7275
4.0051
4.1409
4.3281
4.1964
3.6988
3.7354
4.0426
3.7346
3.9685
3.9789
3.7049
3.7228
3.9717
3.7321
3.8491
3.9687
3.7007
3.7301
3.7236
3.9666
4.1882
4.0385
3.6938
3.7424
3.7369
3.6613
3.8068
4.0030
3.6334
3.7379
3.7333
4.2185
4.0841
4.0326
3.8025
3.7385
3.7358
3.7366
3.8954
3.7415
3.8666
4.4733
3.7291
3.7359
4.3407
3.7419
3.9906
4.0760
3.7216
3.9482
4.0511
3.7443
3.9414
4.2551
4.5956
3.6912
3.8297
3.7340
4.0136
4.0709
4.5834
4.0474
3.6847
3.7331
4.1166
3.7393
4.1314
3.7372
3.8976
3.7333
4.0412
3.7184
4.5112
3.7374
4.0709
3.7360
3.6996
3.7537
4.1675
4.0291
3.9220
3.7425
3.7442
3.9886
4.1587
3.7192
3.7382
3.7325
3.8195
3.8184
4.1931
4.2000
3.6992
3.7331
4.2830
4.0147
4.1663
3.6932
3.9535
3.7282
4.2462
3.7334
4.2346
3.7374
3.6434
3.7395
4.0196
3.7384
4.1785
3.7395
4.0699
4.0699
3.9712
3.7248
4.2739
3.9798
4.1334
3.8589
3.8817
3.7400
4.1732
3.7066
4.0088
4.4181
4.0872
3.9945
4.0605
3.6807
3.7294
4.2125
4.0589
3.7379
3.7394
3.7336
4.1359
3.9482
3.7320
3.7631
3.7301
3.5419
4.0613
3.9241
3.7366
3.7308
3.8836
3.9749
4.0566
3.7370
3.7369
3.9694
4.0388
3.7366
3.7318
3.7226
3.9045
3.9817
3.7352
3.7376
3.7330
3.9455
4.0503
3.9533
3.7354
3.7364
4.1324
4.0042
4.0261
3.7294
5.1645
4.1495
4.0253
3.7357
3.7353
5.9542
4.1505
4.0176
3.7333
3.7275
4.5903
3.6972
3.8659
3.8687
3.7342
5.4236
3.6960
3.9736
3.6837
3.7304
5.4052
3.6721
3.8603
4.1134
3.8076
4.7680
3.7021
3.9960
3.7363
3.0447
3.7212
3.7040
3.8654
3.7333
3.8265
3.7376
3.7032
3.9574
3.8786
3.7860
4.1372
3.6983
5.0810
4.0711
3.8389
3.9248
3.6986
3.7935
3.7353
3.2105
4.1686
3.7029
4.1916
3.7352
3.8334
3.5525
3.7047
3.7341
3.8216
3.8561
4.0020
3.7049
4.2411
3.8882
3.7377
4.1426
3.6930
4.1722
3.9634
3.7351
4.0012
3.7019
4.5045
3.6844
3.7325
4.1043
3.6949
3.9298
3.8170
3.7394
4.2894
3.7046
4.5041
3.8191
3.7378
3.7647
3.6997
3.9101
4.0124
3.7394
4.3415
3.7011
3.6996
4.0764
3.7330
3.8980
3.7000
4.1448
3.7369
3.7392
3.7836
3.6950
4.0573
3.7318
3.9458
4.1614
3.6978
4.1101
3.9647
4.0503
3.5932
3.7014
4.1170
3.6947
4.0032
4.1190
3.7025
3.6521
4.1445
3.9789
3.7089
3.7036
4.0332
3.6527
4.0584
4.0696
3.7008
4.2788
3.7311
3.9521
4.1884
3.6981
4.1310
3.7348
3.9819
4.2242
3.6972
4.0815
3.7346
3.9674
4.0165
3.8213
4.0236
3.7363
3.8867
4.0769
3.9265
3.6876
3.7323
3.7964
3.9910
3.9053
4.1530
3.7346
3.8605
4.0898
4.0963
3.7102
3.7347
4.1074
4.2106
4.0635
4.0989
3.7382
3.7381
3.7006
4.0557
4.0644
3.7332
3.7386
3.7015
3.9762
4.0724
3.7374
3.7358
3.6962
4.1380
3.9861
3.7366
3.7303
3.6988
4.1471
4.1189
3.7344
3.7351
3.7013
3.9949
4.1808
3.7358
3.7357
3.7024
4.0094
4.0359
3.7375
4.0896
3.7002
4.0074
3.9537
4.0110
4.0604
3.7033
4.0101
3.9791
4.1004
3.7306
3.7024
3.7753
4.0327
3.8319
3.7346
3.7054
4.0087
4.1513
3.8610
3.7362
3.7045
3.6333
3.5984
4.0533
3.7360
3.6996
3.9562
3.7031
3.8473
3.7036
3.9141
3.7019
3.8045
3.7037
4.1132
3.7016
3.7365
3.6984
4.0708
3.6999
3.7363
3.7002
3.9709
3.6991
3.7368
3.7006
3.6782
3.7029
4.0073
3.7017
4.0447
3.6980
3.5062
3.7041
4.1394
3.6990
3.5404
3.6992
4.2224
3.6972
3.7390
3.7020
4.0642
3.7025
3.7363
3.7018
3.6968
3.7061
3.7356
3.7002
3.6990
3.6948
3.7401
3.6970
3.7029
3.6995
3.7322
3.6974
3.6930
3.6963
3.7353
3.7002
3.7050
3.6959
3.7409
3.7015
3.6964
3.7028
3.7360
3.7030
3.7010
3.6974
3.7275
3.6968
3.6999
3.7338
3.6997
3.6990
3.7350
3.7053
3.7016
3.7298
3.7038
3.7025
3.7330
3.7026
3.7011
3.7286
3.6989
3.6950
3.7366
3.6995
3.7366
3.6990
3.7315
3.7058
3.7289
3.7041
3.7351
3.7018
3.7349
3.7008
3.7361
3.6982
3.7361
3.7033
3.7368
3.6986
3.7328
3.7044
3.7270
3.6999
3.6517
3.7009
3.6821
3.6967
3.7279
3.7031
3.7335
3.6979
4.1578
4.0902
4.1740
4.3966
4.1617
4.0321
4.1488
4.1876
4.0479
3.7486
4.0385
4.0978
4.0080
4.1422
3.9984
4.3490
4.2783
3.9135
3.8925
4.0012
4.5269
3.7758
3.9936
4.1901
3.9883
3.6980
4.0337
4.0615
3.9897
3.9571
4.0252
4.1906
3.7361
4.1673
3.7353
4.0502
3.7335
4.1499
3.7345
4.4400
3.8427
3.7997
4.1558
3.9704
4.9925
4.1885
3.7249
4.0785
3.7382
4.5473
3.7360
4.2598
3.7333
3.6972
3.6025
3.7024
4.2124
3.6950
4.3240
3.7002
4.0489
3.7019
3.7373
3.7046
3.7338
3.7027
3.7363
3.6987
3.7160
3.7014
3.7325
3.7052
3.7331
3.7048
3.6980
3.7050
3.7042
3.7017
3.7061
3.6990
3.6961
3.6998
3.6931
3.6998
3.6968
3.7030
3.7012
3.7012
3.7080
