0.0144
0.00016
0.01773
0.02454
0.02549
0.0205
0.02021
0.01464
0.01395
0.0166
0.02121
0.02054
0.0306
0.00502
0.01355
0.01818
0.01726
0.01918
0.02819
0.00227
0.01865
0.01514
0.02196
0.02263
0.00052
0.02042
0.01066
0.02477
0.02074
0.00093
0.01551
0.02075
0.01611
0.01968
0.01621
0.0168
0.0187
0.02263
0.0189
0.00322
0.01636
0.01534
0.01771
0.01829
0.00359
0.01567
0.0122
0.01943
0.01821
0.0002
0.02396
0.01919
0.01976
0.01877
0.01437
0.02184
0.01511
0.01522
0.01927
0.01343
0.02216
0.01468
0.02267
0.0176
0.01646
0.01933
0.02255
0.01931
0.02074
0.01559
0.01577
0.02139
0.01869
0.02044
0.01823
0.01508
0.0184
0.01496
0.0192
0.01702
0.01706
0.01846
0.01872
0.02002
0.02061
0.01717
0.01829
0.0167
0.02081
0.02218
0.02204
0.02447
0.01978
0.01898
0.02009
0.0193
0.02297
0.0182
0.02029
0.02135
0.01821
0.02232
0.01953
0.02158
0.02185
0.01514
0.016
0.01978
0.01529
0.01776
0.01528
0.0159
0.01995
0.02007
0.01736
0.01601
0.01385
