0.01538
0.02732
0.0269
0.02783
0.04375
0.04544
0.05425
0.04025
0.01907
0.02363
0.02174
0.02269
0.02295
0.02079
0.02082
0.02034
0.02157
0.02217
0.02292
0.03424
0.04658
0.04213
0.04553
0.04559
0.05089
0.05106
0.05175
0.05129
0.05091
0.04672
0.05973
0.04333
0.05466
0.04851
0.049
0.0352
0.02755
0.06462
0.0284
0.03127
0.02981
0.02335
0.02779
0.02462
0.02832
0.02645
0.02782
0.02578
0.02547
0.02769
0.02519
0.02967
0.02952
0.02753
0.0278
0.025
0.02746
0.02398
0.02782
0.02927
0.02293
0.02947
0.02461
0.02378
0.02747
0.02406
0.02866
0.02391
0.02658
0.03183
0.02707
0.02629
0.02512
0.03626
0.02525
0.02577
0.02345
0.03097
0.02527
0.02898
0.02414
0.02544
0.02445
0.0313
0.04314
0.02211
0.03572
0.0191
0.02542
0.03452
0.02585
0.02948
0.026
0.02922
0.0287
0.02709
0.02817
0.03378
0.02344
0.02864
0.02675
