2.1391
2.1948
1.9842
1.9888
2.0968
1.9863
1.9705
1.9652
1.9736
1.9710
2.1025
1.9682
1.9913
5.9819
3.5124
1.9660
2.0953
1.9783
1.9748
1.9832
4.0709
1.9828
1.9746
2.0074
3.6841
2.0013
1.9697
2.0059
3.0043
2.0717
1.9542
1.9591
2.2283
3.5385
1.9626
1.9593
2.3402
3.0701
2.3898
1.9708
2.0028
1.9651
2.0774
2.7194
3.0398
1.9767
1.9466
2.7564
1.9661
2.6356
3.5376
1.9998
1.9968
1.9520
2.8531
1.9682
1.9886
1.9638
1.9800
2.8168
1.9557
2.5045
1.9504
1.9728
1.9699
2.2756
1.9987
1.9612
1.9600
1.9565
2.0380
1.9457
1.9640
1.9515
2.4635
2.2446
1.9565
1.9448
1.9452
1.9797
2.7543
1.9729
1.9660
1.9839
2.5324
1.9786
1.9779
2.3664
1.9667
1.9534
1.9651
1.9843
2.8137
2.4423
1.9583
1.9607
1.9744
1.9530
1.9738
1.9498
2.0308
3.1319
1.9764
1.9540
1.9560
1.9885
1.9635
2.0064
1.9788
1.9553
1.9836
1.9896
1.9647
1.9566
1.9860
1.9930
1.9686
1.9881
1.9789
2.0420
1.9737
1.9794
1.9535
2.3238
1.9678
1.9427
1.9548
3.0753
1.9870
17.4368
1.9547
1.9506
1.9500
1.9391
1.9673
2.0061
2.1821
1.9579
40.8279
1.9734
2.1327
1.9780
1.9532
1.9554
1.9616
2.1435
1.9489
1.9444
1.9313
2.0042
1.9884
1.9607
1.9652
1.9750
1.9823
1.9936
1.9529
1.9826
1.9689
1.9931
1.9726
1.9661
1.9716
1.9661
1.9935
1.9732
1.9876
1.9799
1.9733
1.9876
1.9831
1.9569
2.0003
1.9667
1.9645
2.0141
2.0010
1.9644
2.0368
1.9556
1.9753
1.9459
3.3764
1.9721
1.9485
2.0039
1.9728
1.9624
1.9856
1.9784
1.9641
1.9524
1.9642
1.9521
1.9689
1.9512
2.0015
1.9814
1.9615
2.0068
1.9736
2.3236
1.9840
1.9610
1.9685
1.9590
1.9806
1.9606
1.9587
1.9697
1.9851
1.9792
1.9577
1.9469
1.9494
1.9864
1.9749
1.9500
1.9792
1.9866
1.9466
1.9380
1.9549
1.9805
1.9792
1.9693
2.0268
1.9681
2.0045
1.9534
1.9518
1.9535
1.9634
2.7198
1.9492
1.9479
1.9740
1.9595
3.2619
1.9414
1.9846
1.9641
1.9532
1.9983
1.9876
1.9529
1.9619
1.9827
1.9663
4.3951
1.9913
1.9721
1.9704
1.9810
1.9879
3.0929
1.9759
1.9803
1.9705
1.9641
2.0260
1.9983
1.9708
1.9656
1.9610
1.9797
1.9913
1.9402
4.7429
2.0411
2.0312
1.9473
1.9834
1.9572
1.9671
1.9456
1.9642
2.0337
1.9959
1.9768
1.9572
2.3617
1.9600
1.9750
1.9481
1.9614
2.0019
1.9688
1.9386
1.9497
1.9707
1.9660
1.9710
1.9783
1.9958
1.9527
1.9954
1.9537
1.9730
1.9722
1.9540
3.3661
2.1164
1.9690
1.9775
1.9557
1.9573
1.9819
1.9748
1.9475
1.9666
1.9621
1.9562
1.9857
1.9932
1.9833
1.9575
5.5954
1.9764
1.9572
1.9832
1.9724
1.9576
1.9566
1.9622
2.0897
1.9661
1.9559
1.9565
2.0052
1.9661
1.9825
1.9964
1.9551
2.0217
2.2575
1.9586
1.9611
1.9541
2.0152
2.0234
1.9800
1.9575
1.9673
1.9832
1.9639
1.9567
1.9794
2.0205
2.0592
1.9600
1.9622
1.9870
5.7353
1.9697
1.9751
1.9506
2.6305
2.9803
1.9889
1.9748
25.9375
1.9479
1.9563
1.9713
1.9717
1.9567
1.9599
2.0000
1.9701
1.9928
1.9617
1.9809
1.9773
1.9344
2.0061
1.9753
1.9977
1.9777
1.9773
1.9598
1.9800
1.9355
1.9684
2.0041
1.9841
1.9397
1.9705
2.0062
1.9769
2.0071
1.9619
1.9883
1.9981
3.0307
1.9679
1.9747
1.9902
1.9559
1.9543
2.0021
1.9749
1.9599
2.4636
1.9587
1.9800
1.9788
2.0072
2.0148
1.9733
2.0412
1.9780
1.9403
2.0020
1.9600
1.9350
1.9686
1.9568
2.1594
2.4874
1.9726
1.9654
2.1920
1.9711
1.9698
2.8881
2.0193
1.9763
1.9846
1.9424
1.9762
6.0698
1.9598
1.9749
1.9684
9.4000
1.9571
1.9851
1.9485
3.1524
1.9587
1.9708
1.9542
1.9821
1.9406
1.9715
1.9760
2.5388
1.9482
1.9664
1.9443
1.9834
1.9759
1.9799
2.7420
1.9728
5.9868
1.9889
1.9459
1.9465
1.9513
1.9548
1.9784
1.9752
1.9624
2.0011
1.9583
1.9626
1.9568
1.9863
4.9769
1.9609
1.9928
1.9738
1.9621
1.9720
1.9436
2.0036
1.9621
1.9734
1.9452
1.9637
1.9994
1.9497
1.9701
1.9628
1.9810
1.9748
1.9554
1.9903
6.0132
1.9769
1.9582
1.9596
2.4377
1.9733
3.1142
1.9579
1.9715
3.7764
1.9509
2.7672
1.9544
1.9420
2.7736
1.9494
1.9489
1.9549
1.9563
2.0752
1.9744
1.9754
2.4547
1.9462
1.9611
2.6721
1.9582
1.9678
1.9820
1.9574
2.0065
2.6385
1.9474
2.4899
1.9455
1.9617
2.3910
1.9429
2.9470
3.5417
1.9468
2.0431
1.9565
1.9874
1.9547
1.9582
2.7097
1.9875
1.9607
1.9754
1.9996
1.9809
1.9529
2.6019
1.9377
1.9756
2.4365
1.9892
2.7086
1.9521
1.9507
1.9739
1.9456
1.9742
2.7029
1.9668
1.9692
1.9791
2.4032
2.9434
4.3929
1.9544
2.1115
1.9582
1.9644
1.9839
1.9581
1.9776
2.0029
1.9903
1.9648
2.0312
1.9767
1.9550
1.9856
3.4678
1.9936
1.9763
1.9663
2.9519
1.9753
1.9441
1.9725
1.9870
1.9418
1.9763
2.3264
2.0251
1.9520
1.9733
1.9714
3.6020
6.3936
1.9565
2.8192
1.9471
2.0796
1.9808
2.7248
1.9579
1.9719
2.9689
2.0179
1.9868
1.9632
1.9879
34.2431
1.9668
1.9476
1.9902
40.1117
2.0042
1.9701
2.0284
1.9657
2.0305
3.1616
1.9774
1.9818
2.3670
1.9660
1.9656
2.3622
1.9740
1.9854
2.4756
1.9893
1.9805
1.9878
1.9834
2.2417
1.9483
1.9668
3.7690
1.9581
1.9768
1.9608
1.9683
2.5479
1.9820
1.9986
3.3695
1.9796
2.7332
2.6017
1.9948
1.9911
1.9787
1.9816
2.8285
1.9443
2.8385
1.9755
1.9513
1.9968
1.9620
4.1909
1.9747
1.9791
3.6144
1.9793
4.2299
3.6036
1.9602
1.9738
1.9959
2.0030
1.9955
1.9498
1.9734
2.5256
2.0815
2.5594
1.9584
2.4086
1.9819
2.6206
3.6778
3.4224
1.9800
3.4915
3.7380
1.9606
2.7052
1.9497
2.6796
1.9632
2.8663
1.9566
3.5888
1.9831
3.3978
1.9789
1.9694
2.0366
1.9938
1.9566
1.9493
1.9615
1.9818
1.9737
1.9601
1.9663
1.9923
1.9904
1.9440
1.9482
1.9875
1.9751
1.9872
1.9577
1.9513
1.9882
1.9798
1.9784
1.9553
1.9628
2.0138
1.9712
1.9579
1.9821
2.0152
2.0127
1.9848
1.9828
1.9521
1.9791
1.9531
1.9595
1.9544
1.9604
1.9750
1.9577
1.9575
1.9532
1.9602
1.9498
1.9817
1.9640
1.9556
1.9542
1.9774
1.9944
1.9507
1.9458
1.9855
1.9751
1.9585
1.9589
1.9464
1.9632
1.9665
1.9876
1.9748
1.9791
1.9810
1.9493
1.9538
5.9860
2.7321
1.9474
1.9386
1.9705
1.9380
2.0037
1.9330
1.9454
1.9572
1.9499
1.9722
2.9294
3.5118
1.9781
1.9706
1.9495
1.9749
1.9692
1.9778
1.9575
1.9784
1.9553
1.9627
1.9784
10.8183
16.1526
13.2282
3.5614
3.5162
3.5123
3.5128
3.5624
3.5275
3.5110
3.5016
3.5122
6.8196
3.5634
3.5428
3.5376
3.5290
5.3882
2.1624
2.0007
1.9925
1.9806
1.9786
1.9701
1.9782
1.9764
1.9685
1.9814
1.9605
1.9782
