33.29
34.31
34.43
34.3
11.18
10.52
-33.76
-34.05
-34.34
-34.8
-36.04
-36.87
-34.53
-34.46
-39.34
-39.79
-39.79
-38.87
34.85
36.13
30.81
30.82
31.76
33.45
35.35
35.25
37.16
35.3
35.11
34.95
36.66
34.34
35.22
35.24
34
31.19
-0.91
36.28
33.45
34.48
32.26
32.9
33.77
32.98
29.67
33.57
33.75
33.74
32.82
33.43
32.9
27.93
28.21
28.11
27.91
28.75
33.62
35.39
32.24
37.38
7.7
34.49
34.69
33.7
34.42
34.05
32.48
33.76
35.33
36.92
35.39
34.96
34.29
37.07
33.7
35.02
35.26
34.87
35.51
37.37
35.99
34.22
34.81
37.14
32.46
35.48
35.74
34.86
34.58
34.25
34.31
34.64
33.9
34.03
34.19
34.07
34.2
31
30.87
32.39
32.36
34.53
33.86
33.33
33.69
28.25
35.27
37.18
35.85
35.23
35.91
35.08
35.67
32.01
33.17
34.98
33.11
34.81
34.39
34.31
36.14
34.5
34.73
34.83
34.93
35.09
33.45
35.9
34.09
35.5
34.12
34.87
34.78
34.2
36.14
34.88
36.42
36.07
34.08
34.23
33.92
35.55
37.14
35.13
34.3
35.7
35.6
34.21
34.04
35.29
35.18
34.14
36.62
37.17
36.62
37.85
37.88
37.71
34.36
37.5
36.96
33.4
34.45
33.34
33.1
31.75
34.31
33.4
33.6
33.28
33.48
32.85
33.55
34.02
34.83
34.12
33.85
35.27
32.26
33.21
33.51
34.18
35.17
35.21
34.6
31.07
47.66
30.82
30.96
32.72
33.62
33.87
35.19
33.98
32.44
33.4
32.88
33.83
33.31
32.8
35.26
35.88
35.29
34.83
33.79
33.83
37.01
37.36
35.56
31.79
37.41
37.87
34.45
32.43
35.79
36.13
30.59
24.48
32.54
32.99
33.7
