1.8907
1.8837
1.8653
1.9255
1.9143
1.9785
14.8215
16.4029
18.7476
42.6639
1.9447
1.9179
1.8834
1.9003
1.9035
1.8740
1.8727
1.9030
1.8960
1.8856
1.8976
2.5551
3.2856
1.8968
1.8885
1.8971
2.7550
12.2832
3.1490
1.9692
3.8332
1.9121
1.8987
1.8946
1.8376
7.7460
1.8860
1.8892
1.8885
1.8867
1.9144
1.9102
1.8670
1.8955
1.8896
1.9234
1.9167
2.5967
2.9143
21.0315
25.6162
1.8881
1.8968
1.8820
3.3725
1.8843
1.9118
1.8810
1.9017
2.0897
2.8971
1.9176
1.8922
1.8876
2.1210
1.8906
1.8835
1.9189
1.8922
1.8920
1.8674
1.8814
1.8939
1.8850
1.8903
1.8843
1.8874
1.8812
1.8912
1.8872
1.8889
1.8890
1.9019
1.8875
1.8894
1.8907
1.8978
1.9155
1.9685
1.8690
1.8840
1.8852
3.7734
1.8975
1.8925
1.8973
1.8837
1.8994
3.2053
1.8926
1.8996
1.9239
1.8886
1.9057
1.8961
2.6651
1.8943
1.8884
1.8852
1.8978
1.8908
1.8884
1.8911
1.8899
1.9209
2.1126
2.5301
2.3884
2.5702
2.6029
2.2819
2.2776
2.9380
3.9732
2.7951
2.6912
2.7103
2.5145
3.7235
1.8891
1.9030
2.0881
2.7116
3.1572
2.2308
1.8978
2.6693
2.4331
2.4194
2.3400
2.8828
2.6134
2.7439
2.0860
2.2267
2.1620
1.9776
1.8939
1.9384
1.9281
1.9892
2.6699
2.4289
2.0296
1.9061
1.8842
1.8854
1.9001
1.9047
1.8956
1.8998
1.8937
1.8986
1.9875
1.8905
1.9073
1.8939
1.8980
1.8818
1.8920
1.9041
1.8856
1.9090
1.9021
1.9073
1.8972
1.8981
1.9125
1.8918
1.8921
1.9135
1.8817
1.8912
1.8964
1.9132
1.9180
1.8795
1.8991
1.8879
1.9056
1.8959
1.8884
1.8868
1.8984
1.9038
1.8980
1.9036
2.8498
1.8991
2.5551
2.2464
2.9967
2.6266
2.6053
2.7944
2.2918
2.6427
2.8876
3.3452
3.1921
3.3624
3.0762
2.4484
2.8411
2.8546
2.1005
3.4645
2.1733
2.0587
1.8829
1.9007
1.8917
1.8864
1.9196
2.2955
1.8972
1.8718
1.8679
1.9218
1.8810
1.8939
1.8978
1.8998
1.8999
1.9003
1.8865
1.8885
1.9837
2.7652
1.8982
1.9013
1.8851
1.8835
1.8995
1.8911
1.8761
1.8900
1.9187
1.8670
1.8837
1.8979
1.9185
1.9707
1.9026
1.9024
1.9038
1.8742
1.8880
1.9016
2.1993
1.8976
1.8912
1.8855
1.9297
1.9000
1.8981
1.9273
1.8913
1.8872
1.9113
2.3819
1.8954
1.8801
1.8700
1.9195
4.1829
1.8994
1.8966
1.8914
1.8996
1.9020
2.0252
1.9278
1.9036
1.9046
1.8978
1.8989
1.9042
1.8956
2.3536
1.8829
1.8977
1.8820
2.9691
1.8946
1.9238
1.8926
1.8875
1.8843
1.8998
1.8966
1.8849
1.8789
1.8824
1.8800
1.8725
1.8845
1.8937
1.8862
1.8946
1.8695
1.8902
1.8912
1.8900
1.8943
1.9073
1.8821
1.8874
1.9173
1.9062
1.8926
1.9158
1.8927
1.9014
1.8868
1.8980
1.8918
1.8958
3.9839
3.4562
3.4602
3.4479
3.5669
4.2895
3.4388
5.6022
3.5221
3.4606
3.4641
1.9534
1.8972
1.8818
1.8976
2.0101
1.8886
1.9140
1.9020
1.8816
1.9608
1.8752
1.8818
1.8947
1.9010
2.2643
1.9390
1.8913
1.9122
1.8640
1.9286
1.9036
1.8930
1.8897
1.9076
1.9068
1.8861
1.8841
1.8787
1.9067
1.8852
1.8964
1.8995
2.1210
1.8980
1.8970
1.8929
1.9036
3.0988
1.8755
1.8992
1.9114
1.8815
1.9582
1.9037
1.8961
1.9282
1.8893
1.9010
1.8926
1.9062
1.9045
1.8956
3.3674
1.9212
1.8926
1.8873
3.4966
1.8894
1.8729
1.8859
1.9002
1.8841
1.8919
2.6736
1.9076
4.2366
1.8757
1.8955
1.8798
1.8755
2.1071
1.9145
1.8877
1.8889
1.8853
2.6196
3.1693
1.8900
1.8950
1.9156
2.1114
1.8793
1.8866
1.9179
1.8795
1.8902
1.8801
1.8797
1.9358
1.8873
1.9013
1.9509
1.9034
1.8917
1.8842
1.8905
1.8930
1.9015
1.8929
2.0235
1.8969
1.8964
1.9242
1.9072
1.9006
1.9050
1.9188
1.9015
3.0716
5.1465
1.9102
1.8866
1.8850
1.8874
1.9185
1.8870
1.9035
1.9150
1.8818
1.8817
1.8960
1.9027
1.8846
1.8950
1.8918
9.9572
1.9011
1.9387
1.9081
1.8892
1.8950
1.8975
1.9081
1.9033
3.4213
1.8953
1.8794
1.9221
1.9105
1.8887
4.5394
1.9159
1.8839
3.3009
1.9130
1.8939
1.8930
1.8859
1.9116
1.9338
2.0251
1.9151
1.9171
1.9054
2.2277
1.9173
1.9045
1.9023
1.9415
2.6020
1.9185
1.9015
2.0046
4.4535
1.9076
1.9017
1.9060
1.9150
2.5401
1.9127
1.9031
1.9095
1.9072
1.9199
2.9535
1.9123
1.9022
1.9060
1.9138
2.2148
1.9099
1.9111
2.2343
2.1645
1.9132
1.8997
1.9152
1.9146
3.3707
1.9030
1.9083
1.9109
2.0142
5.4524
1.9065
1.9181
1.9191
2.5250
1.8909
1.8785
1.9032
1.9265
3.0882
1.8881
1.8744
1.9061
1.8986
1.9248
2.7970
1.8999
1.8817
1.8954
1.9190
3.7853
1.9122
1.8768
1.8966
1.9254
3.4627
1.8880
1.8889
1.8963
1.9100
1.9236
2.4822
1.8855
1.8772
1.9043
1.8909
1.9069
1.9396
2.3266
1.9010
1.8886
1.8924
1.9058
1.9443
2.5242
1.8872
1.8819
1.9041
2.0328
3.4514
1.8862
1.8788
1.9005
1.9039
1.9834
1.9142
4.2306
1.8898
3.0761
1.8892
1.8768
1.9121
1.9281
1.9653
1.9192
1.8993
1.9004
1.9210
3.2483
1.9168
1.8999
1.9024
1.9170
1.9342
2.6373
1.8914
2.7062
3.5295
1.9163
3.8001
1.9013
1.9195
1.9201
3.9070
1.9040
1.9248
1.9021
1.9173
1.9060
1.8901
1.8777
7.2916
1.9285
1.8907
1.8975
4.0720
1.8995
1.9060
1.8852
1.9059
1.9100
3.8237
1.8983
3.2520
1.8985
3.8321
1.8957
1.9160
2.2084
1.8988
1.8828
1.8918
1.8792
1.8827
8.3614
1.9113
1.8834
1.9000
3.6073
1.8917
3.5317
1.8824
9.9484
10.9946
11.1648
3.4386
3.5397
3.4392
3.4450
3.4416
9.8899
3.4472
3.4376
3.4399
3.4415
4.3488
3.4600
3.4536
3.4529
3.4533
2.0089
1.8887
1.8694
2.2488
1.8801
1.8811
1.8982
1.8852
1.9406
1.9016
1.8826
1.8889
1.9001
1.8993
1.8999
1.8851
1.9001
1.8835
1.9015
1.8732
1.9217
1.8967
1.8730
1.9157
2.8213
1.8911
1.8818
1.9300
1.8982
2.5601
1.9022
1.8825
