24.42
33.9
22.57
40.09
29.49
40.21
25.77
36.14
37.48
29.22
24.57
36.76
40.2
25.71
19.81
35.1
39.66
28.24
26.35
33.82
40.09
32.84
32.26
37.89
41.1
29.15
29.07
37.74
36.77
25.44
25.05
36.17
38.66
25.77
32.11
34.88
40.79
25.29
30.26
36.49
36.75
33.13
26.87
38.45
34.98
33.82
27.09
39.93
35.14
30.79
28.85
37.84
38.15
32.3
28.43
37.45
38.27
29.9
29.51
36.44
38.99
33.76
38.53
38.17
31.85
26.39
38.44
40.61
28.55
32.5
34.75
36.52
27.81
32.89
33.93
40.71
30.03
36.8
38.78
38.41
31.49
34.56
36.07
37.01
27.68
32.12
38.17
35.77
27.04
33.09
37.55
37.11
26.94
35.71
35.35
40.23
30.78
35.63
35.81
36.16
29.91
29.88
34.31
35.33
25.51
36.71
30.68
32.14
32.09
33.05
37.02
32.8
30.62
36.1
32.37
34.59
36.55
34.64
39.22
31.42
26.3
40.64
30.83
34.11
34.59
31.01
29.59
32.29
32.54
43.94
35.95
36.97
30.36
39.52
27.39
33.13
35.84
31.81
26.05
27.96
35.08
37.27
40.54
40.2
23.08
27.98
21.68
24.1
33.89
39.77
21.82
37.37
39.14
26.26
32.96
35.78
26.54
27.17
29.38
31.13
36.55
34.12
28.58
34.57
34.98
24.21
41.09
25.88
35.44
33.44
24.49
37.27
35.03
23.35
25.97
38.23
34.95
25.61
25.94
26.38
40.04
34.06
40.88
31.46
25.89
28.11
26.32
37.01
39.79
26.27
27.26
28.76
40.84
37.79
39.18
35.9
29.83
18.77
26.21
26.2
37.65
31.92
28.13
36.09
39.63
27.35
34.61
39.33
23.35
25.77
27.84
33.62
33.64
27.79
28.15
22.93
37.6
36.17
36.36
34.16
32.06
24.16
32.17
27.28
29.98
31.81
27.16
35.79
34.57
27.61
29.7
35.35
29.95
23.76
30.87
26.03
37.49
35.69
27.71
37.65
30.91
28.94
29.57
36.32
32.48
32.58
20.92
35.4
34.4
40.49
26.11
35.91
27.8
34.9
33.84
32.98
26.11
35.37
26.05
26.28
29.8
35.57
28.75
27.8
34.54
32.65
30.79
24.55
31.77
37.64
30.32
27.79
36.57
35.03
25.87
29.97
35.9
28.5
32.08
28.99
36.21
30.94
31.79
27.8
34.39
37.34
31.52
28.99
33.04
33.39
29.18
31.83
32.49
34.36
36.93
34.92
36.85
30.26
32.55
32.19
28.02
38.21
32.67
33.48
29.63
34.47
33.84
35.51
30.53
28.61
36.88
35.16
27.9
33.7
38.21
30.01
26.32
38.83
38.78
33.7
27.11
39.6
34.93
32.02
23
31.14
42.11
32.82
29.01
38.68
40.41
35.45
25.71
36.28
41.56
35.35
28.43
37.27
40.77
36.8
28.93
31.83
43.15
34.62
27.45
37.21
40.73
30.24
26.3
37.14
40.44
34.61
25.02
39.17
39.68
34.38
25.54
36.8
39.71
33.79
26.93
40.29
38.39
33.38
26.57
37.71
33.24
35.69
25.07
37.98
32
39.51
28.98
36.36
36.76
34.38
30.28
42.88
40.36
34.16
30.29
39.62
36.37
36.91
31.32
35.37
39.87
39.15
31.89
35.54
35.86
37.46
23.07
37.68
38.56
35.21
27.1
38.18
32.85
37.19
29.22
40.2
32.99
40.57
26.07
38.32
37.03
38.72
23.85
39.99
40.05
36.57
21.79
37.58
38.05
36.93
28.08
32.24
37.97
36.24
25.77
37
34.86
37.92
25.7
38.49
36.42
33.56
26.27
35.01
38.5
27.27
25.37
33.88
34.28
33.65
23.35
38.9
32.96
34.01
27.66
33.98
35.06
33.48
28.64
33.37
33.88
31
28.07
32.8
31.59
32.7
26.07
33.64
25.81
31.74
35.62
33.94
32.5
31.45
37.12
38.62
32.77
35.64
28.74
29.68
31.2
37.89
39.76
33.24
38.23
39.81
26.88
40.76
27.85
29.07
32.14
37.61
32.3
27.96
30.65
33.06
31.58
33.84
38
25.28
37.2
37.87
32.91
23.43
28.29
35.49
34.94
23
30.46
29.76
40.14
23.59
33.84
33.2
31.02
28.33
37.78
33.93
36.69
33.4
28.21
35.84
39
29.87
36.69
29.47
32.98
36.16
34.11
31.3
37.6
28.53
34.33
32.65
34.75
28.53
31.79
37.43
33.3
29.69
34.38
38.33
31.17
28.69
38.36
34.04
29.53
30.22
34.89
35.56
28.55
30.57
35.98
34.18
34.82
31.35
34.71
34.36
30.01
33.28
40.65
34.17
28.06
36.69
37.63
37.97
28.45
29.91
38.23
37.78
24.07
25.31
33.44
37.76
24.3
32.09
31.87
39.99
24.66
36.77
32.29
34.72
28.35
30.17
32.22
34.81
25.18
29.77
38.23
36.71
27.54
30.54
31.33
35.08
21.98
35.48
31.98
40.13
28.22
36.15
32.74
42.15
26.43
33.25
29.96
37.18
26.41
32.15
32.55
38.53
25.25
37.51
37.34
35.93
24.49
32.8
24.02
39.06
33.79
34.97
39.69
33.48
31.69
33.56
33.19
32.72
32.22
30.93
29.91
31.81
26.95
31.96
34.4
36.85
24.34
32.67
37.92
33.89
29.25
37.33
37.79
38.63
26.71
37.78
26.73
38.38
36.17
29.32
36.14
38.1
23.07
36.85
33.09
43.01
33.08
34.23
39.79
41.02
22.7
36.34
27.58
37.05
32.2
31.37
33.21
36.82
32.37
28.16
31.42
37.87
36.47
31.86
28.45
40.61
33.71
36.53
28.36
37.51
34.03
30.87
30.81
37.5
27.21
33.41
24.9
33.14
33.43
30.06
34.91
34.67
31.66
33.41
30.24
33.9
29.92
35.11
35.18
33.39
27.72
34.36
34.04
35.86
28.8
36.32
35.88
36.81
27.09
35.26
30.91
33.93
30
33.28
34.24
36.36
24.64
31.99
34.5
37.63
25.41
30.04
36
41.47
24.33
35.16
31.3
38.27
32.99
40.42
34.91
38.76
33.01
36.84
30.29
42.18
29.21
36.29
34.92
38.09
24.89
36.6
34.32
36.78
28.36
35.24
35.71
42
27.21
35.04
30.07
34.16
27.85
36.48
31.5
31.99
26.29
38.14
32.46
35.38
29.89
33.67
31.2
33.4
28.21
42.7
32.45
39.56
26.65
36.39
36.47
39.19
29.79
34.23
34.19
30.01
33.68
35.13
38.44
27.13
29.74
39.51
30.48
29.9
25.93
36.1
30.84
28.55
31.53
33.66
33.66
29.11
27.94
30.82
31.5
23.95
29.76
27.97
31.92
30.89
29.92
26.46
32.24
23.29
26.33
27.41
37.53
27.5
29.45
34.08
35.64
27.06
28.54
33.06
33.03
31.27
27.81
35.3
28.88
30.22
27.39
32.47
31.21
29.69
30.02
32.18
31.21
29.71
23.44
34.35
35.54
33.84
27.33
36.49
34.17
32.73
24.77
40.44
33.97
35
25.28
30.76
33.63
33.17
22.43
32.66
37.11
37.54
28.99
30.23
40.13
34.87
27.38
30.69
35.01
34.88
26.03
29.54
33.95
36.48
22.58
33.01
36.55
38.95
23.21
32.12
33.8
34.8
26.84
32.67
32.95
37.83
27.07
36.97
33.78
35.01
34.7
29.74
34.95
39.17
30.2
30.87
34.89
35.11
30.63
29.08
34.67
36.88
24.88
33.05
36.9
38.91
29.17
35.93
34.89
40.55
26.72
34.55
41.27
39.09
23.09
31.28
34.46
42.01
22.17
27.46
39.57
36.38
23.16
31.02
38.35
37.36
19.83
28.36
34.58
38.94
23.98
30.5
37.73
41.32
24.6
32.74
33.58
37.13
19.42
29.66
35.85
38.15
23.6
26.52
32.6
35.67
23.12
28.68
39.25
35.71
26.44
28.26
26.38
35.11
35.06
30.87
38.34
37.79
23.76
29.68
28.8
36.94
36.99
29.4
30
35.1
37.01
36.43
40.74
39.17
26.67
33.93
24.52
38.24
34.91
30.77
36.68
36.81
20.47
29.07
23.9
35.36
32.08
31.71
22.28
39.07
33.72
30.63
31.8
38.29
22.6
27.89
25.01
38.78
30.21
32.7
35.34
36.15
21.18
36.55
35.52
39.39
29.72
34.7
34.69
38.46
24.45
34
32.45
40.73
25.52
35.07
33.02
34.72
24.1
36.68
34.65
40.02
24.74
35
31.57
34.96
24.63
31.91
33.19
38.3
26.72
36.5
31.67
33.74
21.23
34.61
28.05
34.05
25.51
40.01
32.45
39.02
25.31
35.26
31.27
32.37
24.79
31.4
29.19
36.04
25.67
35.55
27.26
33.65
23.39
30.83
31.2
33.95
22.26
38.06
30.38
41.45
25.73
30.98
34.05
36.44
22.17
33.24
27.34
32.51
25.86
35.8
32.47
34.92
28.42
32.18
32.98
42.85
31.04
35.27
25.84
41.85
23.46
40.23
32.03
40.96
28.73
35.83
29.92
40.52
20.15
37.6
23.41
38.08
31
38.94
27.44
35.56
24.04
37.92
31.32
39.6
25.32
38.01
29.54
36.51
30.29
43.49
25.63
35.31
38.88
39.99
33.27
42.96
22.7
39.09
24.17
41.54
35.34
44.49
36.86
38.2
28.97
35.92
25.74
43.76
36.13
37.03
23.03
39.58
33.22
36.09
36.9
39.72
27.54
37.13
29.5
40.28
35.17
36.75
36.98
35.6
29.46
35.01
27.69
42.59
34.52
31.93
28.11
43.66
36.83
36.83
35.78
39.18
27.15
38.81
22.7
39.76
33.35
37.53
21.94
37.23
33.64
34.6
35.99
41.66
23.5
28.22
30.03
41.38
34.14
28.86
36.86
40.9
28.87
34.27
25.62
40.37
39.39
35.78
35.85
38.56
24.36
34.93
42.83
38.26
27.25
30.07
34.89
37.56
20.16
35.98
29.12
36.65
23.58
34.66
33.25
41.62
21.38
26.47
32.65
38.13
23.85
37.07
35.38
38.31
20.74
31.21
33.24
36.04
23.31
33.15
40.08
39.99
25.14
33.85
34.74
38.02
25.94
39.87
32.19
43.19
26.59
42.68
34.61
43.3
27.21
35.02
32.45
37.46
30.73
37.61
30.55
38.92
30.92
32.23
29.43
43.18
32.27
31.47
33.71
44.61
31.23
35.89
33.55
41.81
26.06
30.05
31.4
38.59
24.31
36.3
34.03
38.72
29.89
29.6
32.43
39.73
29.66
37.06
32.89
40.49
28.96
33.79
34.52
44.94
26.94
33.74
33.51
37.66
22.05
35.83
30.35
37.58
30.62
41.11
28
33.46
24.07
38.06
35.28
35.63
27.81
35.92
35.51
38.74
29.64
40.04
33.81
35.06
30.27
32.35
32.46
40.08
28.14
41.62
34.28
43.33
23.41
42.94
36.02
39.04
22.1
32.37
33.56
42.52
21.98
38.46
32.58
40.99
20.58
36.52
30.93
38.06
24.76
39.49
32.39
35.65
23.52
37.63
35.37
37.37
30.69
38.61
32.56
39.24
26.35
37.21
35.91
37.66
32.12
32.26
34.38
42.95
28.68
37.94
29.76
39.88
26.61
37.39
32.11
36.54
32.24
33.39
33.3
39.45
31.02
37.55
37.25
35.79
37.68
37.68
37.88
39.74
33.12
37.2
34.46
38.42
30.96
41.1
33.47
34.23
27.79
40.47
34.69
35.67
31.27
43.64
36.43
34.83
35.28
39.06
37.78
30.58
32.44
39.23
38.48
34.84
30.54
44.07
32.5
32.37
34.64
39.74
33.82
30.7
31.77
37.93
33.16
32.74
34.56
37.51
41.99
33.24
33.23
38.05
36.97
35.54
34.93
44.96
36.2
35.39
34.58
40.39
33.37
32.85
36.46
44.19
33.87
34.19
32.19
36.22
35.59
37.04
21.35
38.45
35.33
32.17
26.7
36.75
33.77
32.38
23.81
34.88
37.86
36.97
23.62
40.01
36.88
36.73
28.97
39.81
38.07
36.54
25.32
37.6
34.31
41.11
31.05
38.21
35.79
42.4
27.59
38.76
37.75
45.72
29.48
32.94
39.29
39.63
30.17
38.87
33.45
39.49
26.66
37.53
33.73
35.16
29.98
42.2
34.53
40.14
25.35
39.23
36.69
39.01
25.81
36.07
32.61
38.87
25.63
36.27
25.81
36.56
32.7
40.09
19.9
38.44
28.17
35.42
32.04
39.92
23.12
33.93
25.41
37.82
34.88
42.38
23.63
31.59
31.8
40.7
30.82
40.94
19.37
30.85
21.71
33.77
33.69
41.86
34.08
32.91
22.55
40.61
25.74
43.74
29.49
34.93
23.07
32.74
30.76
36.72
31.17
40.79
24.39
44.25
28.41
36.84
30.58
32.44
26.04
35.4
29.78
43.8
34.15
36.46
23.64
39.87
25.75
38.39
31.85
37.2
27.65
35.23
35.63
38.25
33.4
39.46
22.81
39.65
27.58
41.41
33.26
39.65
31.95
39.69
28.22
41.92
26.7
34.73
31.56
36.29
31.23
33.48
24.92
35.21
33.93
38.77
25.22
35.22
30.37
37.56
28.08
38.81
29.96
37.6
32.68
36.44
33.09
39.74
33.46
34.54
36.39
41.22
32.05
38.81
35.3
39.64
29.4
37.88
34.7
34.02
30.04
38.27
35.24
41.94
26.49
42.41
38.69
36.45
24.9
36.97
37.38
39.76
29.33
36.94
37.08
40.99
31.62
35.25
37.02
42.68
27.82
33.33
40.64
38.23
27.63
32.4
38.93
38.18
28.2
35.8
35.49
37.29
27.15
30.78
31.79
32.5
39.65
31.73
28.63
34.31
36.17
34.12
37.86
33.78
30.29
35.06
37.71
27.99
30.48
37.79
30.09
30.62
35.82
31.23
37.27
31.51
31.92
42.64
29.68
29.52
32.68
37.64
27.63
27.76
38.17
41.86
33.81
32.28
35.91
28.6
38.99
31.74
24.96
35.03
34.02
31.79
27
36.82
37.45
35.73
26.88
38.47
37.34
33.92
23.63
40.35
40.63
29.38
30.43
42.12
33.95
36.94
29.52
39.49
40.65
35.76
25.2
36.45
38.18
33.76
27.99
38.22
34.41
35.87
28.47
37.51
37.58
36.11
27.9
41.4
36.36
36.13
28
33.49
35.82
31.28
26.85
36.61
36.53
38.56
26.38
34.33
37.51
40.29
29.11
36.43
41.39
36.29
28.04
33.75
36.28
34.68
23.92
38.69
35.6
33.46
25.54
39.41
36.96
39.18
29.57
36.85
43.51
33.81
30.15
38.28
32.52
38.15
30.57
40.8
37.88
36.11
30.46
41.42
36.62
38.08
26.55
37.54
34.34
31.85
25.56
37.78
34.44
37.97
28.22
37.44
39.32
34.09
21.91
33.27
40.79
33.33
26.61
35.03
35.41
35.97
27.57
35.5
39.38
36.62
25.9
33.65
35.3
34.68
24.49
30.9
36.59
34.37
29.56
30.87
34.4
36.06
27.24
32.18
34.42
35.78
30.66
34.09
39.93
32.95
28.16
35.81
37.11
33.32
27.52
36.16
35.35
30.27
33.31
30.04
34.92
33.33
28.11
32.09
37.82
37.22
29.52
32.5
38.86
35.26
29.4
38.83
37.78
37.21
27.06
31.38
24.56
37.73
35.18
30.86
43.25
33.34
22.25
34.43
28.58
39.3
37.07
33.1
26.25
34.63
37.01
31.21
26.51
31.73
39.43
31.55
39.53
28.36
30.66
38.25
35.27
28.37
26.78
35.01
35.5
25.91
24.89
35.23
33.87
34.82
24.98
40.03
36.82
32.64
29.05
31.14
37.81
33.27
24.08
33.78
39.68
35.88
24.95
30.7
37.09
29.68
31.81
32.8
23.01
32.25
41.46
38.59
40.36
34.85
31.26
36.41
38.97
36.61
23.83
29.13
25.67
28.51
40.08
34.39
28.54
34.17
38.54
40.53
24.83
30.41
37.47
35.5
36.86
32.08
26.69
34.68
24.65
31.03
38.42
41.07
27.54
35.9
38.42
34.84
37.03
37.57
25.32
39.69
28.15
35.45
38.8
38.66
24.65
37.13
38.07
37.02
39.35
32.04
32.17
36.99
29.8
34.5
37.12
37.99
40.65
36.21
30.54
36.59
25.7
34.57
43.15
32.3
30.48
37.81
44.01
40.02
41.12
38.83
27.21
39.6
28.63
40.93
41.41
31.55
25.7
31.4
40.37
34.29
41.27
35.96
29.94
31.64
24.41
44.2
41.01
30.5
20.79
35.51
32.82
35.01
37.52
30.42
29.88
37.17
35.92
36.73
27.45
36.4
36.43
32.46
24.53
34.08
35.91
23.1
23.66
35.66
29.85
27.05
19.5
35.4
41.56
26.6
24.09
34.88
41.77
36.65
23.34
32.78
38.42
32.41
23.8
30.69
40.99
31.05
21.63
30.93
47.72
28.46
25.24
29.49
42.09
31.32
21.93
31.72
41.25
33.99
18.93
27.6
37.57
33.07
26.63
37.64
41.29
32.96
27.22
25.09
34.77
37.57
29.19
27.89
39.13
37.68
28.71
34.06
39.7
35.79
25.86
27.26
43.35
33.63
29.05
33.7
45.72
34.89
28.37
26.73
49.83
35.37
33.05
31.2
43.05
38.03
22.77
28.61
45.37
37.04
27.27
30.17
44.45
41.11
30.06
28.9
44.37
33.27
24.28
30.58
44.82
38.82
31.28
29.35
47.5
36.5
27.14
28.44
46.89
29.85
27.28
29.06
42.18
35.97
25.4
28.01
38.87
40.13
23.73
31.98
42.74
33.61
27.16
26.32
40.03
32.71
31.91
28.15
39.88
33.83
22.87
33.32
36.42
35.24
24.78
31.35
37.84
33.89
23.9
27.07
35.59
33.61
23.05
27.23
35.88
32.99
20.81
27.85
35.11
39.54
20.04
24.9
30.18
38.33
21.48
27.23
36.12
37.75
22.06
26.2
25.87
37.27
33.23
24.64
23.14
34.41
34.73
27.3
39.05
38.61
28.06
26.16
24.01
37.98
31.94
21.96
32.66
38.92
38.35
21.29
30.19
41.75
37.17
23.17
33.63
41.34
26.21
23.46
26.89
40.68
31.43
26.2
27.01
39.2
34.46
29.52
33.94
35.92
33.38
26.16
36.77
35.38
35
27.35
32.97
33.2
35.35
29.73
35.76
31.9
37.11
24.79
33.76
36.29
40.95
24.26
36.29
34.08
32.86
22.26
34.02
32.29
35.24
29.14
39.85
36.48
36.33
23.34
35.43
33.66
35.29
25.28
33.84
37.72
37.15
26.66
39.92
36.72
33.3
31.28
33.63
38.59
39.44
27.26
34.8
36.58
32.89
28.29
29.73
26.15
39.81
35.53
28.8
40.38
41.03
26.17
34.12
32.34
30.39
24.07
29.58
40.22
42.28
27.71
38.75
34.08
23.92
28.28
25.79
39.46
35.32
24.86
26.69
33.7
41.19
30.6
33.86
37.54
30.32
24.91
33.46
36.46
27.06
25.55
29.57
36.68
32.39
27.07
35.98
27.76
32.4
30.12
31.99
31.92
32.63
25.43
31.57
37.06
31.86
26.2
35.31
33.83
28.9
28.03
36.55
31.89
30.69
28.4
34.07
34.56
25.29
23.15
32.35
35.59
27.66
33.05
34.78
35.76
25.92
29.47
37.21
34.47
32.54
33.89
34.83
32.06
29.13
26.29
32.55
34.77
31.23
26.19
33.27
37.48
25.17
28.23
33.3
39.17
29.22
26.82
32.6
27.3
27.05
29.36
30.53
31.58
29.06
25.35
33.51
29.48
20.37
26.39
33.24
29.33
23.26
22.67
33.63
33.7
26.58
21.66
29.72
31.75
23.58
18.41
30.27
30.55
28.89
20.68
28.82
30.2
25.14
23.11
31.62
26.59
26.02
25.64
34.29
31.97
23.4
25.07
35.25
31.07
25.16
22.42
40.47
31.14
28.13
24.44
39.51
33
31.46
22.21
31.64
32.17
24.6
21.53
34.65
32.84
30.23
24.96
33.9
33.73
32.92
21.19
34.03
31.48
33.62
16.87
35.8
35
33.58
25.91
34.85
30.58
32.6
22.01
35.31
30.3
34.08
18.15
29.97
37.05
29.47
25.05
29.68
32.1
34.62
23.02
32.77
33.72
29.59
23.11
32.2
39.24
28.25
24.72
34.51
35.5
28.38
23.84
32.08
40.08
32.93
21.07
28.41
38.98
31.77
25.17
33.38
29.82
32.07
29.32
33.64
27.72
31.88
24.55
36.72
32.88
33.71
25.73
33.05
33.68
32.76
27.79
31.88
31.51
29.88
23.87
36.95
32.07
34.64
28.82
36.43
36.2
26.88
25.85
33.81
37.59
33.84
26.26
34.18
31.37
39.67
33.45
37.36
29.85
30.47
29.91
31.6
31
31.92
26.53
34.2
29.53
38.35
27.77
36.42
28.98
32.97
25.12
29.52
31.75
31.01
27.66
26.76
28.49
33.07
28.5
36.78
31.46
29.53
26.86
31.9
34.03
33.63
28.21
35.04
36.47
38.34
23.19
34.64
32.84
27.55
35.63
32.3
34.99
39.15
29.61
25.04
26.99
37.91
34.97
35.34
37.54
31.74
28.2
33.12
33.98
36.48
24.7
27.64
37.07
35.41
24.64
39.03
33.69
29.96
31.46
26.65
42.7
42.61
24.32
30.23
41.57
39.42
23.65
37.49
45.37
29.05
21.23
39.51
44.05
31.45
24.66
39.14
44.42
25.38
23.56
33.94
45.84
28.92
17.64
37.62
44.54
28.19
23.79
37.47
47.04
26.31
23.4
38.4
46.53
28.45
23.86
34.46
46.57
27.34
22.52
34.66
43.24
22.34
22.12
36.68
43.98
24.49
24.22
38.09
42.37
24.58
25.56
35.97
45.53
28.11
27.22
35.05
45.94
26.73
23.51
32.54
46.25
27.51
28.07
33.22
42.99
25.64
25.88
31.21
41.75
25.74
21.39
37.43
40.93
24.04
24.01
30.49
44.49
25.61
21.57
28.12
47.17
24.71
28.32
29.48
43.52
21.97
23.67
30.43
43.65
26.77
24.03
35.37
43.75
27.9
23.75
33.07
43.07
26.09
27.21
32.07
45.61
27.15
24.64
29.55
42.92
27.64
25.13
29.73
46.95
27.9
28.49
30.13
46.91
26.47
24.02
27.79
46.13
25.98
23.72
31.35
50.34
29.25
27.56
28.42
46.37
22.74
25.21
29.78
48.73
26.85
25.32
32.82
46.24
25.14
22.65
26.49
45.55
22.25
29.19
27.9
40.35
23.6
27.38
28.12
39.12
21.81
27.78
30.5
33.96
22.37
26.29
32.35
34.15
21.71
27.38
26.91
35.9
27.81
27.02
24.03
33.6
24.17
27.04
23.24
35.18
29.6
26.91
26.95
40
23.93
22.89
29.75
40.95
33.16
25.11
30.27
37.95
26.27
32.36
28.33
40.31
26.42
27.37
26.23
39.08
29.57
28.25
26.83
35.36
25.09
25.46
31.85
36.57
27.17
31.25
27.84
36.72
21.16
28.33
26.41
35.92
28.67
25.23
23.69
35.12
27.58
26.75
25.12
38.65
24.35
26.71
31.96
34.02
26.42
21.79
29.53
37.01
30.98
26.93
31.08
33.7
28.38
27.64
27.28
29.88
31.54
28.63
26.65
35.93
28.71
24.41
27.48
31.82
34.37
21.57
27.01
31.92
31.24
24.94
27.84
33.3
21.38
27.27
23.51
30.84
31.67
28.56
26.56
31.37
31.41
29.79
35.36
36.64
30.64
25.08
29.29
28.46
32.11
24.78
31.73
30.3
34.55
30.15
31.51
33.52
30.05
27.14
26.23
35.92
28.34
26.34
25.17
37.29
32.68
25.49
27.38
36.81
28.34
27.29
24.97
36.67
28.26
25.86
28.64
35.05
29.55
26.14
23.9
31.93
31.17
33.06
31.08
35.04
28.57
24.27
31.26
37.07
31.99
27.75
32.27
31.61
23.6
32.21
36.36
33.26
24.93
26.19
29.97
32.94
27.78
33.58
33.42
35.98
22.29
32.44
34.57
34.17
29.17
28
35
31.06
26.34
29.67
38.15
28.97
33.4
25.75
33.15
31.94
33.87
24.51
33.26
29.41
28.83
24.53
30.62
30.03
31.93
29.99
36.45
25.25
26.06
31.16
40.02
24.91
25.19
29.93
44.02
27.04
25.51
33.94
37.7
27.5
22.22
24.85
35.97
23.46
25.78
32.03
39.99
26.1
23.92
29.82
37.78
24.43
27.45
30.18
39.05
23.44
26.07
26.25
36.94
25.86
26.09
29.77
37.32
21.71
22.77
30.31
41.31
22.98
27.08
29.86
38.71
22.22
28.8
28.15
34
20.33
28.86
26.45
32.91
24.16
27.03
29.06
35.04
20.36
28.64
28.5
39.12
25.72
33.21
32.99
32.05
21.12
28.5
33.08
37.75
19.08
32.46
32.68
32.6
18.89
19.99
25.27
37.74
26.53
26.72
28.85
33.77
19.68
28.02
36.74
34.76
16.72
29.7
28.14
37.02
18.72
27.5
31.74
35.73
20.54
21.43
30.77
32.93
21.37
23.04
30.26
36.15
18.5
23.66
31.09
25.44
21.51
37.26
25.19
25.49
25.68
38.51
31.35
39.38
23.24
22.36
30.91
26.05
24.83
34.49
30.19
25.63
27.7
35.3
32.39
36.54
22.94
23.4
38.52
23.76
24.01
34.82
31.5
24.75
28.81
36.41
30.84
34.59
29.07
23.46
33
21.83
26.2
35.36
28.7
38.43
24.18
26.26
28.19
25.09
26.34
37.18
25.88
36.66
26.97
30.04
28.51
27.54
24.47
33.41
30.52
28.07
22.28
39.53
29.44
40.22
19.86
28.67
31.14
28.51
27.67
38.59
32.06
41.66
26.43
31.44
34.69
20.76
26.54
37.73
38.72
26.55
28.96
34.78
29.93
35.8
27.18
25.81
32.02
26.22
18.87
35.85
31.16
35.76
23.87
22.45
31.2
30.55
23.47
38.54
29.3
38.97
24.18
25.95
30.54
24.98
26.16
31.64
32.96
24.49
24.75
39.57
37.66
33.16
23.21
22.2
34.1
27.21
23.14
37.21
31.92
36.28
22.5
25.99
28.94
27.51
22.65
32.92
29.62
38.04
28.9
27.74
34.51
39.37
23.03
26.08
30.09
34.24
21.34
22.85
25.52
35.14
24.38
22.74
29.8
38.28
24.27
28.49
26.99
36.15
22.49
27.12
31.47
33.97
22.62
25.99
31.88
32.29
20.54
27.63
27.77
35.76
19.64
22.24
28.91
31.34
23.39
28.11
25.43
34.1
20.42
27.56
30.79
35.35
21.2
29.01
28.66
29.85
20.91
30.18
26.69
36.5
23.46
34.95
28.72
34.99
25.8
28.27
28.25
39
22.53
28.6
25.76
35.92
19.64
29.96
28.96
37.58
23.29
28.97
33.06
38.03
24.91
25.9
25.18
38.58
31.46
25.28
30.58
42.26
30.85
29.57
31.79
39.11
31.27
25.29
30.92
38.86
27.89
22.86
35.22
41.34
23.57
25.23
31.94
34.71
25.62
27.99
35.63
43.15
21.79
23.5
28.98
40.86
24.85
26.8
30.84
42.47
23.51
24.33
32.46
39.7
30.59
26.98
30.08
40.07
31.25
28.42
26.71
39.3
23.71
27.37
29.54
38.81
25.39
25.31
22.67
44.09
21.48
28.09
30.05
43.29
24.46
33.35
31.33
45.71
31.47
27.45
25.83
42.49
30.52
25.07
27.5
42.27
29.04
27.34
28.29
41.7
22.44
26.83
23.52
42.3
22.73
30.49
28.7
47.2
25.43
28.56
25.13
46.01
25.27
31.83
30.63
34.08
19.5
41.38
27.94
23.1
25.55
40.11
30.48
40.19
22.31
27.06
28.71
26.41
21.68
36.18
27.44
23.82
19.56
39.95
25.78
38.58
23.62
24.94
27.45
22.82
21.29
35.74
27.82
25.86
20.02
40.47
28.25
42.07
23.85
25.37
30.82
26.71
23.53
38.97
28.35
29.29
12.93
38.18
28.88
43.73
24.85
24.32
26.08
30.65
20.96
40.52
34.28
31.5
16.66
41.29
26.78
41.41
25.57
26.85
24.65
27.21
23.95
40.51
27.28
42.63
22.55
26.34
37.88
23.12
19.41
38.41
32.01
20.43
18.08
41.19
29.76
39.24
18.59
22.67
30.23
26.83
27.53
39.93
26.68
25.95
20.66
38.96
30.48
42.3
21.13
28.56
23.36
27.64
26.19
39.26
27.7
37.94
27.52
26.72
26.08
28.18
28.05
40.19
27.2
28
34.24
40.98
28.52
40.77
30.4
29.96
28.29
25.23
32.63
38.05
31.72
42.56
30.67
27.04
27.78
38.78
35.57
24.14
25.37
36.2
35.24
20.63
27.14
40.92
31.61
21.32
25.08
42.98
35.21
24.73
26.63
38.1
34.25
21.8
20.37
40.68
34.33
25.73
23.09
42.13
27.05
25.42
25.64
42.09
25.45
28.47
26
39.82
26.81
28.25
24.37
37.37
29.46
32.84
21.07
40
27.52
28.71
21.79
35.7
30.24
30.09
25
35.89
26.11
31.28
26.6
38.69
25
31.14
30.51
35.61
24.04
29.41
24.86
39.55
28.87
25.46
29.64
36.46
25.99
30.65
27.79
40.05
25.15
22.53
24.52
40.74
23.25
23.45
29.8
42.13
23.89
24.29
21.83
36.72
24.96
22.98
26.69
40.31
21.03
26.22
27.64
36.86
24.27
23.32
27.89
39.91
28.29
28.69
25.91
38.35
23.35
21.91
25.77
47.02
25.66
22.32
29.31
39.72
25.61
25.52
23.3
40.01
26.19
26.6
23.97
36.51
22.19
31.09
23.92
36.75
23.93
25.84
23.23
38.74
21.73
24.2
26.61
38.3
25.23
29.46
28.31
41.72
25.33
22.27
29.04
36.42
23.06
23.39
29.3
37.26
25.45
28.14
25.28
39.78
24.38
25.37
29.3
40.3
25.64
24.25
33.4
21.22
26.33
39.7
24.87
38.64
24.91
23.07
31.86
27.69
28.03
36.91
29.09
28.82
24.92
37.76
28.74
39.03
25.93
28.74
25.41
26.33
28.55
39.96
22.82
28.01
28.22
33.33
25.44
39.73
27.45
23.35
21.81
24.61
24.53
38.89
22.43
27.02
22.9
36.84
22.97
38.73
22.14
25.89
25
27.32
23.32
38.67
22.05
24.21
24.76
36.69
27.48
35.27
20.54
33.27
23.08
31.41
22.72
38.69
25.51
36.23
19.14
27.72
31.09
25.6
22.19
33.76
28.93
25.18
25.57
30.59
30.73
32.6
23.11
25.62
32.12
30.78
22.45
36.48
24.37
24.16
23.39
37.55
29.61
32.33
29.74
27.92
26.36
25.31
26.07
35.16
26.53
28.8
30.3
33.74
26.22
33.86
28.95
24.18
24.23
30.7
24.28
38.71
26.91
32.68
27.77
35.42
24.94
38.06
24.23
24.64
28.43
25.8
31.04
39.11
33.1
37.01
27.21
32.11
31.42
36.4
28.61
30.82
24.27
39.33
30.65
26.7
32.72
40.1
31.01
28.47
31.57
34.85
40.07
30.71
35.97
38.01
34.1
31.22
41.7
35
34.64
29.13
38.51
37.1
35
27.9
39.04
35.51
39.42
31.91
41.44
39.21
43.82
28.51
39.18
38.61
43.76
33.25
37.89
35.19
37.95
33.42
38.84
36.99
41.55
30.69
36.56
30.95
42.75
28.9
35.62
35.4
42.13
32.55
39.52
38.54
39.33
31.33
37.63
42.48
39.18
31.45
42.06
36.91
36.36
31.13
37.57
35.16
33.77
31.31
40.51
36.66
36.76
32.19
41.67
37.12
36.01
33.36
34.84
40.1
42.7
34.66
40.95
36.67
40.85
32.62
35.85
37.9
41.81
28.71
39.47
38.58
50.49
30.71
38.03
36.63
43.96
36.01
40.57
36.65
38.68
33.82
38.49
35.11
39.07
36.92
35.8
33.5
43.56
27.15
39.34
34.64
47.77
30.09
35.71
34.99
30.12
24.83
46.45
33.02
44.21
29.29
32.7
33.82
44.73
34.99
36.52
36.68
44.68
30.26
41.92
36.43
40.51
30.29
38.85
40.85
37.53
22.1
39.14
39.55
45.55
23.06
39.14
33.99
40.29
25.89
34.67
36.85
39.88
24.75
32.65
37.16
38.84
24.45
41.32
40.32
41.06
25.46
36.38
40.12
33.01
26.33
39.03
38.16
38.12
38.08
35.21
33.02
35.27
37.43
36.77
36.65
39.25
34.42
34.54
34.69
34.23
36.21
38.19
36.05
28.83
38.39
40.54
34.9
38.32
31.28
35.85
37.11
35.44
35.93
37.55
34.81
35.09
41.17
37.16
37.62
34.8
34.43
30.53
38.87
32.48
32.45
32.35
36.24
33.15
35.32
24.91
40.74
35.76
33.39
38.52
34.1
36.09
33.43
33.44
36.4
31.82
34.56
41.28
28.29
37.71
37.61
32.01
32.89
42.73
36.78
27.35
32.63
37.29
32.77
34.81
28.95
41.79
33.98
34.2
35.97
43.32
37.51
34.7
34.72
38.74
37.25
34.28
33.08
40.53
37.4
32.78
39.79
40.13
38.28
31.92
31.48
42.86
42.74
31.16
29.73
45.24
37.82
33.83
38.01
43.17
32.09
30.71
33.09
38.38
37.54
29.68
33.3
40.41
41.14
30.4
30.95
44.2
35.69
30.97
29.19
39.33
34.8
33.1
35.44
43.32
31.87
31.87
33.26
43.77
33.5
32.74
33.42
37.81
28.79
23.34
31.12
42.18
28.35
32.74
37.58
37.44
26.48
30.09
36.79
39.06
22.41
23.29
37.25
40.87
29.16
36.81
36.49
41.64
31.99
31.84
38.06
40.46
28.4
35.01
37.27
37.87
23.23
37.56
35.02
32.61
22.26
35.48
37.27
38.7
25.17
35.14
38.33
33.89
23.62
35.39
35.18
39.06
29.04
32.22
38.8
34.7
26.78
27.35
34.73
36.99
28.19
30.61
33.05
34.61
30.78
25.58
35.24
38.11
29.84
31.74
34.82
33.76
28.97
34.93
39.11
35.51
29.62
30.92
37.31
40.59
32.2
34.52
30.1
40.59
31.53
27.35
33.87
40.11
25.25
34.27
35.29
38.78
29.61
28.14
33.27
37.49
25.63
32.6
33.42
39.39
33.75
25.65
32.99
39.92
34.65
24.97
34.39
39.41
29.46
24.64
33.49
37.46
34.53
20.27
37.98
33.77
32.78
26.24
38.19
40.82
29.88
24.75
31.09
35.57
32.24
22.63
33.3
39.16
29.04
22.24
38.85
38.29
31.96
21.18
33.79
38.55
26.46
26.8
36.05
41.17
31.03
28.73
32.03
39.92
34.87
29.61
37.49
37.07
29.27
29.28
34.7
44.26
23.73
25.51
35.03
43.88
24.75
27.58
37.77
38.96
28.9
23.18
32.57
42.25
29.46
25.99
33.46
41.98
29.3
24.66
36.97
34.44
32.22
30.95
36.17
35.72
37.64
27.78
34.02
41.41
31.18
31.08
30.22
37.65
36.41
30.34
35.44
37.79
28.43
26.73
31.72
40.56
33.02
25.28
31.4
36.32
32.37
30.54
30.99
39.04
33.78
29.28
33.24
44.29
33.35
24.26
34.96
40.7
23.35
25.95
31.16
36.02
34.32
26.49
26.77
42.26
35.13
24.37
32.88
46.83
30.63
29.36
23.39
43
32.33
26.35
29.99
43.84
29.8
30.82
34.4
49.71
33.06
31.02
24.98
44.84
32.39
27.74
33.67
45.78
27.11
30
26.54
45.62
33.53
26.79
30.2
43.75
27.41
33.06
27.26
43.43
29.73
31.13
26.24
42.26
33.85
30.65
27.64
44.69
33.06
27.27
32.8
38.66
24.51
29.34
25.74
38.68
31.82
30.09
34.23
39.78
23.03
28.52
34.93
40.31
22.33
33.74
31.47
37.4
25.89
26.91
36.22
40.25
27.6
35.96
38.33
40.4
25.54
30.75
28.98
40.39
26.83
33.13
36.38
42.07
24.52
30.74
34.72
42.07
28.44
28.65
32.96
37.6
29.41
28.18
35.76
38.64
26.18
31.49
36.16
38.21
28.39
29.42
33.99
39.04
27.4
24.14
33.45
39.87
26
22.92
35.01
36.52
21.99
25.4
22.94
41.38
36.25
18.29
37.87
39.15
24.94
26.32
24.21
38.88
42.93
25.29
36.31
40.27
22.02
33.82
23.36
40.52
36.75
33.62
31.23
39.32
25.29
27.13
30.74
40
35.15
28.47
29.06
42.11
34.58
24.49
28.47
37.45
23.56
23.75
35.53
38.11
32.05
28.92
38.32
41.58
29.91
26.99
35.11
41.99
31.08
29.09
34.37
40.64
27.34
26.39
31.79
41.8
32.08
31.69
32.94
41.3
28.87
32.8
37.85
42.76
33.3
25.34
39.77
40.5
30.44
31.09
37.66
37.32
31.67
27.21
33.76
42.72
32.37
28.9
32.8
39.52
25.51
29.66
32.95
39.53
26.02
30.59
35.6
40.82
25.97
30.97
32.47
41.02
26.8
30.28
32.07
42.82
27.13
26.08
33.71
42.88
26.06
32.41
35.08
45.2
27.77
26.54
35.46
38.97
26.94
28.04
32.22
46.94
25.06
29.93
37.25
42.26
27.07
33.67
34.25
48.59
25.65
32.2
28.16
38.82
28.92
32.24
32.96
46.56
25.02
33.23
28.63
41.49
22.61
26.77
38.01
37.73
22.74
34.61
34.41
41.53
29.72
38.81
35.13
38.94
23.69
35.54
32.35
43.57
26.63
36.2
40.08
43.58
25.02
36.05
39.64
46.78
24.97
31.69
35.98
42.72
24.36
25.54
34.69
38.6
27.03
28.5
38.88
43.1
31.42
34.72
34.72
38.58
25.7
30.4
37.25
41.52
28.05
33.8
39.66
41.64
25.77
28.13
25.82
37.21
35.25
36.54
37.1
40.5
31.34
29.89
30.49
38.26
34.45
35.84
30.02
37.65
27.3
36.54
29.4
42.01
32.95
30.31
33.87
40.12
27.58
33.65
30.41
41.9
29.18
32.63
31.79
39.21
28.97
34.73
29.63
36.46
32.71
32.96
33.12
39.23
33.33
31.93
31.36
39.78
30.65
31.71
30.21
41.63
34.43
30.03
35.6
36.98
34.75
27.74
32.71
30.43
35.83
26.59
33.91
34.08
32.06
25.23
34.29
35.3
29.46
28.77
35.63
41.26
33.61
23.53
39.35
36.69
32.95
26.27
40.82
37.8
31.35
29.72
40.44
30.44
29.86
30.8
36.66
35.19
29.05
25.85
37.25
34.37
32.66
26.17
40.69
35.52
31.39
32.09
29.27
31.36
36.17
24.78
36.09
31.7
28.17
33.56
29.78
32.3
33.36
29.78
40.11
33.05
34.98
35.51
28.98
31
33.91
29.82
31.48
31.5
34.08
28.92
29.26
31.16
37.01
28.9
34.17
32.66
29.69
28.01
29.06
31.74
32.79
27.44
33.08
31.54
30.86
31.35
39.09
30.74
27.45
34.34
30.81
40.26
33.17
31.71
34.34
35.54
24.12
34.53
25.53
36.68
36.87
34.4
33.58
28.99
29.6
37.46
30.31
29.71
34.41
34.7
36.1
36.14
23.91
35.45
38.96
30.55
27.67
38.97
40.85
32.97
23.91
31.05
35.04
36.16
23.53
28.52
37.78
35.24
30.75
31.3
35.53
38.41
28.98
26.42
38.83
37.09
23.84
28.59
36.43
35.04
25.46
23.05
36.97
36.11
20.64
27.64
38.3
33.04
25.01
32.86
33.21
32.26
27.03
35.36
36.62
39.29
27.62
35.81
32.2
36.47
23.96
29.29
36.07
34.18
28.22
30.13
34.06
37.8
28.85
33.91
32.64
34.12
24.86
33.95
36.09
36.12
23.98
32.19
40.42
42.11
29.68
33.6
37.64
33.61
27.76
35
37.32
39.83
31.58
32.69
34.37
35.71
26.29
29.43
37.07
43.24
29.22
27.28
40.23
37.52
31.36
27.15
40.56
37.03
30.19
31.99
37.32
40.6
29.55
31.08
37.69
39.7
27.19
27.28
33.71
41.62
25.94
28.84
39.61
40.99
24.81
22.76
34.65
41.48
29.08
18.7
37.54
42.43
27.84
24.97
34.52
39.44
25.13
23.44
37.35
37.37
29.91
25.57
37.18
37.66
31.15
27.26
38.37
34.72
25.4
29.42
34.79
37.74
26.44
28.34
37.09
39.99
27.78
29.51
38.74
38.92
27.74
33.73
34.4
38.42
30.14
30.33
40.05
39.28
27.44
29.98
32.41
36.52
33.63
32.33
29.41
37.31
33.91
29.92
28.49
31.57
39.14
31.85
42.9
32.34
20.68
29.84
25.24
32.75
37.34
25.42
27.45
27.12
37.85
26.96
38.21
24.64
24.81
30.43
21.58
23.35
37.15
30.01
22.07
20.72
37.28
24.84
35.65
23.16
23.09
25.51
36.98
20.83
26.04
25.54
35.25
23.84
23.17
32.81
37.99
22.57
25.37
33.09
32.39
20.83
23.91
34.63
32.86
23.96
23.38
33.4
34.83
21.83
27.18
34.07
30.03
28.78
24.77
31.04
32.72
22.98
26.35
31.91
32.81
22.25
23.46
31.35
38.64
24.32
27.08
36.56
32.87
27.04
26.37
36.17
35.85
26.21
21.44
31.96
37.3
28.11
30.28
33.87
34.13
27.03
26.74
35.08
36.25
28.59
25.62
37.64
32.39
28.1
21.84
35.79
32.22
25.74
25.36
33.24
36.29
30.15
23.82
33.44
36.9
31.7
27.86
28.03
30.04
34.34
24.44
27.55
33.32
32.6
28.01
30.04
32.84
29.45
26.76
28.18
30.97
23.24
24.65
27.89
36.43
28.68
22.12
30.18
31.97
26.75
25.01
35.38
34.49
25.66
24.87
33.19
36
33.23
29.98
36.78
36.47
30.08
28.23
38.62
32.81
31.41
25.52
35.9
31.64
32.31
28.58
31.34
31.65
36.07
31.41
32.34
33.3
37.58
28.38
26.29
33.96
37.31
31.39
32.32
34.1
39.28
26.33
33.73
33.03
35.91
27.64
33.27
33.51
34.24
31.24
30.74
31.79
34.67
25.98
32.55
29.93
36.71
27.43
34.85
32.5
37.86
25.99
30.07
34.54
36.95
27.22
31.24
33.44
31.91
27.08
42.23
32.91
33.23
29.39
28.59
38.1
33.09
31.34
35.19
30.7
35.96
28.04
30.17
34.21
35.84
27.56
34.7
38.1
37.6
29.67
34.54
38.02
40.12
28.37
29.22
37.18
42.91
34.05
29.69
35.08
37.67
31.58
30.74
40.05
36.02
34.71
31
33.27
40.75
34.09
27.72
35.43
37
27.33
24.9
32.77
34.05
31.46
23.53
29.66
39.6
32.63
33.08
38.16
35.87
29.68
29.46
28.17
38.36
28.53
35.23
33.14
33.99
30
30.47
32.37
38.29
26.78
26.05
33.73
33.51
30.38
26.17
32.26
36.63
28.66
32.38
28.75
37
28.95
26.82
35.03
32.6
26.1
28.77
35.58
35.57
25.1
26.02
32.1
32.61
24.98
26.31
36.03
35.7
28.82
24.84
34.57
35.61
26.01
20.88
35.8
35.65
31.14
27.29
32.68
32.46
29.85
21.93
34.24
32.49
27.63
24.55
36.71
36.31
27.24
27.01
39.95
31.14
29.08
24.45
35.92
36.55
28.28
26.16
37.5
38.71
30.29
26.58
39.22
39.08
30.36
28.06
37.52
37.29
26.58
22.74
38.75
38.97
28.59
28.81
32.2
39.47
27.42
21.29
34.96
40.62
29.07
28.69
37.06
35.75
32.53
25.61
40.17
36.57
28.38
23.98
38.52
35.16
28.15
27.62
40.16
37.54
29.94
23.48
39.22
33.68
27.36
28.76
41.39
32.7
27.45
24.09
42.77
36.28
32.46
24.46
38.83
40.15
27.37
24.52
42.65
35.52
28.98
27.17
44.31
38.79
22.34
29.52
41.81
35.36
23.19
29.51
38.97
31.15
24.07
30.23
38.8
38.11
21.6
27.56
42.48
37.18
22.64
28.23
40.58
32.3
25.29
32.66
42.55
32.45
24.1
35.24
39.95
33.79
24.67
24.57
35.7
33.53
25.06
30.97
36.55
37.74
27.38
32.58
39.3
39.69
30.24
30.86
39.1
36.87
27.86
34.66
39.52
35.01
27.19
34.59
41.7
37.85
29.81
27.96
39.99
35.04
24.95
35.61
44.01
36.55
25.54
35.84
46.7
36.61
29.85
33.02
41.48
36.52
25.78
36.25
42.72
33.09
28.64
39.23
38.58
32.31
26.16
31.21
37.65
39.83
25.65
32.99
42.99
37.48
25.58
39.82
44.61
37.69
25.26
30.9
46.93
26.06
25.97
38.33
41.88
27.38
24.42
38.61
43.24
39.59
27.48
30.47
46.66
28.42
30.1
34.92
43.02
37.98
27.69
29.32
47.82
29.94
27.24
38.42
48.35
29.36
27.6
37.33
41.22
31.53
30.97
37.56
47.52
37.07
28.66
24.58
44.31
22.2
34.48
35.88
51.5
24.43
30.3
38.86
46.95
44.08
32.04
21.55
45.14
26.24
33.62
37.54
48.01
26.95
35.27
37.24
46.9
35.98
31.64
23.85
45.63
27.78
34.43
37.25
44.04
40.42
38.35
29
44.04
37.57
34.57
33.93
46.71
38.28
29.98
31.63
45.47
36.23
31.75
32.65
47.28
29.95
30.31
30.2
43.81
37.39
29.85
31.95
45.1
32.38
25.68
31.58
46.73
34.44
27.4
29.85
45.37
34.81
27.68
31.56
39.97
35.22
27.08
28.51
49.43
39.51
29.9
31.58
46.2
35.97
24.52
34.73
47.84
34.04
25.81
31.44
43.45
35.97
25.04
31.29
43.51
28.48
25.41
34.91
39.24
34.82
27.7
26.46
46.09
37.21
24.25
31.54
49
36.96
28.51
28.63
46.76
42.87
20.18
31.01
46.18
36.49
25.15
25.65
44.38
34.85
21.54
27.43
46.65
33.45
24.36
36.07
44.11
38.31
22
33.91
46.15
35.52
21.62
23.25
48.64
35.45
23.48
29.03
49.12
35.77
21.36
29.61
46.78
35.81
22.6
28.22
47.65
34.71
26.11
31.02
49.99
34.49
24.72
27.78
48.85
33.94
23.69
26.3
48.03
35.92
20.36
20.04
49.16
40.55
23.85
22.97
47.61
36.41
21.93
26.91
44.47
33.9
25.84
28.89
45.56
32.84
20.69
35.66
45.64
31.43
22.99
27.8
49.88
34.43
22.39
30.7
44.65
36.14
24.43
29.5
43.77
35.1
23.07
34.75
42.53
33.56
25.95
29.37
47.78
25.63
22.86
29.38
41.21
33.89
21.81
31.44
41.92
35.22
29.93
31.22
47.91
35.08
29.61
34.08
43.55
33.74
27.23
28.05
46.6
35.54
29.85
31.03
45.35
32.53
30.72
30.58
45.57
32
26.5
31.76
48.16
33.85
30.45
25.97
47.03
34.17
30.96
25.85
45.75
30.73
27.47
23.06
52.24
37.36
29.47
30.26
48.22
35.32
29.81
26.35
45.29
35.51
24.63
30.55
46.97
37.51
31.16
31.96
42.34
34.46
28.52
31.14
44.63
37.96
22.67
37.85
45.11
32.66
25.06
30.95
46.17
33.5
26.85
37.34
43.28
35.74
31.41
32.22
47.48
34.93
20.86
34.43
39.69
37.65
32.71
31.94
46.36
36.3
21.43
38.6
42.92
35.79
28.03
40.31
41.47
35.56
25.74
34.02
48.05
35.87
28.15
34.08
40.78
33.88
33.35
28.69
43.44
34.32
22.41
39.96
47.38
35.99
30.32
30.84
44.5
35.78
24.36
32.03
46.35
35.66
25.29
30.26
47.02
37.21
25.07
26.97
48.63
31.1
22.27
28.65
40.27
39.22
23.23
35.88
40.45
35.52
25.24
34.33
45.11
33.58
23.73
32.25
40.54
32.9
26.25
32.55
46.47
35.45
29
32.99
41.06
38.98
25.27
34.13
39.13
37.36
24.78
27.61
37.19
35.74
27.41
30.17
43.55
37.29
24.96
28.38
43.46
32.54
22.92
29.74
37.62
36.35
21.59
30.53
42.02
37.38
24.55
34.58
37.3
33.76
24.17
37.63
41.7
31.45
29.02
32.03
35.89
34.96
27.98
28.88
39.31
32.57
32.2
30.66
36.8
36.27
31.61
33.35
39.2
31.77
27.35
29.16
38.01
30.26
34.68
27.11
40.86
32.45
33.73
25.27
36.11
34.04
25.41
22.1
41.99
35.06
27.42
34.36
39.46
34.04
26.75
29.21
38.54
32.57
27.19
30.75
40.92
30.75
28.69
27.7
41.4
29.69
26.11
28.8
34.6
31.59
24.89
28.24
38.74
30.29
28.85
28.45
35.82
38.2
28.5
34.85
38.55
35.27
25.37
30.61
36.29
35.2
26
27.26
39
33.85
24.14
35.38
42.36
33.86
23.32
27.77
41.98
37.05
25.75
28.73
41.56
34.34
27.04
29.2
42.56
30.64
20.89
32.52
39.02
32.61
21.75
27.01
36.62
36.39
21.51
22.73
35.27
34.72
24.41
26.65
38.62
33.92
25.26
33.25
35.9
35.39
24.07
29.47
36.97
37.15
20.75
22.11
38.28
39.56
25.43
26.12
36.39
29.35
29.09
39.02
36.55
42.23
23.37
28.41
36.18
29.73
23.39
34.43
35.11
36.38
16.41
29.59
36.1
25.44
26.86
35.2
34.07
25.62
27.25
37.33
39.14
37
28.37
29.48
33.98
33.31
25.19
31.87
34.81
33.17
27.56
35.5
36.07
30.56
26.11
28.54
35.88
34.02
25.55
35.63
35.67
37.14
27.49
32.92
36.56
34.47
26.64
36.4
30.74
35.15
19.52
29.05
30.86
36.16
23.82
28.74
33.99
33.32
31.11
28.89
36.23
34.56
27.72
28.21
34.56
37.38
30.24
27.14
33.06
33.75
28.31
29.26
34.16
37.85
26.08
31.6
33.48
31.69
28.2
28.94
33.48
35.39
35.51
30.96
30.99
33.25
28.53
30.47
37.12
32.84
21.86
26.52
39.35
33.06
22.93
29.35
34.71
29.51
30.6
25.6
36.65
29.42
27.3
28.63
35.93
25.19
25.27
26.12
34.52
25.74
31.53
29.91
35.56
25.57
28.06
28.42
36.01
32.17
31.14
30.88
36.42
35.11
27.17
27.14
38.45
35.53
25.41
30.96
24.11
32.46
36.24
32.53
39.17
35.2
28.99
33.4
40.32
37.68
31.1
31.87
32.72
33.24
28.88
28.92
40.81
30.93
35.64
28.21
38.99
30.86
34.99
29.99
41.16
35.08
27.41
28.37
42.84
32.32
24.12
29.46
42.92
30.26
25.64
31.92
40
34.95
24.42
29.31
34.3
35.61
27.76
36.15
40.19
30.16
29.48
30.45
42.77
31.57
21.09
34.35
39.78
34.38
29.57
30.85
47.29
31.94
31.16
34.7
46.59
32.62
29.09
35.34
37.88
34.9
31.12
31.67
45.46
32.09
26.34
30.83
39.23
36.53
29.39
34.56
39
34.57
31.54
32.01
43.43
33.74
27.53
26.68
39.62
31.37
29.48
31.05
39.18
27.74
27.38
31.24
41.06
33.53
25.84
30.82
39.62
37.42
29.52
34.53
37.21
34.58
32.05
33.75
40.99
35.36
32.89
31.43
25.44
31.57
39.44
32.1
37.27
35.45
23.95
36.11
24.49
37.08
43.29
35.3
45.03
30.54
29.14
31.72
30.37
35.19
44.4
33.72
23.62
34.94
43.96
31.39
41.01
33.99
26.5
31.68
26.56
33.96
44.83
28.01
39.33
36.06
32.75
31.69
32.9
32.57
43.26
31.36
37.04
32.19
41.65
31.41
47.29
34.59
37.57
31.97
33.84
33.19
45.78
30.96
31.42
35.77
44.24
33.17
42.8
33
29.87
31.61
33.71
35.7
39.28
31.36
36.72
34.76
40.58
32.49
37.76
36.67
28.7
36.82
41.81
36.9
27.55
34.71
42.81
34.92
29.36
33.35
38.42
30.77
29.34
32.33
39.7
32.18
31.96
35.97
34.68
36.46
29.43
33.87
38.34
35.15
27.31
35.37
39.91
36.21
33.39
37.88
34.86
31.38
32.73
34.9
44.2
37.93
32.32
33.85
43.48
42.26
40.13
36.62
42.13
37.45
32.74
33.06
44.4
36.29
31.88
26.89
39.87
39.47
39.26
30.88
39.66
35.74
28.9
29.81
40.43
32.32
26.96
32.42
42.95
35.74
29.71
29.35
38.84
36.46
25.61
31.45
38.24
40.65
25.13
34.3
42.86
36.4
25.52
27.5
43.37
37.5
23.73
31.13
43.1
39.72
34.65
28.55
43.23
37.35
31.06
32.32
38.58
33.4
28.12
28.93
39
37.77
24.18
23.75
48.33
37.76
27.86
22.09
49.54
35.01
30.89
30
45.71
39.74
31.22
26.85
46.74
34.01
29.24
26.61
41.07
33.83
30.98
30.2
44.94
35.76
36.2
33.24
38.03
39.54
34.17
31.24
45.66
38.07
29.25
36.42
45.18
36.02
30.31
34.56
44.42
36.35
31.05
30.48
45.93
38.17
32.82
31.93
40.94
35.06
30.27
29.31
42.55
37.81
29.35
25.54
42.76
33.96
28.16
24.38
44.76
32.89
26.37
32.12
42.42
35.03
28.68
33.92
41.23
34.19
31.72
29.15
45.03
33.66
28.79
33.72
43.04
37.73
28.72
31.49
45.98
33.68
27.14
33.01
43
36.2
27
37.88
46.9
30.9
24.23
37.14
42.89
31.59
29.51
32.98
45.83
35.45
27.37
34.19
46.07
32.23
27.37
29.14
43.45
34.32
27.13
34.23
44
32.36
25.86
28.89
42.23
30.5
25.75
33.28
41.39
34.64
29.13
31.85
45.88
31.18
27.61
28.17
45.39
28.99
29.3
28.34
47.62
33.96
26.91
32.75
49.46
33.81
29.04
25.06
48.05
35.19
26.93
24.32
48.28
30.81
28.15
31.23
47.29
36.44
25.78
28.81
47.7
35.51
25.38
28.58
44.98
33.84
30.14
31.74
46.69
32.02
29.86
32.64
45.13
34.87
28.53
32.92
43.13
33.07
26.91
27
27.73
33.19
45.79
27.38
46.86
34.36
24.77
28.52
29.42
29.87
44.52
22.54
43.71
33.26
26.57
26.82
22.44
31.69
40.33
29.4
26.35
37.31
38.97
32.06
40.86
37.03
27.73
28.78
26.82
35.88
41.85
30.33
29.59
32.93
35.82
24.21
36.3
36.39
28.24
27.01
24.79
35.71
28.85
28.45
24.46
38.39
31.01
29.33
35.61
35.08
26.99
28.05
23.99
33.71
36.62
35.52
31.99
34.59
25.16
32.49
23.74
40.27
35.78
34.42
21.94
38.49
34.07
36.11
38.75
31.86
18.65
36.35
21.12
38.69
38.43
38.85
34.92
34.16
24.68
38.49
27.63
34.22
37.03
35.37
25.64
34.98
41.62
38.9
38.08
37.02
25.91
38.27
26.1
40.73
40.36
40.96
40.79
37.43
28.81
39.47
43.95
38.12
29.19
36.9
35.42
37.63
29.18
39.3
30.19
36.41
25.79
40.29
34.3
38.43
27.81
34.73
27.96
29.4
26.27
40.28
25.59
34.71
21.47
37.29
22.04
37.87
29.2
41.93
28.99
40.6
28.83
39.42
25.27
40.61
35.29
37.53
37.35
39.04
24.85
32.96
25.98
37.52
38.44
39.89
26.32
38.63
42.69
31.78
38.29
32.62
24.64
37.18
41.8
34.48
26.72
40.31
43.15
35.36
29.97
36.21
42.54
31.63
30.28
36.65
39.13
32.25
34.31
36.64
41.98
37.44
30.92
31.67
44.6
43.03
34.54
34.96
40.45
37.1
31.46
27.52
40.6
37.75
29.33
30.09
41.97
38.68
29.6
30.93
38.19
39.67
24.93
37.22
39.91
40.74
34.01
37.49
37.47
33.96
30.17
31.6
42.28
31.87
32.67
28.17
41.12
35.89
32.12
27.83
40.55
34.04
28.3
23.71
40.86
35.81
28.39
27.31
38.36
37.58
27.55
27.43
42.14
34.86
25.84
26.38
40.62
32.94
25.15
27.97
39.17
35.99
33.88
30.72
35.8
34.56
26.86
26.37
42.34
39.36
27.11
32.44
40.84
32.98
25.76
32.53
37.01
33.94
27.53
34.69
36.26
35.62
33.59
33.16
39.73
34.77
29.92
30.88
40.01
39.96
26.18
34.49
41.45
36.57
28.08
32.12
39.64
32.13
29.23
36.2
42
38.88
33.22
38.23
41.6
32.49
28.6
39
39.55
39.32
31.03
31.48
46.48
37.91
21.12
28.92
39.06
35.88
35.59
28.5
45.43
37.92
25.81
31.98
43.93
38.73
24.08
34.34
42
36.92
31.35
31.29
27.63
37.65
44.36
30.78
29.31
35.5
38.67
26.49
38.12
42.02
27.07
34.64
25.63
38.26
39.44
26.96
35.74
38.42
33.43
26.75
29.79
38.39
43.24
30.95
34.74
30.19
41.57
31.74
31.86
35.13
35.12
30.37
41.11
37.87
31.08
30.34
32.89
38.56
36.96
32.06
39.35
39.76
29.08
27.79
24.64
36.61
36.93
31.38
29.06
37.14
38.41
30.31
25.81
37.27
39.5
26.34
34.42
41.74
33.84
30.09
32.5
39.58
35.17
27.49
31.72
37.03
35.24
36.13
31.35
36.1
34
31.1
37.01
36.23
29.2
29.53
31.64
36.19
33.3
22.7
31.62
38.05
34.98
27.84
29.16
37.14
27.91
19.2
30.25
38.88
29.62
26.5
29.79
37.75
28.6
19.51
35.93
37.45
33
28.01
35.44
34.21
34.08
24.35
42.2
34.8
32.92
30.3
33.18
33.57
37.93
25.99
34.61
32.77
39.77
23.42
33.74
40.19
40.65
21.94
42.01
37.14
36.9
26.62
31.92
36.08
39
25.59
30.86
30.08
40.19
25.73
42.13
35.31
33.21
23.86
32.53
35.15
37.47
30.43
42.45
36.69
30.67
24.32
37.3
35.45
37.98
29.94
35.94
38.7
31.29
30.84
37.95
34.55
30.53
26.19
36.24
33.33
29.11
27.72
39.08
34.42
29.11
31.18
37.32
31.85
32.85
29.42
39.56
33.68
33.81
26.12
39.41
34.35
28.57
26.34
39.94
34.73
34.08
30.59
37.7
33.29
36.39
31.45
42.46
35.93
35.3
29.53
40.35
34.07
25.92
32.93
46.1
27.67
28.16
32.08
44.04
27.85
27.76
24.58
41.25
30.38
30.55
36.01
42.4
30.15
32.45
28.74
35.55
35.96
28.74
31.9
43.61
34.44
26.67
27.54
39.7
37.17
25.07
24.81
43.3
39.55
30.22
27.38
45.14
35.57
28.09
27.4
48.96
34.07
31.99
24.57
48.73
34.17
23.05
26.04
43.44
35.72
29.39
25.18
43.78
36.24
28.07
23.37
42.77
34.52
24.57
28.16
44.97
34.7
31.76
25.86
46.05
32.25
29.49
29.88
44.17
37.93
36.89
34.73
48.54
34.66
33.14
30.96
47.87
36.74
33.82
28.25
44.66
36.25
34
32.2
46.96
39.06
29.7
35.67
46.33
35.86
35.29
29.36
47.37
37.16
32.85
28.46
47.59
38.31
31.88
28.79
42.72
37.02
30.24
31.44
44.75
34.58
34.75
29.88
45.95
36.82
29.26
24.31
36.13
37.85
46
28.7
31.79
38.22
45.65
30.45
42.01
37.56
35.24
26.37
31.94
34.52
43.78
25.16
26.42
35.97
43.36
32.39
37.75
36.9
32.12
25.19
33.65
36.46
29.96
27.53
34.83
39.23
30.88
25.56
35.34
38.98
31.76
23.72
31.5
36.13
31.74
25.3
36.08
37.15
25.94
25.82
39.4
35.15
27.14
26.8
34.99
34.63
33
26.51
31.73
37.12
33.92
30.15
31.53
36.99
30.35
31.59
34.35
38.81
29.31
26.13
36.54
43.1
35.9
27.79
31.6
36.26
38.45
27.77
35.44
34.06
29.25
25.4
29.21
36.92
39.47
25.81
32.27
35.89
30.12
28.1
29.44
35.49
32.44
27.57
32.56
36.79
30.62
26.92
35.57
38.51
34.67
23.64
38.07
39.21
29.78
28.45
36.36
37.05
40.78
31.07
36.76
35.38
31.75
31.69
35.81
38.76
40.86
33.34
40.39
36.12
37.44
27.96
32.83
36.59
36.94
31.4
29.44
36.98
39.26
26.85
24.48
34.07
40.1
25.57
45.5
34.91
24.66
26.49
22.83
29.65
40.13
30.53
42.4
36.53
28.41
33.03
28.91
34.88
38.95
36.74
30.67
34.84
40.55
32.81
39.95
31.17
34.39
32.81
30.21
38.53
43.9
31.43
40.32
32.82
32.27
37.35
40.04
35.48
31.88
32.95
39.27
38.7
23.57
37.3
40.39
29.01
30.79
35.94
35.63
36.11
27.27
32.08
36.09
34.07
25.9
41.64
37.31
37.78
22.47
35.64
43.77
39.36
29.93
32.05
36.27
33.06
30.58
39.56
31.62
32.97
28.45
37.61
40.4
34.26
24.28
29.2
40.01
34.44
31.58
31.87
40.58
34.28
33.09
28.27
39.79
36.28
32.44
31.07
36.85
35.71
33.22
27.05
37.47
34.93
31.36
32.69
34.1
31.97
27.54
29
35.97
32.49
35.37
31.47
38.09
31.96
28.25
31.87
37.8
33.08
28.22
31.95
39.55
31.26
27.41
27.36
39.53
41.92
32.01
33.79
38.03
32.66
28.36
30.33
33.27
35.12
26.65
33.63
38.53
36.78
32.87
28.61
34.96
38.85
30.41
36.12
38.53
38.01
26.49
30.34
39.46
37.95
36.26
30.6
35.91
34.84
21.89
32.14
37.2
39.97
33.51
34.27
40.44
40.25
29.07
29.75
39.07
41.32
27.77
29.81
41.69
38.27
25.02
31.06
37.71
40.71
22.35
31.2
38.07
39.99
29.11
29.69
37.37
38.29
25.5
28.96
38.84
38.71
33.27
28.69
37.04
37.82
27.11
35.1
42.19
35.76
34.35
32.6
35.65
37.98
27.2
32.71
38.39
35.73
27.3
30.22
35.81
34.55
21.53
34.29
37.28
38.54
30.91
33.16
33.33
34.34
30.25
27.93
37.58
40.15
24.07
35.82
37.16
40.06
31.07
32.47
37.49
36.25
28.26
35.42
40.46
41.32
28.83
35.48
33.78
37.61
36.75
35.72
42.19
32.61
32.72
32.82
30.16
35.86
40.77
33.09
26.16
35.3
38.93
33.39
38.33
34.29
27.66
37.2
26.39
34
36
35.96
25.83
34.54
35.05
35.74
35.43
33.02
25.71
33.83
26.9
36.03
37.25
35.7
38.58
37.2
23.9
33.64
22.87
32.22
37.47
32.26
41.59
34.11
28.42
36.1
38.7
33.61
30.56
33.48
33.29
33.59
42.07
28.47
29.04
37.64
39.37
34.62
42.11
35.62
29.31
38.19
28.79
37.76
40.16
37.98
29.49
34.83
40.29
33.01
38.96
35.42
34.69
34.71
32.95
32.59
41.73
39.79
31.88
37.2
24.68
35.78
25.96
39.9
37.76
35.91
28.99
38.98
38.31
32.93
40.43
40.93
32.27
31.36
33.12
43.34
34.62
28.72
37.78
37.41
27.67
30.75
33.13
38.09
33.31
32.96
30.55
35.47
33.23
30.59
31.1
38.49
29.93
32.68
28.75
36.29
37.35
28.2
31.22
36.94
32.76
31.35
34.8
35.39
27.3
33.93
35.9
34.61
30.43
33.55
32.92
36.38
29.85
33.13
40.81
35.6
28.53
33.45
40.23
42.84
26.87
31.38
34.68
36.46
30.87
31.4
38.71
36.92
29.36
28.69
33.29
38.66
33.7
27.51
38.54
37.05
23.32
31.11
38.21
32.16
31.86
24.31
40.23
37.67
33.21
29.6
40.78
34.74
27.35
28.53
36.56
38.26
27.35
28.69
39.38
35.75
30.76
26.76
40.2
33.07
29.25
30.49
39.46
44.9
28.77
27.62
36.29
38.39
30.1
24.56
40.44
39.74
23.25
23.23
38.67
39.97
31.6
27.92
36.73
37.74
31.38
26.09
37.89
41.49
33.03
30.58
34.68
42.17
29.94
25.35
32.2
43.15
33.33
28.7
29.32
27.38
29.14
46.35
32.16
44
33.25
26.89
25.5
41.85
30.6
27.75
25.48
45.5
32.67
26.45
26.78
44.1
34.11
27.51
32.93
39.36
33.08
28.16
33.78
28.76
35.43
39.15
33.8
42.11
27.98
31.03
33.12
42.87
29.77
24.78
25.64
27.91
30.42
39.9
31.91
29.35
26.76
39.83
28.72
30.49
29.54
48.87
26.74
44.79
28.35
30.52
26.96
31.02
30.07
49.6
25.84
31.31
34.47
45.31
32.87
48.45
35.31
33.33
30.31
33.21
30.93
43.71
28.65
30.23
24.59
43.56
28.6
39.67
24.98
31.22
26.61
42.79
26.06
31.09
26.55
41.56
23.9
29.84
31.12
39.95
24.17
33.67
29.58
44.24
24
40.41
29.21
42.52
27.42
32.93
26.1
48.39
28.29
34.51
23.8
46.26
28.04
31.19
26.23
47.73
26.13
29.66
26.25
43.94
29.25
29.73
29.63
43.31
25.8
36.98
31.81
40.45
32.75
32.27
37.42
40.43
29.14
31.42
28.07
37.7
31.83
31.85
29.65
37.27
30.82
30.77
35.92
38.81
26.11
26.97
33.52
38.78
32.97
26.77
26.71
40.91
34.85
27.28
38.94
39.76
31.37
32.7
32.75
38.19
37.58
22.51
25.54
37.14
33.01
33.33
41.87
33.89
29.75
25.53
28.8
36.31
33.34
25.51
24.88
35.79
41.73
26.92
34.17
37.96
22.32
32.53
22.84
38.64
35.3
31.12
29.99
40.54
28.61
29.87
22.69
39.67
35.54
37.22
26.42
40.86
29.4
35.28
32.62
39.06
24.95
37.13
30.61
46.2
35.04
33.68
35.44
41.79
32.55
30.5
31.91
46.14
40.52
28.51
34.48
43.62
35.08
29.99
26.79
46.38
34.95
38.45
25.59
43.52
32.8
31.6
28.4
40.01
33.83
32.67
32.12
47.47
29.48
24.55
25.07
42.31
32.2
25.16
31.56
43.04
27.66
30.2
25.1
39.96
31.65
30.94
34.88
44.15
29.26
28.51
31.47
43.68
25.96
25.75
30.77
47.62
29.06
32.65
36.58
44.06
27.84
32.26
32.66
44.26
30.44
36.51
34.77
46
32.48
30.32
31.27
44.09
29.49
31.03
33.93
42.95
30.25
37
35.45
46.1
28.59
26.13
30.53
43.61
29.34
29.7
30.38
44.28
29.11
29.15
29.01
42.3
34.24
33.54
32.55
41
27.33
30.95
34.61
43.62
28.51
27.64
32.54
47.12
28.46
27.85
35.85
45.44
28.93
33.4
33.77
45.22
29.38
32.62
37.7
43
26.04
35.02
32.13
42.93
22.63
35.13
32.85
48.6
32.45
30.04
31.26
44.7
27.07
34.44
36.18
41.51
31.23
26.14
36.69
42.46
26.07
26.86
36.31
40.43
23.28
33.96
33.85
43.77
26.43
29.65
36.15
50.19
28.62
24.57
38.18
39.68
27.23
36.6
37.8
42.65
28.38
32.17
40.54
43.48
20.78
29.7
39.22
41.63
25.11
31.27
34.99
45.32
30.68
32.63
37.11
46.84
22.7
33.42
32.76
46.61
27.71
36.94
31.08
43.54
30.22
36.85
32.18
39.27
32.6
38.34
34.67
41.54
30.45
36.99
34.45
44.18
35.25
35.43
35.59
41.72
27.73
32.87
34.39
40.76
28.55
35.3
34.25
46.43
26.81
33.92
35.71
45.42
32.01
33.07
30.79
40.66
34.03
31.98
37.71
43.59
29.4
34.78
34.96
46.11
36.35
30.08
38.97
42.51
35.82
38.19
37.65
46.49
33.83
36.47
40.31
45.9
30.44
33.98
38.23
46.59
35.12
34.07
36.7
42.39
35.91
27.45
39.23
40.79
29.47
35.16
36.08
40.26
33.29
29.54
41.16
38.63
32.17
29.23
38.93
39.81
28.36
31.33
33.49
37.42
37.25
27.66
43.24
41.93
32.49
33.92
27.6
36.41
39.76
36.54
23.61
36.45
46.42
32.38
38.23
35.7
28.44
28.63
27.02
42.91
45.16
28.18
27.53
38.25
40.2
27.2
47.17
34.85
26.76
24.64
25.39
37.35
43.87
33.06
39.52
36.37
23.08
24.21
28.53
34.5
43.75
25.18
44.18
36.8
33.19
27.16
44.06
37.05
32.76
31.29
28.62
41.06
43.82
26.68
45.15
41.8
32.1
30.83
28.11
37.49
45.67
29.25
28.72
40.17
46.51
27.24
23.13
41.33
46.15
27.5
44.65
38.08
25.47
23.82
19.13
36.25
41.42
28.29
43.1
39.06
25.83
28.95
22.96
41.4
48.05
27.1
27.58
40.95
40.96
29.38
48.59
40.26
27.83
31.23
42.36
39.4
28.22
24.06
43.73
36.52
31.62
24.96
48.78
37.6
31.05
27.37
44.04
38.98
38.29
23.02
47.91
38.73
40.68
30.28
47.67
38.72
35.7
29.66
42.1
38.3
31.51
31.94
43.53
44.28
32.59
27.52
46.25
45.94
35.34
26.8
46.73
42.63
33.78
24.02
43.81
44.05
32.03
32.44
35.4
45.56
46.23
25.82
45.54
43.02
32.44
31.09
27
44.43
44.23
28.93
41.22
43.63
32.22
33.05
28.67
44.92
46.55
35.35
38.47
43.2
45.63
28.49
44.94
41.51
33.92
33.25
29.53
46.46
46.8
42.27
37.27
44.72
28.66
28.35
37.12
43.9
22.26
29.25
39.7
37.41
28.89
30.33
35.31
39.08
29.96
30.42
33.59
36.01
26.7
29.73
38.45
35.71
31.57
34.74
35.68
36.61
35.15
29.49
37.74
37.99
30.89
31.04
34.68
34.31
27.96
34.31
35.44
39.75
29.93
32.78
29.19
39.78
30.53
32.32
37.95
33.12
30.71
29.38
35.27
34.61
33.22
35.43
35.11
37.45
30.14
33.68
36.99
36.9
31.89
30.3
32.35
38.33
28.99
30.74
37.61
33.92
28.33
27.79
38.72
36.55
29.04
27.29
34.34
33.29
28.08
35.3
36.95
35.28
33.64
32.14
34.01
34.34
27.25
29.75
36.57
36.18
33.03
36.78
33.4
37.01
30.34
31.09
32
42.24
28.73
31.19
35.03
35.84
25.66
28.62
38.22
36.35
25.9
30.5
39
41.02
23.18
32.96
38.4
43.72
23.47
31.79
33.24
42.68
31.82
35.49
29.74
41.19
28.41
33.06
38.29
39.45
29.74
33.11
37.86
37.27
27.07
34.72
37.64
38.51
28.87
27.68
37.02
41.11
32.4
26.88
35.83
33.68
27
28.99
38.57
37.87
25.5
31.75
38.74
34.15
29.52
32.65
41.43
37.21
29.06
30.12
25.95
40.36
35.65
28.97
29.14
37.38
39.22
33.58
38.94
37.64
28.53
34.72
29.77
38.97
36.49
30.24
37.05
37.45
29.49
30.04
30.28
34.19
31.9
31.7
39.69
34.95
27.98
32.45
24.85
36.23
33.42
31.21
26.53
37.6
34.72
35.21
27.31
34.59
35.9
34.3
35.52
35.9
31.56
34.73
29.24
36.49
37.67
39.72
38.02
35.25
34.07
31.99
30.98
35.9
37.92
32.85
33.36
36.29
32.23
34.5
34.45
37.22
30.87
31.58
32.99
37.15
30.79
29.86
36.14
35.26
34.83
32.85
34.31
36.22
27.76
30.27
33.93
38.91
29.35
34.36
35.64
36.49
28.17
30.16
33.37
31.1
25.84
35.93
29.9
32.45
33.22
30.87
32.5
36.29
30.89
31.01
31.23
35.43
31.68
32.32
31.23
33.85
31.97
36.08
29.68
35.08
36.29
34.78
32.83
37.37
30.91
33.52
27.15
34.28
33.28
38.64
34.06
30.54
26.23
37.31
29.64
39.11
31.88
29.52
30.04
27.05
34.7
42.94
35.74
35.76
31.43
35.23
30.59
36.02
33.89
34.27
30.13
35.68
33.04
38.85
34.69
35.11
31.97
39.46
29.95
41.27
32.91
34.45
29.15
33.91
28.65
36.96
33.07
34.21
30.73
41.05
36.16
34.69
28.99
32.34
39.32
23.04
27.96
40.48
36.03
27.35
26.84
39.16
37.74
38.6
27.77
29.17
34.38
25.81
29.85
38.69
33.97
28.24
29.63
38.18
34.72
38.56
25.81
26.51
33.57
31.23
24.68
40.49
33.4
29.48
27.24
38.19
31.64
34.84
31.09
28.5
36.33
26.53
28.26
32.13
32.45
33.82
24.32
32.31
36.88
30.18
32.24
32.48
37.95
29.39
30.71
36.76
30.28
34.09
31.26
29.92
36.16
35.89
29.75
30.91
30.68
36.7
29.96
27.33
35.35
32.62
36.35
34.13
40.64
32.39
31.63
33.77
37.18
33.22
31.39
30.89
34.18
33.73
31.43
26.97
30.78
32.47
29.99
24.34
30.98
35.09
31.4
27.95
36.26
31.32
34.93
32.66
32.24
31.22
35.21
29.66
34.85
33.58
32.56
32.7
32.29
33.11
32.47
35.54
37.12
36.87
29.05
35
36.58
29.4
31.33
31.31
39.48
34.25
27.86
35.17
36.79
32.51
33.6
30.75
35.46
35.13
35.87
29.88
33.57
38.03
30.55
34.97
37.81
35.7
33.99
32.89
39.88
37.26
26.46
30.07
34.38
34.95
25.22
27.83
29.75
38.85
33.66
29.36
29.03
38.57
39.84
27.41
36.98
35.68
28.51
29.12
31.73
35.94
31.19
29.28
31.81
38.02
32.34
27.74
31.19
37.99
35.92
28.28
30.42
35.95
32.1
27.11
30.32
37.33
34.76
34.99
37.04
41.7
28.15
33.7
35.32
37.76
32.42
25.58
32.02
36.33
34.77
27.93
35.67
37.28
36.64
31.92
36.44
37.88
30.83
30.04
37.04
40.32
28.8
27.72
30.13
39.46
35.34
31.07
34.19
35.75
38.25
31.64
35.72
34.42
31.59
29.71
38.83
32.5
33.56
25.99
33.27
31.07
27.63
29.85
33.68
34.57
34.95
29.73
36.5
37.98
36.74
29.47
30.32
34.85
35.06
32.91
37.35
41.3
30.96
30.19
28.26
36.6
36.35
32.79
32.49
34.94
32.03
35.19
36.55
34.77
34.61
37.27
33.92
34.83
35.18
30.62
34.28
35.75
32.51
32.19
34.44
36.18
37.8
31.71
33.83
34.29
34.78
34.2
31.06
37.52
35.3
37.7
34.71
36.42
28.31
32.19
34.21
35.58
35.78
37.15
35.11
37.52
35.29
38.49
33.88
36.35
33.28
32.92
35.38
38.06
34.9
31.13
34.11
36.43
32.5
34.28
29.32
34.4
33.09
34.56
29.1
36
31.62
24.41
27.88
35.92
30.02
30
24.13
33.43
31.57
33.63
29.74
35.86
24.36
26.09
32.81
38.11
32.21
25.58
32.53
32.54
37.33
25.96
32.74
33.85
26.41
31.63
30.02
38.37
39.51
32.48
35.13
37.11
35.08
29.05
36.7
33.26
31.1
32.71
31.82
40.83
31.34
33.66
38.47
40.51
29.7
33.62
37.96
37.96
25.92
29.42
38.36
35.76
34.88
31.63
41.27
36.49
36
30.45
39.63
35.4
33.12
31.01
38.81
38.29
32.8
33.64
36.84
37.35
34.87
29.58
42.03
35.03
33.86
31.6
40.58
34.73
34.79
32.01
41.07
35.49
35.63
26.13
38.13
33.82
32.61
28.63
43.23
30.34
30.39
33.44
40.7
28.65
27.05
29.4
39.9
32.67
27.85
33.74
41
32.92
32.36
33.47
41.09
35.41
27.41
32.02
40.59
34.86
27.28
29.8
44.2
33.29
30.89
28.95
38.69
34.24
28.32
25.21
39.04
29.83
32.71
29.36
33.73
37.51
25.66
26.29
39.24
27.92
34.18
28.77
35.64
35.94
32.2
27.99
41.18
35.18
32.82
30.33
38.74
31.05
37.14
26.04
39.77
36.87
34.56
29.65
35.27
32.13
42.87
28.49
39.05
30.3
35.26
35.48
34.57
31.88
39.89
25.62
42.79
28.32
35.59
33.15
39.18
28.71
35.14
35.28
38.17
32.61
34.46
33.54
41.66
30.28
30.03
27.79
29.22
33.95
46.6
36.5
37.93
35.44
28.45
35.23
30.02
31.16
39.21
38.77
39.67
32.21
30.82
33.59
28.58
30.16
33.64
34.04
26.52
33.88
40.79
30.73
38.51
36.13
25.12
30.01
25.18
28.6
33.75
30.13
34.76
36.93
26.3
30.59
28.26
35.65
37.41
35.3
29.97
29.21
35.71
30.47
34.99
34.16
31.05
31.43
30.46
38.21
37.78
25.8
36.57
30.15
25.71
30.13
26.28
31.81
39.14
34.55
36.15
37.3
29.46
35.46
32.09
31.99
41.86
28.01
39.04
33.53
26.96
29.84
27.66
33.13
33.95
30.64
22.85
30.31
37.81
35.17
34.91
32.87
25.45
31.12
29.87
37.54
31.7
24.91
24.68
36.73
33.28
24.47
38.24
37.22
32.69
25.08
35.87
31.49
34.2
22.52
30.14
37.14
32.91
24.48
32.35
37.75
41.9
29.76
33.56
42
33.95
27.78
32.44
38.02
32.98
27.07
33.21
38.73
29.71
27.6
34.52
42.64
30.97
32.31
39.5
39.14
31.1
29.43
35.6
35.68
33.8
29.95
35.53
31.62
35.95
31.14
35.19
21.75
34.23
27.7
36.29
27.87
39.21
22.63
35.24
32.28
33.95
25.62
34.03
27.68
35.7
22.64
34.04
31.28
39.99
29.31
34.69
30.28
39.09
24.06
43.75
36.7
40.66
28.72
38.13
32.86
36.46
29.79
38.75
35.4
38.51
29.84
38.33
23.05
41.63
25.54
40.99
31.32
35.93
28.43
39.81
27.2
37.05
26.07
34.49
27.8
38.64
24.41
35.25
25.49
39.04
23.68
38.77
24.74
34.01
27.5
36.27
30.96
37.97
34.46
34.17
33.23
39.2
29.96
38.01
24.92
38.83
22.72
35.69
28.29
38.32
22.6
39.01
22.88
36.11
25.65
36
30.17
33.99
24.14
24.18
39.62
37.78
27.89
28.1
35.75
31.41
27.54
26.74
29.77
27.8
27.16
31.43
30.5
28.73
30.68
27.8
27.76
31.7
29.96
31.62
29.89
34.88
31.14
34.29
32.82
31.27
28.67
31.38
31.63
35.52
31.21
31.23
30.63
32.27
32.67
39.3
27.05
33.71
26.52
34.17
26.07
24.93
31.6
29.55
29.98
29.88
36.68
28.47
29.51
33.15
25.97
30.84
32.35
32.76
29.33
32.76
36.02
38.39
31.89
26.18
34.64
33.47
33.85
35.02
30.41
27.7
36.57
37.65
24.39
29.73
37.87
30.71
40.26
39.54
27.63
25.8
40.19
25.91
35.44
38.07
32.85
28.9
31.74
32.72
30.04
23.4
38.61
28.89
35.33
37.47
29.66
33.23
37.62
34.54
31.13
37.22
33.02
43.08
34.74
37.18
30.6
44.19
34.48
39.51
31.87
40.29
32.86
43.11
26.82
41.73
31.86
38.43
30.4
37.75
35
37.92
27.9
36.64
30.39
36.97
30.92
35.57
27.32
33.46
32.91
31.43
29.66
30.64
34.2
29.62
32.83
29.27
29
36.27
35.43
33.05
33
28.67
29.5
30.55
33.27
33.67
23.59
30.86
29.39
31.23
29.26
33.91
29.06
34.65
34.06
32.63
28.84
35.95
27.93
31.07
26.27
34.94
26.56
30.94
32.08
33.8
30.38
33.75
34.85
31.85
32.99
37.64
33.57
34.78
32.47
33.42
32.3
30.32
27.97
31.5
33.34
31.43
33.01
30.81
30.92
29.6
27.59
30.88
32.79
35.19
29.57
35.93
31.38
38.13
34.4
39.79
34.24
30.97
34.74
40.64
26.51
35.47
28.85
36.75
29.6
32.65
28.19
25.73
36.47
34.71
31.25
29.62
34.41
34.57
40.85
28.68
35.27
34.88
31.8
26.89
35.56
35.08
30.2
30.5
32.35
28.85
37.34
33.05
35.67
34.11
38.44
41.64
34.37
25.23
37.89
33.61
37.42
40.94
32.08
33.85
35.4
43.28
35.51
36.56
34.63
38.36
34.5
36.21
29.18
35.18
34.48
30.9
37.76
36.65
35.94
32.92
38.54
27.69
41.96
31.45
40.64
48.68
28.97
30.24
44.6
36.87
30.83
37.86
30.82
42.52
28.36
39.35
28.47
43.72
29.28
46.93
24.06
42.44
21
36.03
24.81
34.91
22.32
33.82
24.42
41.52
23.61
38.08
26.94
36.64
25.68
36.25
23.81
35.57
27.27
35.19
25.83
33.61
25.2
31.11
24.77
34.01
18.01
37.18
19.41
38.15
27.93
31.56
25.77
40.64
25.98
32.81
27.12
36.64
29.54
37.93
30.87
34.66
27.72
30.85
25.86
36.31
31.16
37.79
32.24
38.84
35.38
34.23
34.78
37.08
34.82
41.94
35.17
33.92
30.47
37.28
34.67
32.33
31.31
41.07
32.14
36.04
27.41
32.61
24.85
36.73
28.7
35.4
29.33
36.43
30.02
35.27
29.21
34.65
30.48
33.65
27.84
35.99
30.04
36.92
32.51
32.78
29.23
31.06
34.72
36.74
26.09
31.64
28.86
36.06
26.72
35.88
30.34
30.12
32.85
34.33
23.75
34.25
26.91
33.49
24.08
29.2
32.26
28.14
26.74
33.91
30.73
28.43
32.27
32.79
25.95
34.03
28.24
28.91
27.84
26.89
28.6
31.6
24.59
32.47
26.9
34.75
31.77
35.71
26.59
32.45
32.49
35.17
31.43
36.82
29.8
31.88
33.78
32.4
32.06
35.4
28.22
33.81
27.4
35.91
32.3
31.78
20.9
31.59
26.62
31.37
27.1
35.84
24.3
38.7
27
38.04
25.14
38.75
25.69
22.87
37.71
36.71
25.69
39.94
24.87
24.57
41.37
34.81
27.36
35.62
23.79
26.95
35.58
34.25
29.56
25.09
35.83
33.15
24.12
24.12
32.64
23.9
37.35
26.72
37.3
34.94
19.81
28.62
35.75
28.37
35.01
35.66
24.36
30.33
34.82
31.26
23.93
25.57
33.06
35.09
30.86
31.1
29.96
26.49
34.09
36.58
26.88
37.09
38.88
29.71
36.86
38.21
34.68
28.67
43.18
42.34
26.88
30.33
37.63
37.63
31.83
39.35
31.34
36.97
27.28
41.81
32.61
42.17
24.48
38.33
31.47
36.13
27.44
41.23
29.06
38.26
33.2
44.42
28.75
38.05
29.53
37.91
35.09
40.2
31.97
41.52
34.83
37.1
27.51
45.08
31.08
40.53
26.2
42.54
29.94
43.86
27.16
43.04
30.43
41.48
31.41
39.67
29.4
30.18
31.96
32.29
32.13
33.68
37.36
37.41
29.86
38.36
24.93
35.68
23.14
43.21
26.87
44.21
26.54
35.21
28.99
37.82
25.91
43.74
31.22
37.17
25.65
40.45
29.45
39.48
25.26
40.89
32.48
43.65
23.48
28.26
37.61
19.6
44.14
44.99
26.17
29.95
46.09
48.03
31.12
26.8
40.82
23.32
43.09
44.8
27.23
26.31
37.05
29.97
36.77
34.44
42.47
34.34
36.72
38.3
33.79
27.87
46.89
34.09
33.93
28.71
30.92
27.83
40.88
39.98
28.16
26.38
46.73
27.96
36.87
40.89
27.88
31.77
42.05
43.46
27.55
29.37
41.47
30.04
43.93
28.43
47.5
47.42
26.28
48.27
28.7
38.21
26.62
39.98
26.86
39.34
31.98
43.34
32.51
39.75
32.66
36.51
29.46
44.58
33.11
43.46
27.17
45.1
28.24
46.12
30.55
47.05
29.6
38.65
29.62
40.21
28.34
42.78
31.43
42.14
27.04
33.93
44.42
42.97
31.51
41.19
28.61
44.59
30.6
42.89
27.89
37.06
27.78
40.56
33.12
34.13
30.43
41.36
30.59
38.87
30.72
38.6
29.43
36.17
33.2
36.52
29.29
41.94
26.32
36.01
32.26
37.2
32.26
32.91
32.32
33.4
35.4
34.08
35.94
35.01
34.17
36.83
32.51
35.49
31.75
36.25
34.26
33.83
35.81
32.85
36.97
34.83
37.99
35.35
40.3
37.66
36.32
34.2
41.5
32.87
36.66
34.32
36.36
37.1
36.27
37.62
41.39
36.25
42.14
37.71
39
44.39
42.34
46.98
36.4
40.11
33.23
43.09
41.67
42.53
39.27
37.32
32.1
38.6
39.45
37.67
34.19
40.23
36.57
39.05
39.16
44.95
41.23
40.76
35.28
40.91
36.93
45.61
34.83
40.95
35.75
42.72
30.72
37.37
33.38
39.17
32.34
40.6
32.17
42.36
30.81
36.38
29.44
44.7
28.83
39.76
31.86
39.99
33.93
44.7
27.28
44.38
35.73
43.79
35.54
42.12
25.12
38.54
31.6
40.79
32.02
45.85
34.95
44.48
33.13
43.53
29.14
31.32
47.18
42.1
32.66
37.14
42.21
39.6
34.45
30.56
43.41
29.49
40.68
43.46
29.6
25.92
40.48
48.21
29.48
26.09
44.41
29.22
42.14
49.06
25.69
29.6
49.95
32.76
48.41
28.37
45.28
44.93
31.55
27.9
50.51
32.86
51.65
51.91
31.17
26.51
49.45
50.91
27.7
30.92
43.66
43.73
28.52
30.71
43.02
42.94
27.78
50.07
32.44
32.63
45.61
33.84
48.61
45.82
24.88
29.25
48.96
48.02
31.4
31.67
38.52
42.95
32.4
44.62
33.73
42.23
31.77
44.02
32.27
40.09
34.46
42.89
24.13
40.88
26.95
45.37
26.29
47.43
21.5
41.76
28.36
41.57
27.03
34.47
29.84
46.75
29.41
45.07
26.91
46.57
34.64
46.82
32.18
47.52
37.02
50.08
32.11
46.54
36.78
42.99
28.79
40.94
32.94
39.05
36.95
35.94
34.41
33.43
34.62
37.15
34.74
34.43
35.98
36.85
30.7
31.88
31.65
31.8
32.07
36.51
36.92
36.18
34.26
35.12
31.65
33.29
26.26
30.51
27.06
27.1
37.3
33.59
31.42
32.9
31.05
33.2
30.16
36.97
28.09
37.36
26.81
33.72
27.02
34.77
29.25
29.75
27.44
37.74
24.1
35.75
24.8
37.94
29.95
36.27
29.83
38.06
31.31
35.32
29.21
36.87
30.94
