3.9299
3.9842
5.3863
7.7110
2.4976
3.8598
3.9200
3.8184
2.6487
3.9646
2.6215
3.4720
4.2288
3.8632
3.8410
2.9386
4.1357
2.5367
2.5649
2.5261
4.5439
4.4559
2.4057
2.4220
2.3900
2.3956
2.3388
2.4238
2.4466
2.8901
4.4510
4.0336
4.3262
4.1213
2.4496
2.4478
2.4563
2.4320
2.5680
2.4485
2.5007
2.4186
4.2671
2.4279
2.3867
2.4008
2.4670
2.3591
2.4541
2.6921
2.4006
2.4145
2.4321
2.3959
2.3711
2.4419
4.0599
3.9214
4.2193
4.0218
2.5608
2.6033
2.4911
2.4783
2.5601
4.0256
3.8865
4.4313
2.4946
2.4194
2.6122
2.4842
2.4473
2.4708
2.5148
4.2386
3.9448
4.1955
3.4845
3.4483
2.4968
2.6566
2.5166
2.4556
2.5463
4.2595
4.1014
3.3604
3.8708
4.2096
4.1302
2.5899
2.5231
2.4859
2.4532
4.3570
4.1117
3.4423
3.8946
4.4336
2.4228
3.9218
3.9361
4.2869
4.3020
2.4829
2.4928
2.3908
2.6286
2.3756
2.3961
2.3917
3.8944
3.9974
2.7901
4.1335
3.6641
2.7135
3.9330
3.7534
4.5576
2.3905
3.9647
2.3750
2.3423
2.4665
2.3353
4.0169
4.1469
2.8159
3.3349
2.3641
3.9671
2.3513
3.9858
3.9604
4.8239
4.0709
3.9195
4.0510
3.7841
3.9542
3.7140
4.2690
4.2675
4.0243
4.2041
4.0520
3.3927
2.5110
2.5412
2.6168
2.4447
4.2363
4.1219
2.4511
3.9985
4.1163
2.4560
2.3798
2.4111
2.4169
2.3709
2.3747
2.4713
4.1108
4.1089
2.4124
2.3739
2.5422
2.3935
2.3784
3.8055
3.9992
2.2915
3.6460
3.9409
3.0670
3.9706
3.8775
3.4808
3.9416
3.9170
3.5544
3.8632
3.9415
4.3294
2.9376
2.5105
2.6342
2.4140
2.9989
9.5419
3.0432
16.4694
2.9521
9.5626
3.0963
2.3774
4.4043
4.4234
2.4202
2.6538
2.4771
4.1869
3.9699
3.4215
3.7037
3.7944
3.6417
3.5470
3.7680
4.2336
3.4796
2.4017
2.3678
2.4177
3.9221
3.9873
4.3677
3.8398
3.4160
4.1630
4.2143
3.5518
4.4076
4.0640
2.4765
2.4678
2.4689
2.3771
2.3754
2.3853
2.4332
2.5226
2.4547
2.3849
2.6398
2.4135
2.3932
2.4472
2.4162
2.3884
2.4126
2.3842
2.5042
2.4904
2.5198
2.4493
2.3784
3.6963
4.1540
4.1599
3.4714
3.8328
4.3914
4.0120
4.0319
2.4187
4.0775
4.3589
2.3970
2.4507
2.5946
2.6209
2.5199
2.3787
2.3728
2.3908
2.4011
2.4418
2.4141
2.3677
2.9171
2.3804
2.4690
2.5343
2.4558
2.3831
2.3709
2.3899
2.4656
2.4512
2.4510
2.4141
4.1087
4.0810
2.4083
2.4484
2.4063
2.4068
2.3876
2.4116
3.9543
4.0587
2.3897
2.3854
2.4134
2.4040
2.4016
4.1943
4.0425
2.3931
3.9785
4.0996
3.6859
3.6344
3.9215
4.2831
3.9097
4.1175
4.3575
4.0564
3.7455
3.3242
3.7121
3.7181
4.0570
3.8503
3.5355
4.2055
3.5743
3.6466
3.5578
3.7962
4.4781
4.0600
4.0087
4.1671
3.6810
3.5991
2.9705
2.3771
2.3933
2.6925
2.6812
2.4257
2.4265
2.4656
2.4777
2.4362
2.4333
2.4022
2.5881
2.4028
2.5902
2.5852
2.9211
2.3934
2.5325
2.4470
2.3866
2.4699
2.5663
2.4951
2.4065
3.7336
3.7788
3.5101
3.7056
4.3745
3.4719
4.3021
4.5053
3.8130
3.6234
3.7944
3.5986
4.2469
3.5249
3.7098
4.1375
3.2037
3.6699
3.5372
3.4091
4.4297
3.8691
3.5041
4.1277
4.0269
4.0353
4.2823
3.8883
4.3641
2.6462
2.6365
2.4510
2.3933
2.5777
2.4171
2.5818
2.8478
2.6113
2.4112
2.4784
2.4441
2.4093
2.4418
2.5028
2.6029
2.4391
3.3379
2.4093
3.9722
3.4556
2.7267
4.0885
2.3546
3.5703
4.0709
2.4624
4.1889
3.6049
3.8103
4.0533
3.4426
3.4868
2.5102
2.5706
2.5281
2.4729
2.4122
2.5986
2.4757
2.5306
2.4342
2.3735
4.3674
4.1095
3.7461
3.7753
2.4198
2.4720
2.3995
2.5263
3.0893
2.9767
2.9645
3.5420
2.5837
2.6977
3.0506
3.6459
2.3540
2.6736
2.9728
3.7088
2.5698
2.7056
2.7151
3.7674
3.6041
3.8790
3.5402
3.9606
4.2258
3.2564
3.5319
2.9106
2.6878
3.8379
3.9948
4.1080
4.6289
3.8610
3.9901
2.5218
3.9107
4.0269
2.4079
2.3746
2.6831
3.7217
4.2283
3.9567
3.8540
3.5807
3.8638
2.5327
2.5490
4.4237
4.1043
3.9236
4.4195
4.3146
3.7476
2.4128
2.3858
2.4137
2.6438
2.4654
2.4819
2.4070
2.3908
2.3598
2.4603
2.4297
2.4649
2.4836
2.4208
2.4161
3.8134
4.0560
4.2378
2.4951
3.9657
4.1771
2.2891
2.2528
2.4787
2.3545
2.3050
2.3441
4.0148
3.9732
2.4450
2.2673
2.3432
2.4435
2.2713
2.4129
2.3921
4.1114
2.3542
2.4011
2.4026
4.0617
2.3788
4.1955
4.1570
2.5008
2.3637
2.4197
2.4072
2.3827
2.3938
4.1119
4.1499
2.4302
2.3689
2.3956
2.4356
2.3642
2.4065
3.5267
3.9835
3.5978
4.2705
3.4668
4.0706
2.5155
2.4153
2.5567
2.3969
2.3750
2.3885
2.3925
2.3759
2.7281
2.3907
2.5256
2.5457
2.4080
4.2438
4.3404
2.3934
2.4508
2.4234
2.4299
2.4839
2.4608
2.4069
4.2630
4.2321
4.3682
4.0882
4.3209
4.2175
4.2609
2.4075
2.5970
2.4565
2.5518
3.8102
4.0483
3.7726
3.9328
3.8441
4.3407
3.7118
4.3519
4.3139
4.2683
3.6499
3.4572
4.2549
2.8651
3.5087
3.7171
3.1693
4.2010
3.6560
3.4569
4.0965
3.6580
2.3668
4.0088
2.4598
2.3779
3.9888
5.2037
4.7146
6.3106
4.1324
3.9091
3.1739
2.3959
2.4084
2.3936
3.7582
3.8301
2.4791
2.5070
2.4621
2.4330
3.8709
3.9947
3.9693
2.4604
2.5211
2.4552
2.4574
4.1236
3.3787
4.2498
3.8488
3.8506
3.6387
4.2310
2.4767
2.5354
2.5120
2.5503
3.7803
3.7765
4.2344
4.0123
2.8513
2.8249
2.5654
2.5135
3.7820
3.6530
3.8083
3.5274
2.8085
2.5637
2.5153
4.2313
4.4530
3.7325
3.8458
3.6822
2.4355
2.5863
2.5527
2.6586
2.3382
2.4886
2.4897
2.5172
2.3825
2.3901
2.4144
2.4115
2.5049
2.4422
2.4843
2.4808
2.6559
2.5201
2.5342
2.3595
2.5521
2.5029
2.4790
2.3871
2.3986
2.7237
2.3540
2.5279
2.4067
2.3726
2.4905
2.5087
2.3537
3.9495
3.4280
4.1577
3.7886
4.1423
4.7266
3.1312
4.1758
3.4025
4.3146
3.3732
3.9265
3.6959
4.2301
3.3749
4.1494
4.1459
2.4992
2.5154
2.4370
2.4084
2.6212
2.4207
2.7139
2.6104
2.6546
2.4892
2.5919
2.5478
2.6012
2.4866
2.4814
2.4087
2.9758
2.5027
2.4675
2.3822
2.4447
2.3970
2.4790
2.4189
2.3953
2.3740
2.5339
2.4240
4.2552
3.7170
3.7895
2.4051
2.3646
2.4111
2.5782
2.4627
2.3707
2.3403
2.6445
2.3926
2.4211
2.3960
2.3937
2.4843
3.4322
3.4528
3.4859
3.5216
3.3316
3.3748
3.2365
3.5664
3.6896
3.3961
4.0706
3.5725
2.3918
4.1922
3.4901
4.2098
3.3733
3.7489
3.5454
2.5958
3.9470
3.9215
3.9311
3.9986
2.3674
3.9562
3.9409
3.9094
3.8331
2.4797
3.9419
3.9500
3.9178
3.9446
4.0118
2.3659
2.4465
2.2406
2.8740
2.3512
2.1537
3.8501
2.2862
2.3220
2.8824
2.2965
2.1856
3.7478
2.3912
2.4166
2.5384
2.4757
2.3836
2.4098
2.3791
2.4448
2.3880
2.5348
3.0316
3.9186
3.7803
2.7460
2.4647
2.5168
2.3701
2.4673
2.4477
2.4290
2.6730
4.0987
4.1393
3.8625
3.6252
4.2716
3.9209
4.4196
3.7373
3.8962
4.0701
4.0623
4.4214
3.7602
3.5477
3.9440
4.3009
3.7222
4.2160
2.6044
3.2122
4.0720
4.2028
3.4858
3.7419
4.4172
3.8293
3.9792
3.5914
3.7163
2.3565
2.4099
2.5039
2.6205
2.4250
2.4563
2.4520
2.4853
2.4667
2.4493
2.4174
2.4316
2.4828
2.9290
2.4474
2.7613
2.4829
2.4206
2.6182
2.5434
2.6614
2.4697
2.6025
2.4097
4.1390
3.6843
4.0282
4.1079
3.6845
3.7005
4.1048
3.2100
4.2348
3.0854
3.5867
4.2629
3.3339
3.5461
3.7652
3.7460
4.5113
3.8320
3.6314
4.3054
4.4620
4.3826
3.7680
4.4082
4.0264
3.8878
3.5080
4.2938
3.7252
2.3996
2.5016
2.5020
2.4295
2.4012
2.4053
2.5000
2.4220
2.6564
2.6844
2.6185
2.4258
2.6939
2.3928
2.4392
2.4639
2.5832
2.5282
2.4603
2.3823
2.3948
2.5078
2.5732
2.5144
3.2041
4.2399
3.5240
3.8290
3.9642
4.1990
3.9832
3.9399
4.4584
4.2878
3.5798
4.1226
4.6689
3.6795
3.7029
3.6348
3.5683
4.0526
3.7901
3.4313
4.1642
3.6408
3.5734
3.3752
3.6356
4.4549
3.9186
4.0990
3.6877
2.2751
2.4181
2.4872
2.6488
2.6966
2.4954
2.5092
2.5407
2.5104
2.4321
2.3632
2.8456
2.4942
2.6498
2.5936
2.8799
2.4436
2.5893
2.4957
2.3974
2.4507
3.4330
2.5890
2.3434
3.1995
4.6716
4.5892
3.1431
4.3383
3.5471
3.5317
4.2181
4.0467
3.2678
4.7316
3.6062
3.9097
3.5386
4.0617
3.4268
4.4133
4.6258
3.0819
4.3525
2.3217
2.3985
2.2628
2.2343
2.4806
2.3119
4.1053
2.3470
2.4706
2.5104
2.5941
2.4716
2.6085
2.8220
2.5235
3.6196
3.7066
3.8478
3.7328
2.9351
4.1465
2.6426
4.0935
4.1832
2.4220
2.3982
2.4023
2.3932
2.3429
2.3916
2.6098
2.4960
2.4463
2.4717
2.4435
4.3249
4.1022
3.3407
3.8962
4.1419
3.4358
3.7676
2.5811
2.5102
2.4644
2.4899
4.2416
3.8754
4.1373
4.1771
2.4469
2.8162
2.4933
2.4338
2.4640
2.4680
4.3053
3.9266
4.3726
2.4270
2.4456
2.6079
2.5012
2.4645
2.4158
2.4809
3.2556
4.0890
4.1491
2.4399
4.3147
4.0435
3.4701
2.4348
2.4511
2.6072
2.5765
4.0062
4.0392
3.8785
4.2111
4.1412
2.5915
2.4903
2.3610
2.4049
4.1875
4.1749
4.2395
4.1772
3.6458
2.5339
2.5105
2.5744
2.4180
2.3937
3.9818
4.4216
4.1999
4.2046
3.7087
2.5105
2.4814
2.6088
2.4475
2.4349
2.4115
4.3543
3.7439
4.2382
4.1602
3.7583
2.5081
2.4272
2.4567
2.3591
2.4602
2.4159
4.2409
4.4778
4.2821
4.1974
3.7437
2.5128
2.5901
2.4289
2.5358
2.4092
3.6853
4.1570
4.0609
3.9182
3.8861
2.4929
2.4925
2.5453
2.3652
2.4182
2.4548
3.6405
3.9739
4.3266
3.8337
3.8454
2.4711
2.5047
2.5903
2.3988
2.4420
2.4480
2.3940
3.7597
4.2686
3.6896
4.0188
3.7659
2.4671
2.3947
2.4869
2.4040
2.4729
2.4295
2.4008
4.2331
4.1274
3.9249
4.0592
3.7960
2.4391
2.5009
2.5816
2.3948
2.4796
2.3900
3.9787
4.3707
3.9468
4.0034
3.8690
2.4337
2.5014
2.5375
2.4136
2.4462
2.4969
4.0870
4.2518
2.4668
2.5589
2.5343
2.4698
2.3929
4.0711
4.1908
3.9891
3.8763
3.9046
2.5287
2.5817
2.4136
2.5147
2.4141
3.7868
2.4598
2.4417
2.4616
2.6025
2.5191
2.6385
2.4553
2.4199
2.4230
3.7396
2.4349
2.6253
2.4512
2.5659
2.4899
2.5483
2.6201
2.4171
4.1421
2.4306
2.6308
2.4019
2.5465
2.6491
2.4957
4.0447
3.9674
4.2448
2.4156
2.8304
2.7239
2.4465
2.5171
2.4945
2.6184
2.4978
3.7761
3.7606
3.7039
3.6302
4.0910
2.4385
3.5441
3.7866
3.6247
3.7417
2.5289
2.4394
2.5922
2.4920
3.4615
4.1756
4.3151
3.5909
3.6735
3.8126
3.9735
2.3653
2.4592
2.4807
2.5874
2.4105
2.4912
2.5284
4.2063
3.6267
3.7741
2.3975
2.4026
2.4885
2.3991
2.3924
2.5826
2.3538
2.4070
2.4726
2.3841
2.4189
3.9963
3.9215
3.7450
3.9781
4.0947
2.4062
2.3847
2.5080
2.9829
2.4465
3.9575
4.0344
2.3446
2.4468
2.2712
2.3483
2.4422
2.2733
2.5388
4.1735
4.1555
2.3997
2.3891
2.4177
2.3934
2.4006
2.3628
4.0553
4.3983
3.3317
2.4141
2.4035
2.4020
2.2457
4.1530
4.2020
2.4164
2.3584
2.4034
2.4302
2.3681
2.3857
3.5870
4.2468
3.5714
4.1625
3.5582
4.1661
3.2436
2.4141
2.7664
2.6332
2.6664
2.4607
2.5820
2.4145
2.5485
3.8134
3.8649
2.6314
4.3459
3.8155
3.7202
4.2731
3.4537
2.6956
2.6178
2.5606
5.4115
5.3948
2.9775
2.8719
2.7959
2.7852
4.3285
4.6075
4.6324
4.6515
4.6623
4.4790
4.6327
4.6419
4.6567
4.6491
4.1162
4.6863
4.6557
4.6599
4.6654
4.6457
4.4164
4.6695
4.6447
4.6666
4.2381
4.6757
4.7141
4.7176
4.6572
4.2058
4.7079
4.7107
4.7035
4.6254
3.5462
2.5993
3.8109
3.3582
3.6277
2.8286
4.1208
4.4145
3.6957
3.7958
4.1220
2.6517
2.5522
3.7098
3.9563
2.3963
2.4437
2.4388
2.3569
4.0142
2.3223
2.4528
4.0556
4.0166
4.3974
3.8246
3.4416
4.1552
4.1813
3.5408
4.4022
4.1224
2.4709
2.4240
2.5152
2.3764
2.3721
2.3959
2.4283
2.5156
2.4999
2.3731
2.5658
2.3684
2.3928
2.4456
2.4125
2.3940
2.3700
2.3947
2.4930
2.4974
2.5476
2.4640
2.4157
2.4282
4.2590
4.0664
2.3943
2.3376
2.4518
2.4453
2.3816
2.3311
2.3980
2.4005
2.3819
2.3871
4.5381
4.5306
2.4001
2.3690
2.5437
2.3993
2.4359
2.3724
2.5406
2.4168
2.3633
4.1438
4.0715
2.4561
2.2855
2.4851
2.4456
2.2668
3.1095
2.9243
3.3846
2.7804
3.1017
2.9115
3.4041
2.7893
2.4026
4.0787
4.0863
2.3865
2.3715
2.4151
2.3909
2.3822
4.2945
2.7935
2.4021
2.4397
2.4014
2.4198
2.4074
2.4282
2.4736
2.7004
2.4222
2.4301
2.4243
2.5107
2.4024
4.1890
4.1632
2.3876
2.4142
2.8068
2.4553
2.3902
4.0388
4.1097
2.4127
2.3783
2.4011
2.4129
2.3884
2.3945
3.6162
3.5941
3.6580
3.5094
3.5977
3.6091
3.6517
3.5168
3.6792
3.7144
3.5613
3.6462
3.4374
3.9202
2.5478
2.5805
2.5946
2.3995
3.0858
3.7751
3.6862
19.8836
3.0571
3.8155
3.6772
2.4707
3.9913
2.4907
3.9547
4.1107
4.6201
4.0376
4.8052
3.7551
4.3753
5.4640
3.5952
4.7582
2.8691
2.5308
3.9275
3.7882
2.9511
3.7813
3.2943
2.8660
3.7115
3.8476
2.5205
2.5825
2.4018
2.4886
2.4626
2.3184
3.0485
9.7262
3.0818
2.9830
9.6431
3.0572
13.5664
3.0208
9.6684
3.2208
2.9353
9.5653
3.0570
2.2742
2.3115
4.0411
2.2938
3.9885
3.9962
2.3161
3.9783
4.1279
3.7048
4.3875
3.6225
3.6292
4.0334
4.4051
4.2934
4.1420
3.4616
4.0751
4.3857
4.0295
3.6915
4.2305
3.7221
3.9301
3.7547
3.6600
3.6470
3.4993
4.3921
3.9115
4.0252
3.3816
3.6390
4.1493
3.8326
3.9578
4.2851
2.3886
2.4071
2.8958
2.5887
2.5126
2.4622
2.5547
2.5197
2.4803
2.5584
3.0644
2.6840
2.4441
2.6332
2.4361
2.3943
2.4358
2.5157
2.3860
2.4977
2.3977
2.6757
2.5598
2.4292
2.3158
2.9500
2.3216
2.3373
2.6828
2.3019
3.5189
4.2088
4.3072
2.3969
2.5292
2.4569
2.7677
2.4050
2.3824
2.4098
2.3987
2.5124
2.4581
2.5125
2.4052
2.3781
4.5200
4.3699
2.4086
2.3694
2.4224
2.4099
2.4037
2.3576
2.4259
2.4241
4.0228
4.1345
4.4265
4.3622
4.3014
2.5258
2.4107
2.4118
2.3929
2.7002
2.4573
2.4255
2.4261
2.4224
2.6256
3.0251
2.4222
2.4540
2.4522
2.4433
2.5507
2.4658
2.4474
2.4514
2.4537
2.5162
4.1514
2.4867
2.3652
2.4498
2.5004
2.4936
2.6652
2.4556
2.4384
2.3942
2.4288
4.2991
4.0328
2.3897
2.4138
2.4053
2.3992
2.3622
4.0201
4.0178
2.4180
2.3811
2.3990
2.4496
2.3773
2.4054
2.5225
4.1727
4.2133
2.4084
2.3725
2.8766
2.4368
2.3490
3.4904
4.1506
5.2435
3.5151
3.7602
2.3876
2.4266
2.5529
2.4027
4.4009
4.4102
2.3895
2.4908
2.4101
2.4042
2.3902
2.4743
2.4011
2.4300
2.4180
2.3834
2.4247
2.3936
2.3759
2.6409
3.9800
3.7665
3.8623
4.1800
3.8403
3.8644
2.5080
2.4265
2.6527
2.5585
2.6334
3.6994
3.9743
4.0366
2.3334
2.4228
2.3732
2.4105
3.9952
4.0287
2.3274
2.4251
2.3604
4.3706
4.0952
3.8123
3.8990
4.2543
3.8348
4.2193
3.7584
4.0750
3.7303
4.2731
3.5157
2.4167
2.3857
2.4093
2.4855
2.5101
2.4094
2.5003
2.4337
2.4994
2.3574
2.3740
2.3906
2.4114
2.4655
2.4833
2.4040
2.4502
2.5710
2.4690
2.4184
2.4274
3.7587
4.1356
3.7607
3.9577
3.8154
4.3971
3.1679
4.0053
3.8696
3.9304
3.8212
4.3706
2.4078
2.5744
2.4160
2.4565
2.4096
2.6202
2.4967
2.4430
2.3863
2.4149
2.4292
2.4913
2.4585
3.1138
2.4269
2.6262
2.5139
2.3941
2.3812
2.9514
2.7652
3.1965
2.7910
2.3961
2.4245
2.5690
2.4146
