3.7748
3.7547
3.7626
3.7381
3.7458
3.9008
3.7188
3.7665
3.7301
3.7496
3.7238
3.7958
3.7669
3.7757
3.7517
3.7759
3.7402
3.7383
3.7649
3.7756
3.7503
3.7504
3.8231
3.7614
3.7203
3.7704
3.7735
3.7168
3.7613
3.7435
3.7711
3.7552
3.7697
3.7122
3.8374
3.7471
3.7648
3.7375
3.7406
3.7582
3.7645
3.8120
3.7826
3.7337
3.7480
3.7145
3.7304
3.9078
3.7755
3.7381
3.7713
3.7458
3.7484
3.7471
3.7597
3.7402
3.7812
3.7406
3.7203
3.6968
3.7434
3.7955
3.7456
3.7455
3.7303
3.7284
3.7066
3.7655
3.7458
3.7236
3.7593
3.7485
3.7337
3.7765
3.7654
3.7220
3.7680
3.7721
3.7711
3.8147
3.7514
3.7483
3.7365
3.8154
3.7582
3.7211
3.7733
3.7126
3.7318
3.7268
3.7605
3.7323
3.7658
3.7620
3.7528
3.7222
3.7376
3.7815
3.7596
3.7619
3.7443
3.7874
3.7717
3.7747
3.7525
3.7359
3.7401
3.8175
3.7751
3.7353
3.7508
3.7745
3.7600
3.7150
3.7197
3.6877
3.7388
3.7521
3.7727
3.7478
3.7277
3.7611
3.7170
3.7603
3.7422
3.7232
3.7677
3.7215
3.7396
3.7407
3.6960
3.7210
3.7745
3.6555
3.7837
3.7899
3.7471
3.6947
3.7470
3.7708
3.7584
3.7983
3.7379
3.7450
3.7812
3.6485
3.7701
3.8094
3.7538
3.7654
3.7546
3.6773
3.6898
3.7911
3.7626
3.7603
3.7707
3.7609
3.6768
3.7601
3.7151
3.7442
3.7501
3.7732
3.7261
3.7770
3.7467
3.7424
3.6987
3.7699
3.7315
3.7971
3.7348
3.7359
3.7482
3.7732
3.6749
3.7258
3.7458
3.7394
3.6584
3.7694
3.7098
3.7338
3.7603
3.7315
3.7293
3.7723
3.7274
3.6970
3.7303
3.7248
3.7367
3.7759
3.7102
3.7081
3.7299
3.7249
3.7689
3.7611
3.7516
3.7087
3.7168
3.7220
3.7520
3.7687
3.7176
3.7115
3.6772
3.7351
3.6810
3.7730
3.7134
3.7291
3.6817
3.7175
3.7511
3.7718
3.7544
3.7458
3.7068
3.7340
3.7310
3.7670
3.7550
3.7470
3.6972
3.7157
3.8126
3.7629
3.7365
3.7422
3.7144
3.7254
3.6864
3.7454
3.7296
3.7476
3.7362
3.7518
3.7092
3.7312
3.7050
3.7619
3.7300
3.7297
3.7242
3.7009
3.7408
3.7250
3.6867
3.7251
3.6828
3.7633
3.7285
3.7392
3.6983
3.7216
3.7407
3.7350
3.7459
3.7312
3.7075
3.7249
3.7451
3.7156
3.6578
3.7584
3.7033
3.7240
3.7491
3.7343
3.7052
3.7290
3.7152
3.7401
3.7125
3.7355
3.7010
3.7369
3.7585
3.7387
3.7306
3.7469
3.7383
3.7235
3.7707
3.7178
3.7556
3.7584
3.7117
3.7151
3.7634
3.7118
3.7170
3.7667
3.7373
3.6967
3.7684
3.7378
3.7670
3.7691
3.7028
3.7329
3.7711
3.7277
3.6884
3.7674
3.7619
3.7162
3.7688
3.7460
3.7391
3.7713
3.6796
3.7502
3.7565
3.7408
3.6435
3.7699
3.7629
3.7054
3.7664
3.7202
3.7176
3.7762
3.7507
3.7326
3.7601
3.7317
3.7391
3.7682
3.7342
3.7659
3.7682
3.7584
3.6489
3.7679
3.7757
3.7462
3.7656
3.7229
3.7522
3.7737
3.7687
3.7547
3.7731
3.7257
3.6942
3.7637
3.7420
3.7373
3.7670
3.7299
3.7333
3.7730
3.7426
3.7579
3.7422
3.7235
3.7209
3.7557
3.7608
3.7434
3.7314
3.7334
3.8842
3.7456
3.7195
3.7501
3.6996
3.7356
3.7365
3.7318
3.7170
3.7259
3.7670
3.7379
3.6833
3.7385
3.7253
3.7349
3.7400
3.7066
3.7323
3.7168
3.7458
3.7198
3.7159
3.7525
3.6805
3.7390
3.7424
3.7451
3.7401
3.7393
3.7254
3.7677
3.7441
3.7286
3.7334
3.7382
3.7157
3.7004
3.7653
3.7365
3.7493
3.7362
3.7551
3.7286
3.7561
3.7266
3.7398
3.7230
3.7216
3.7369
3.7486
3.7478
3.7782
3.7442
3.7254
3.7553
3.7331
3.7614
3.7484
3.7375
3.7448
3.7652
3.7334
3.7659
3.7252
3.7330
3.7275
3.7491
3.7263
3.7397
3.7367
3.7345
3.7483
3.7635
3.7145
3.7582
3.7286
3.7189
3.7269
3.7491
3.7921
3.7541
3.7651
3.7211
3.6872
3.7646
3.7772
3.7428
3.7397
3.7179
3.7802
3.7502
3.7812
3.7433
3.7264
3.7456
3.7944
3.7631
3.7354
3.7427
3.7579
3.7268
3.7505
3.7599
3.7075
3.7287
3.7213
3.7060
3.7662
3.7450
3.7731
3.7369
3.7188
3.7277
3.7573
3.7613
3.7031
3.7340
3.7205
3.7557
3.7847
3.7493
3.7380
3.7269
3.7168
3.7397
3.7997
3.7612
3.7119
3.7729
3.7020
3.7188
3.7884
3.7541
3.7153
3.7525
3.7158
3.7305
3.7432
3.7831
3.7437
3.7409
3.7428
3.7336
3.7465
3.7922
3.7527
3.7535
3.7291
3.7433
3.7152
3.7824
3.6991
3.7373
3.6855
3.7282
3.7748
3.7898
3.7045
3.7554
3.7232
3.7384
3.7305
3.8073
3.7235
3.7532
3.7069
3.7332
3.7686
3.8182
3.7547
3.7648
3.7114
3.7329
3.8020
3.8101
3.7275
3.7510
3.7083
3.7190
3.7656
3.8167
3.7279
3.7638
3.7439
3.7431
3.7238
3.7965
3.7629
3.7512
3.8266
3.7255
3.6777
3.7960
3.6807
3.7462
3.7431
3.7260
3.7694
3.7963
3.7133
3.7546
3.8032
3.7699
3.7164
3.7972
3.6910
3.7401
3.8123
3.7587
3.8017
3.7201
3.7411
3.7485
3.7626
3.7197
3.7229
3.7360
3.7203
3.7609
3.7488
3.7153
3.7490
3.7291
3.7442
3.7499
3.7586
3.7423
3.7477
3.7542
3.7172
3.7600
3.7399
3.7396
3.7812
3.7542
3.7209
3.7252
3.7490
3.7461
3.7626
3.7621
3.7015
3.7093
3.7656
3.7525
3.7620
3.7607
3.7352
3.7109
3.7564
3.7467
3.7719
3.7578
3.7274
3.6848
3.7585
3.7100
3.7954
3.7622
3.7093
3.6844
3.7087
3.7415
3.7280
3.7499
3.6651
3.7409
3.7134
3.7372
3.7253
3.7590
3.7097
3.7787
3.7028
3.7556
3.7793
3.7471
3.7599
3.7779
3.7183
3.7379
3.7187
3.7071
3.7696
3.8313
3.7280
3.7419
3.7713
3.7117
3.7716
3.8015
3.7327
3.7399
3.7847
3.7035
3.7288
3.8457
3.7927
3.7470
3.7628
3.7761
3.7748
3.8042
3.8022
3.7319
3.7306
3.7568
3.7567
3.7011
3.7889
3.7392
3.6883
3.7457
3.7363
3.8182
3.7984
3.7395
3.7412
3.7133
3.7127
3.7354
3.7935
3.7363
3.7304
3.7334
3.7256
3.7804
3.7938
3.7453
3.7303
3.7576
3.7473
3.7462
3.7969
3.7571
3.7269
3.7712
3.7788
3.7794
3.7953
3.7445
3.7719
3.7180
3.7674
3.7362
3.7938
3.7477
3.7272
3.7310
3.7500
3.7509
3.7939
3.7484
3.7567
3.7738
3.7375
3.6956
3.7911
3.7424
3.7453
3.7696
3.7360
3.7458
3.7954
3.7480
3.7737
3.7622
3.7545
3.7584
3.7334
3.7248
3.7210
3.7231
3.7439
3.7382
3.7467
3.7200
3.7548
3.7512
3.7067
3.7354
3.7115
3.7186
3.7491
3.7319
3.7254
3.7185
3.7676
3.7580
3.7452
3.6855
3.7003
3.7716
3.7459
3.7327
3.7220
3.7405
3.7354
3.7576
3.7348
3.7247
3.7189
3.7321
3.7470
3.7370
3.7067
3.7381
3.7510
3.7572
3.7345
3.7251
3.9660
3.7472
3.7615
3.7218
3.6935
3.7021
3.7666
3.7338
3.7284
3.7506
3.7567
3.7375
3.7343
3.7303
3.7144
3.9428
3.7009
3.7356
3.7497
3.7356
3.6912
3.7308
3.7390
3.7580
3.7809
3.8466
3.7124
3.7337
3.7395
3.6462
3.7774
3.7302
3.7352
3.7057
3.7629
3.7657
3.7102
3.7394
3.7305
3.7553
3.7395
3.7453
3.7198
3.7482
3.7696
3.7690
3.7017
3.7900
3.7339
3.6891
3.7623
3.7259
3.7762
3.7410
3.7571
3.7228
3.7451
3.7231
3.7699
3.7291
3.7575
3.7331
3.7786
3.7698
3.7193
3.7628
3.6963
3.7795
3.7737
3.7992
3.7770
3.7200
3.8046
3.7320
3.6699
3.7586
3.7227
3.7788
3.7727
3.7922
3.7535
3.7291
3.8129
3.7709
3.7286
3.7482
3.7147
3.7503
3.7742
3.8057
3.7668
3.7172
3.7122
3.7526
3.6500
3.7692
3.6952
3.7487
3.7424
3.7862
3.7357
3.7390
3.7544
3.7208
3.7482
3.7562
3.6889
3.7805
3.7486
3.7449
3.7254
3.7664
3.7793
3.7464
3.7485
3.7685
3.7370
3.7360
3.7499
3.7286
3.7365
3.7220
3.7501
3.7481
3.7521
3.7782
3.7569
3.7690
3.7175
3.7593
3.7606
3.7199
3.7720
3.7184
3.7430
3.7403
3.7287
3.7618
3.7269
3.7549
3.7472
3.7302
3.7656
3.7208
3.7460
3.7376
3.7642
3.7257
3.7364
3.7350
3.7469
3.7713
3.7632
3.7234
3.7424
3.7365
3.7746
3.7242
3.7337
3.7527
3.7675
3.7408
3.7511
3.7313
3.7744
3.7393
3.7417
3.7736
3.7249
3.7718
3.7549
3.7379
3.7622
3.7380
3.7443
3.7048
3.7425
3.7705
3.7318
3.7507
3.7223
3.7496
3.7517
3.7340
3.7184
3.7270
3.7642
3.7448
3.7282
3.7026
3.7225
3.7600
3.7411
3.7364
3.7618
3.7294
3.7644
3.7447
3.7421
3.7666
3.7314
3.7474
3.7397
3.7740
3.7156
3.7152
3.7260
3.7756
3.7619
3.7156
3.7360
3.7497
3.7796
3.7742
3.7353
3.7420
3.7203
3.7242
3.7726
3.7261
3.7525
3.7509
3.7275
3.7717
3.6909
3.7535
3.7098
3.7691
3.7043
3.7740
3.7474
3.7359
3.7682
3.7573
3.7278
3.7423
3.6728
3.7536
3.7511
3.7383
3.7466
3.7483
3.7432
3.7340
3.7001
3.7706
3.7523
3.7148
3.7265
3.7707
3.7090
3.7133
3.6786
3.7548
3.7590
3.6821
3.7338
3.7467
3.7306
3.7236
3.7300
3.7367
3.7176
3.6903
3.7554
3.7249
3.7548
3.7166
3.7298
3.7362
3.7283
3.6867
3.6735
3.7527
3.7038
3.7186
3.6769
3.7253
3.7655
3.6909
3.7348
3.6935
3.7120
3.7072
3.7298
3.6913
3.7505
3.7142
3.7229
3.7180
3.7210
3.7224
3.7131
3.7128
3.7465
3.7398
3.7174
3.7254
3.7341
3.6991
3.7279
3.7238
3.7163
3.7557
3.7338
3.7283
3.7263
3.7151
3.7474
3.7055
3.7368
3.7359
3.7256
3.7224
3.6969
3.7321
3.7419
3.7347
3.7179
3.7281
3.7334
3.7347
3.7500
3.7420
3.7417
3.7384
3.7558
3.7158
3.6754
3.7366
3.7267
3.7327
3.7344
3.7288
3.7720
3.7952
3.7511
3.7946
3.7569
3.7922
3.7187
3.7927
3.7844
3.7502
3.7476
3.7651
3.7465
3.7488
3.7635
3.7659
3.7332
3.7526
3.7491
3.7638
3.7538
3.7816
3.7174
3.7305
3.7815
3.7597
3.7167
3.7490
3.7527
3.7623
3.7616
3.7488
3.7644
3.7373
3.7692
3.7765
3.7571
3.7684
3.7472
3.7627
3.7622
3.6936
3.7308
3.7585
3.7419
3.7281
3.7569
3.7646
3.7346
3.7358
3.7561
3.7152
3.7471
3.7340
3.7632
3.7252
3.7397
3.7688
3.7504
3.7507
3.7190
3.7594
3.7336
3.7151
3.7103
3.7628
3.7952
3.7453
3.7012
3.7746
3.7231
3.7443
3.7689
3.7233
3.7447
3.7493
3.7187
3.7248
3.7522
3.7198
3.7445
3.7604
3.6619
3.7465
3.7330
3.7477
3.7318
3.7348
3.7381
3.7211
