3.3211
3.3293
3.3006
3.3187
3.3761
3.2753
3.3116
3.2455
3.3642
3.3591
3.3409
3.2445
2.8542
3.3701
3.0714
3.1701
3.0357
3.0518
3.1345
3.0816
2.9890
2.9889
3.1579
3.1737
3.1060
3.0454
3.0893
3.1713
3.2732
3.1033
2.9829
3.0798
3.0148
3.0730
3.2806
3.1977
3.1713
3.0564
3.1351
3.1968
3.1870
3.0184
3.0178
3.2721
3.1880
3.0972
3.2032
3.0619
3.2568
3.1791
3.2066
3.1670
3.1768
3.1350
3.0883
3.0269
3.0910
3.0064
2.9771
3.0553
3.2322
3.1261
3.1577
3.2611
3.0689
3.0963
3.0161
2.9943
3.1978
3.2053
3.1296
3.1558
3.1431
3.2668
3.0840
3.0372
3.0085
2.9961
3.1646
3.1475
3.1698
3.1369
3.1692
3.2503
3.0657
2.9839
3.0258
3.2144
3.0158
2.9846
3.0566
3.1244
3.1435
3.2711
3.0417
2.9690
3.0311
3.1999
3.0230
2.9834
3.1806
3.1465
3.0995
2.9262
3.0268
2.9665
3.1547
3.1007
3.2643
3.1217
3.3178
3.3669
3.3046
3.3409
3.3188
3.3380
3.4047
3.3199
3.3097
3.2756
3.2404
3.3246
3.3002
3.3569
3.3165
3.3273
3.3653
3.3420
3.3299
3.1643
3.3765
3.2984
3.3025
3.3399
3.3181
3.3383
3.1481
3.1304
3.3164
3.0800
3.1490
3.1057
3.1047
2.9730
3.0731
3.0060
2.9943
3.0108
3.1755
3.0378
3.1084
3.2370
3.0290
3.0333
3.0425
2.9782
3.1243
3.0947
3.0781
3.1775
3.1463
3.0730
3.1728
3.1503
3.0561
3.0815
3.0829
3.1587
3.1906
3.0092
3.1308
3.1737
3.2901
3.3796
3.3607
3.2575
3.3364
3.2223
3.0175
3.0055
3.1393
3.0198
2.9810
3.1499
3.0622
2.9609
3.0217
3.1865
3.0480
3.1468
3.1509
3.2089
2.9004
3.4380
3.0035
3.1976
2.8702
3.4356
2.9825
3.0271
3.0243
3.0261
3.0093
2.9699
3.0491
3.0713
3.3792
3.2261
3.1771
3.1538
3.3350
3.1250
3.1965
3.1579
3.2024
3.2334
3.0051
3.1506
3.1103
2.9791
3.0137
3.2435
2.9900
3.0372
3.1854
2.9856
3.0853
3.1203
2.9787
3.1625
3.0428
3.1053
3.0685
3.0704
3.1480
3.2538
3.1075
3.2231
3.1271
3.1672
3.0038
2.9301
3.1058
3.1281
3.0665
3.1214
3.1808
3.1660
3.2040
3.1265
3.1776
3.0540
3.0007
3.2321
3.0347
2.9674
3.0965
3.1016
3.0103
3.0848
2.9949
3.1546
3.2182
3.1224
3.1865
3.1340
3.0395
3.1005
3.0894
2.9356
3.0478
3.1158
3.0863
3.1910
3.1598
3.2315
3.1446
3.0683
3.0566
3.0958
3.0716
3.1689
2.9823
3.1692
3.0296
3.0755
3.0784
3.1724
3.2263
3.0217
3.1393
3.1921
3.0347
3.1288
3.0986
3.1287
3.2332
3.0217
3.1345
3.1886
3.0537
3.1114
3.0160
2.9246
3.0340
3.0569
3.1760
3.1620
2.9257
3.0728
3.0337
2.9043
2.9709
3.0836
3.0673
3.1159
3.1358
2.9425
3.0141
3.1786
2.9729
3.0361
3.0374
3.2099
3.0159
3.0258
3.0133
3.0675
3.0232
3.0095
3.1186
3.3432
3.1563
3.0054
3.1514
3.0666
3.0669
3.1743
2.9025
3.1412
3.1858
3.0699
2.9965
3.1431
3.0231
3.0668
3.0361
3.0767
3.1523
3.0754
2.9607
2.9536
3.1047
3.0934
3.1666
2.9847
3.1994
3.1116
3.0975
3.0785
2.9066
3.0896
2.9588
2.9925
3.0778
3.1936
3.0729
3.1037
2.9413
3.1735
3.0043
2.9133
3.1310
3.1372
3.0878
3.1031
2.9297
3.0236
3.0987
2.9985
3.0847
2.9701
2.9871
3.0521
2.8762
3.1705
3.1381
3.1209
3.1218
3.1488
2.9302
3.0532
3.0362
3.0244
3.1764
3.1015
2.9391
2.9201
3.1142
3.1249
3.2017
2.9861
3.1371
2.9938
3.3486
3.2815
3.3180
3.3784
3.3846
3.2466
3.3201
3.3156
2.9966
3.1938
3.1089
3.0101
3.1573
3.1630
2.9964
3.2263
3.0648
3.0509
3.1874
3.2087
3.1493
3.2221
3.0495
3.1993
3.0136
3.0881
3.0682
3.0865
2.9676
3.1414
3.1027
3.1306
2.7877
3.2879
2.6669
3.2656
2.9317
3.2783
2.6892
3.3095
3.1139
2.9030
3.1742
3.0396
3.2113
3.2085
2.8378
3.1047
3.1693
3.1066
3.1847
3.3255
3.4874
3.3466
3.3610
3.3571
3.3800
3.2495
3.3132
3.4164
3.3968
3.2815
3.3410
3.3249
3.2145
3.3212
3.3304
3.3587
3.0734
3.0453
2.9870
3.0062
3.0929
3.1981
3.0405
3.1581
3.1538
2.9642
3.0733
3.0567
2.9720
3.0405
3.1104
3.0777
3.1338
2.9293
3.1265
3.2779
3.1789
3.1646
3.0680
3.1255
2.9536
3.0731
3.2462
3.1456
3.2474
3.0288
3.0802
3.0480
3.0047
3.1604
3.1177
3.0614
3.0063
3.1107
3.1102
3.1862
2.9682
2.9585
3.0198
3.0357
3.1414
3.0824
2.9598
3.1403
3.0849
2.9524
3.0467
3.0269
3.2068
2.9760
3.1013
3.0318
3.2530
3.0568
3.0691
3.0783
3.1772
3.1597
3.0398
3.1770
3.1316
3.0791
3.0713
3.0358
3.1893
3.1600
3.0405
3.1808
3.1476
3.2385
3.0829
3.1647
2.9756
3.1963
3.0414
3.1042
3.0958
3.2360
3.0999
2.9917
3.0298
3.1125
3.1107
3.2161
3.1457
3.0854
3.0691
3.0025
3.0552
3.0226
3.2444
3.1915
3.1917
2.9941
3.3037
3.1861
3.1680
3.0121
3.0442
2.9951
3.0803
3.0001
3.0420
3.0242
3.1813
3.1351
3.1003
3.1997
2.9976
3.0208
2.9569
3.0715
3.1106
2.8982
3.0671
2.9635
2.9055
2.9278
2.9627
3.0188
2.8681
3.0994
3.0208
2.9998
3.1708
2.8528
2.9904
3.1506
2.9954
2.9898
3.3466
3.3224
3.3075
3.3738
3.3191
3.3398
3.3885
3.3468
3.3524
3.2990
3.3632
3.0866
3.4084
3.2399
3.1566
3.1570
3.1810
3.0799
3.1460
3.0105
3.1210
3.0470
3.1296
3.2270
3.1332
3.1916
3.0458
2.9886
3.2695
3.0432
3.1428
3.1155
3.1354
3.0774
3.2351
3.0985
3.1105
3.2006
3.2130
3.1796
3.0026
3.0630
3.1197
3.0552
3.0782
3.2287
3.1173
3.1277
3.1002
3.1556
3.2371
3.0863
3.0094
3.0264
2.9013
3.1185
3.2332
3.1479
3.0268
3.0485
3.1327
3.1484
3.3409
3.1763
3.3536
3.2984
2.9194
3.0612
3.1428
3.1889
3.1135
3.3112
3.0414
2.9805
3.2763
3.0589
3.3001
3.3843
3.2354
3.1649
3.2900
2.9325
3.0959
3.1908
3.1191
3.2171
3.2240
3.0553
2.9884
3.1998
3.0449
2.8863
3.1400
2.9247
3.0966
3.0624
3.0001
3.1785
2.8826
3.1429
2.9702
3.1187
3.0486
3.0103
2.9841
3.0938
2.9646
2.9786
2.9621
3.0387
3.0842
3.0702
2.9861
2.8872
3.0187
3.0203
2.9900
3.2062
3.0210
3.0838
3.0857
3.0954
2.9563
2.9226
3.0494
2.9744
3.1021
2.8840
2.8917
3.2313
3.1841
3.1566
3.0228
3.2417
3.2193
3.1795
2.9402
3.1483
3.1480
3.1038
3.1348
2.9575
3.2572
3.1332
3.1176
3.0620
3.0519
3.1438
3.2350
3.1538
3.1178
3.2074
3.0199
3.0556
3.0875
2.9989
3.0523
3.2528
3.1090
3.1393
3.1006
3.2096
3.1241
3.2655
3.0586
3.0847
3.2528
3.0998
3.2588
3.0982
3.1930
3.0293
3.3222
3.3176
3.3123
3.3191
3.3215
3.3159
3.3128
3.3004
3.2763
3.3367
3.3149
3.3163
3.3170
3.3126
3.3261
3.3531
3.2715
3.2146
3.3295
2.9456
3.0765
3.3513
3.1843
3.2621
3.3372
2.6057
3.0884
3.3289
3.0925
3.0454
3.2294
3.1498
3.1875
3.0218
3.1454
3.0212
3.1527
3.2045
3.1555
3.0275
3.1679
3.1010
3.2001
3.2045
3.1549
2.9537
3.1752
3.0833
2.9924
3.0226
3.0242
2.9560
3.1022
2.9810
3.0466
2.9112
3.1917
3.0956
3.0675
3.0020
2.9269
3.0121
3.0882
3.1607
2.8697
3.0972
2.9566
3.1389
3.1256
2.9437
2.9373
3.1618
2.9698
2.9866
3.0585
3.0893
3.1453
3.0219
3.1025
3.0203
3.0633
3.0147
3.0679
3.2220
2.9177
3.1752
3.0977
3.1932
2.9173
2.9692
3.1773
3.1327
3.1613
2.9993
3.1208
3.2617
3.0692
2.9854
3.0240
2.9469
3.0809
3.0221
3.0510
3.1944
2.9969
3.0420
3.0888
3.1789
3.0111
3.1482
2.8871
3.2019
3.0254
2.9008
3.2613
3.0720
3.0774
3.0723
2.9056
2.9794
3.0980
3.0130
2.9052
3.0004
3.1234
2.9456
3.0606
3.1013
3.1086
2.9930
3.0188
3.0533
3.2044
3.1563
3.1271
2.9131
2.8793
3.1029
3.1920
3.2233
3.0616
2.9602
2.9839
3.0937
2.9695
2.9366
3.2149
3.0475
3.1320
3.1451
3.1713
2.9159
3.0432
3.0144
3.2849
3.1966
3.0144
3.0950
3.0737
3.1260
2.9429
2.9833
2.9829
2.8706
2.9700
3.1161
2.8913
2.8587
3.0683
3.0001
3.0349
3.1040
2.9379
2.9779
3.1399
2.9627
2.9844
2.9850
3.2530
3.0618
2.9678
2.9967
3.0318
3.2442
2.9371
2.8830
3.0515
2.9946
2.9667
3.0307
2.8753
3.0901
3.1216
2.9714
2.7854
2.9668
2.8647
2.9598
2.9850
2.9559
3.0562
2.9744
2.8931
2.9122
3.1158
3.0667
3.0927
3.1730
3.3911
2.8490
2.9505
3.3549
2.8951
3.1106
3.1953
2.9316
3.0631
3.4198
3.0153
3.2118
2.8958
3.0564
3.0629
3.3332
2.9172
2.9562
3.3591
2.8704
2.9982
3.3388
3.4386
3.3228
2.9220
3.3787
2.9163
2.9296
3.2087
3.1559
3.2325
3.1173
3.2134
3.2874
3.0114
3.1178
3.1252
3.1606
3.0903
3.2304
2.9874
3.0477
3.0810
3.0541
3.0232
3.2379
3.1903
3.0429
3.1857
3.1308
3.1261
3.1682
3.1510
3.2748
3.0594
2.9674
3.0292
3.2116
3.0301
3.0205
3.1745
3.1338
3.1370
3.1589
3.2524
3.0662
3.0385
3.0196
2.9977
3.0372
3.1979
3.1195
3.1465
3.0182
3.2542
3.0518
3.0143
3.0118
3.0104
3.1572
3.2036
3.1287
3.1808
3.2156
3.0131
3.2627
3.1875
3.0422
3.0077
3.0549
2.9795
3.0460
3.1805
3.2391
3.0453
3.1110
3.0420
3.0630
3.0855
3.0224
2.9903
3.0861
3.1353
3.1472
3.2331
3.0452
3.0512
3.0360
2.9708
3.0429
3.2212
3.2847
3.1286
3.1953
3.2219
3.0346
3.0012
2.9919
2.9873
3.0463
3.2248
3.2546
3.1666
3.1863
3.2487
3.1616
3.0536
3.0326
3.1419
2.9736
3.0681
3.2102
3.2436
3.0564
3.1416
3.1533
3.1309
3.0477
2.9686
2.9846
2.9759
3.0500
3.2234
3.2390
3.1930
3.2510
3.2417
3.0489
3.1833
3.0580
3.0539
3.1259
3.1766
3.1192
3.1558
3.1785
3.1449
3.0806
3.0766
3.1476
3.0090
3.0232
3.1218
3.1628
3.1359
3.1754
3.1899
3.2044
3.1781
3.0772
3.0558
3.1384
3.0278
3.1610
3.0862
3.1932
3.1356
3.0741
3.1487
3.1509
3.1139
3.0734
3.0586
3.0396
3.0592
3.0259
3.0889
3.1822
3.1935
3.1190
3.1840
3.1660
3.1538
3.0572
3.0075
3.0217
3.0429
3.1113
3.1813
3.1632
3.1700
3.1740
3.2031
3.1947
3.1653
3.0487
3.0807
3.1026
3.2515
3.1014
3.0631
3.0717
3.0715
3.0479
3.0983
3.1279
3.1664
3.1255
3.1929
3.2125
3.1191
3.0253
3.1229
3.1818
3.1506
3.1852
3.1294
3.1635
3.1673
3.1747
3.1778
3.0234
3.1495
3.1765
3.1864
3.1750
3.1169
3.1459
3.1657
3.1840
3.2015
3.1134
3.0774
3.1907
3.0028
3.1812
3.2164
3.0950
3.0840
3.1079
3.0704
3.0212
3.2008
3.1095
3.2370
3.1676
3.1531
3.1410
3.2137
3.1316
3.0872
3.1052
3.1907
3.1227
3.0808
3.1665
3.0733
3.1298
3.0843
3.1358
3.1731
3.1281
3.1325
3.2511
3.0520
3.1132
3.2676
3.1040
3.0787
3.0208
3.0698
3.1846
3.1639
3.1960
3.1947
3.1734
3.1327
3.0908
3.1542
3.1425
3.1032
3.0805
3.1661
3.0419
3.1954
3.2436
3.0922
3.1028
3.1796
3.0723
3.2480
3.0953
3.0236
3.0451
3.0973
3.0029
3.0132
3.1435
3.1127
3.1406
3.0386
3.0380
3.0249
2.9618
3.1378
3.0845
2.9631
3.1499
3.0809
3.0676
3.0564
3.0565
3.1737
3.2116
3.0315
3.1492
3.1931
3.0471
3.1129
2.9970
3.2856
3.1979
3.0501
3.2307
3.1155
3.0733
3.0518
3.0566
3.1715
3.1404
3.0411
3.1810
3.1510
3.2007
2.9404
3.2368
2.9670
3.2122
2.9740
3.1551
2.9472
3.0198
3.0523
3.0550
3.1896
3.2467
3.1542
3.1710
2.8935
3.2096
3.1910
3.0958
2.8394
3.2636
2.8613
3.3132
3.3296
3.1918
3.2544
3.1741
3.1918
3.1989
3.2163
3.2183
3.2001
3.2854
3.0845
3.0949
3.0844
3.0856
3.1307
3.0846
3.0913
3.0764
3.0973
3.2335
3.0642
3.1047
3.0724
3.0868
3.0600
3.2563
3.0805
3.0982
3.0872
3.2982
3.0240
3.0293
3.0207
3.0722
3.2821
3.0258
3.0272
3.0175
3.0578
3.1808
2.9457
3.3400
3.2802
3.3032
3.0270
3.0153
2.9217
3.1814
3.1066
2.9636
3.1195
3.0840
3.2726
3.3124
3.3018
3.3055
3.3251
3.3206
3.3231
3.3115
3.0170
3.0896
3.0924
2.9623
3.0270
3.2397
2.9924
3.0417
3.1805
2.9940
3.0718
3.2061
2.9915
3.1757
3.0374
3.1044
3.0751
3.0785
3.1494
3.2436
3.1328
3.1970
3.1099
3.1193
3.0112
2.9680
3.0760
3.1301
3.0758
3.1278
3.1899
3.1492
3.2115
3.1963
3.0148
3.0317
3.0844
3.1449
3.2265
3.0522
3.1112
3.2033
3.0891
3.1416
3.0266
3.2261
3.0767
2.9764
2.9844
3.0260
3.1247
3.2432
3.1572
3.0509
3.1359
3.2375
3.1170
2.9382
2.9835
2.9926
3.0776
3.1142
2.9008
3.0539
3.1156
2.7337
2.6866
2.6908
2.7523
2.7344
2.6851
2.6956
2.7509
2.9433
3.0080
3.0117
3.0031
3.2040
2.9586
3.0313
3.2042
2.9327
3.1635
3.0576
3.1636
3.0287
3.1400
3.0241
3.1069
3.2699
3.1815
3.2487
3.2457
3.2262
3.1552
3.0358
3.0577
3.0647
3.1397
3.2285
3.1136
3.2174
3.1760
3.0925
3.0710
3.0296
3.2023
3.1473
3.0328
3.1965
3.1324
3.0726
3.1090
3.0589
3.0998
3.0823
3.0892
3.0400
3.1031
3.0953
3.0445
3.1112
3.0294
3.1801
3.1044
3.2347
3.0342
3.1439
3.1293
3.2790
3.0249
3.0649
3.1000
3.2570
3.0247
3.0869
3.1034
2.9922
3.3442
3.0239
3.1982
3.2176
3.3196
3.2134
3.4297
3.0782
3.3461
3.4070
3.1474
3.1317
3.2586
2.9888
3.0626
3.2475
3.0060
3.2851
3.0620
3.1556
3.1498
3.1308
3.1405
3.0646
3.1866
3.1662
3.0294
3.4691
2.9022
3.3509
3.4654
2.9815
3.2088
3.0006
3.4696
2.9243
3.3239
3.4459
2.9326
3.2131
3.0601
3.0419
3.3364
3.3162
3.3182
3.3181
3.3102
3.3278
3.3237
3.2139
2.8402
3.1140
3.1616
3.0532
2.9109
2.9061
3.0230
3.1178
3.0087
2.9965
3.0684
3.1419
3.0594
3.0129
2.9899
3.1079
3.0905
3.0203
3.2206
2.8665
2.9675
3.0501
3.1658
2.9754
3.0785
3.1149
3.0957
3.0278
3.2497
2.9143
2.9693
3.1078
2.9270
3.2003
2.9714
3.0533
3.1839
3.0967
3.0818
3.0173
3.0272
3.1559
2.9262
3.0177
3.2333
3.2222
3.2337
3.1299
3.1235
3.0066
3.1133
2.8558
3.3258
3.5020
3.0046
3.3261
2.9432
3.0167
3.1049
3.0353
2.9973
3.1323
3.1230
3.2449
3.0949
2.9121
3.1616
3.0180
3.1496
3.1002
3.2380
3.0730
2.9293
3.1315
2.9924
3.0162
3.0454
3.1175
3.1739
3.2466
3.0589
3.1505
3.1730
3.2103
3.1007
3.0425
2.9773
3.0029
3.0447
3.1860
3.1361
3.0957
3.0721
3.1549
3.2289
3.0824
3.0763
3.0795
3.1734
3.1997
3.1036
3.1949
3.1950
3.1881
3.1808
3.0363
3.1944
3.1632
3.1764
3.0779
3.0067
3.0261
3.2344
3.1283
3.1556
3.2160
3.1874
3.0992
3.1514
2.9731
2.9877
3.0014
3.0983
3.0819
3.2862
3.0060
3.2306
3.3566
3.1116
3.1038
3.0728
3.1855
3.1682
3.0778
3.1873
3.1604
3.0274
3.0582
3.0637
3.1680
3.1723
3.0332
3.1964
3.1928
3.2337
2.8898
3.2402
3.1001
2.9725
3.0410
3.3344
3.4504
3.0029
3.0370
3.0376
3.2545
3.2137
3.1632
3.0371
3.2250
3.1862
3.1408
3.0388
3.1174
3.2269
3.0168
3.0903
3.1903
2.8480
3.0873
3.1300
3.1687
3.0351
3.1596
3.1217
3.2233
3.1909
2.8822
3.1608
3.1729
3.2566
3.3160
3.3305
3.3174
3.3096
3.3275
3.3195
3.3172
3.3291
3.3206
3.3150
3.3214
2.9957
3.0646
3.1727
3.0740
3.0110
3.1016
3.0159
3.1700
3.0656
3.0700
3.0369
3.1170
3.0667
3.1593
2.9366
3.1843
3.2102
2.9785
3.0870
3.1649
3.1616
3.1522
3.0232
3.1542
2.9366
3.1732
3.1544
2.9932
3.0255
3.2189
3.1379
3.2142
2.9993
3.1349
3.0312
3.1332
3.0779
3.1331
2.9825
3.1484
3.0542
3.0436
3.0882
3.1401
2.9823
3.1430
3.1036
3.1590
3.0071
2.9922
3.2186
3.1386
2.9076
3.1113
3.0375
3.2449
3.0843
3.1963
3.0783
3.0072
3.2125
3.1587
2.9261
3.1361
3.3845
3.2875
3.1808
3.2437
3.0727
2.9963
3.2009
3.2938
