0.02351
0.03107
0.021
0.02856
0.02236
0.02394
0.02712
0.03135
0.0214
0.02157
0.031
0.02251
0.02516
0.02361
0.02628
0.0297
0.02404
0.02269
0.01003
0.02558
0.02278
0.02485
0.025
0.02937
0.00993
0.02566
0.0212
0.02441
0.03225
0.02719
0.02089
0.02716
0.02445
0.03065
0.02736
0.02555
0.02454
0.03043
0.03128
0.02418
0.02709
0.02379
0.02261
0.02847
0.02567
0.02382
0.02666
0.02789
0.02787
0.02411
0.02015
0.02389
0.02966
0.0275
0.03578
0.03164
0.02773
0.02593
0.02963
0.02564
0.02235
0.02977
0.02652
0.02414
0.02431
0.02958
0.02372
0.01683
0.01695
0.01958
0.03099
0.02554
