1.791
1.300
1.286
1.325
1.451
1.252
1.143
1.117
1.178
1.299
1.338
1.198
1.308
4.920
4.446
1.265
1.368
2.422
1.284
1.359
1.280
1.306
1.784
1.394
1.435
1.322
7.093
2.195
1.215
1.277
6.781
1.240
1.424
1.403
1.751
1.465
1.257
1.680
1.706
1.285
1.349
1.230
1.302
1.284
1.689
1.312
1.516
1.230
8.001
1.338
1.411
1.409
1.237
2.243
1.331
1.365
1.481
1.489
1.552
1.272
1.836
1.246
1.289
1.378
1.352
1.336
1.718
1.285
1.407
6.953
1.355
1.322
1.738
1.242
1.286
1.841
1.658
1.262
1.330
1.276
1.433
1.315
1.273
1.335
1.338
1.361
1.392
1.418
1.882
1.325
1.719
1.355
1.295
1.360
1.300
1.382
1.291
1.379
1.279
1.700
1.295
1.372
1.683
1.317
1.307
1.393
1.348
1.357
1.298
1.305
1.292
7.373
6.659
7.608
1.616
1.366
1.322
1.327
1.355
1.349
1.342
1.345
1.324
1.660
