 -27.4175674
 -27.3883888
 -27.4885688000001
 -27.3863832
 -26.6415322000001
 -25.318425
 -26.6450632
 -26.0333054
 -27.308601
 -26.6696745999999
 -27.3739186
 -27.3278232
 -27.3734314000001
 -27.3873516
 -26.4880397999999
 -27.3914572000001
 -27.4053734
 -27.4166102000001
 -27.4491708000001
 -27.3948416
 -27.3894089999999
 -27.3525699999999
 -27.4556117999999
 -27.4002411999999
 -27.4417082
 -27.5551143999999
 -27.4888936000001
 -27.5318536000001
 -27.5223682
 -27.5364716
 -27.5338829999999
 -27.5216956
 -27.5190207999998
 -27.503008
 -27.4678923999999
 -27.5405864
 -27.3783104
 -27.3983382
 -27.4358829999999
 -27.4656334
 -27.3018798
 -27.4583752
 -27.5145584000001
 -27.5961004
 -27.1269896000001
 -27.241285
 -27.2478928
 -27.2328770000001
 -27.2969042000001
 -27.5304241999999
 -27.3460602
 -27.2711314
 -27.4034626000001
 -27.5294492
 -27.554123
 -27.4926054000001
