5.6240
1.9531
2.0365
1.9531
2.0218
2.0255
2.0748
1.9653
1.9709
2.0484
2.0585
1.9606
2.0644
2.0131
1.9530
1.9868
2.0414
1.9530
1.9870
2.0257
1.9559
1.9851
2.0274
1.9538
2.0063
2.0378
1.9561
2.0026
2.2630
2.0221
1.9994
1.9538
1.9815
2.0286
2.0151
1.9919
2.0031
2.1006
1.9671
2.0979
1.9768
2.0970
1.9700
1.9769
2.1046
1.9992
2.0421
1.9683
2.0308
2.0106
1.9935
2.0256
2.0208
2.0333
2.0250
5.0213
1.9911
1.9920
1.9727
1.9810
2.0050
1.9820
2.0062
1.9543
2.0347
2.0613
2.0531
2.0302
2.0108
2.0027
2.0548
2.0251
6.9233
12.9305
6.3618
6.4490
1.9905
2.0031
2.0070
2.0177
1.9670
2.0258
2.0131
1.9631
1.9997
2.0066
2.0074
1.9884
2.0129
1.9947
1.9890
1.9913
1.9473
2.0019
2.0401
2.0113
2.0581
2.0156
1.9835
1.9534
1.9764
2.0174
1.9802
1.9847
2.0175
4.6268
3.5820
3.4775
2.1427
4.1650
2.2120
2.9421
2.6748
2.5382
2.7222
2.4267
2.3904
2.3585
2.2293
2.7221
2.3883
2.4477
2.3030
2.1094
1.9648
2.5399
3.0662
3.2234
2.8083
2.0618
2.0693
2.0944
2.0082
2.0198
1.9875
2.0545
1.9772
2.0106
2.0258
2.0272
1.9930
2.0243
2.0129
2.0392
1.9590
2.0401
2.0093
2.1303
2.0058
2.0082
2.0084
1.9645
2.0449
1.9867
1.9931
1.9862
1.9986
2.0072
3.5564
3.5674
3.5638
3.5452
2.0390
2.0499
3.5558
3.5553
3.5460
3.5855
2.0288
2.0287
2.0739
1.9773
1.9966
1.9735
2.0043
1.9812
2.0464
1.9955
1.9839
2.0080
2.0377
1.9943
2.0335
1.9905
2.0038
2.0203
2.0357
2.0081
1.9917
1.9698
2.0366
2.0399
2.0366
2.0107
2.0026
2.0000
2.0290
2.0126
1.9751
1.9853
2.0075
1.9844
2.0103
2.0623
1.9907
1.9571
2.0709
2.0765
2.0067
2.7865
2.9318
2.0508
2.0089
1.9834
2.0129
2.0171
1.9864
1.9638
1.9686
1.9867
1.9816
2.6820
2.4745
2.5882
2.4370
3.0950
2.3457
2.4830
3.3335
2.5728
3.0633
3.4023
3.3256
3.9035
2.6204
2.0307
2.0251
2.0465
2.0953
2.0174
2.1137
2.7181
3.7264
3.7095
1.9797
2.0044
1.9940
1.9890
1.9976
17.6441
2.0227
1.9948
2.0255
1.9788
1.9649
1.9720
1.9711
1.9996
2.0023
2.0039
1.9786
5.1728
3.5321
5.9712
2.0626
2.0482
2.0417
2.0450
1.9640
1.9849
1.9930
1.9593
2.0343
1.9940
2.0332
2.0512
2.0309
2.0405
1.9901
1.9986
2.0157
1.9752
2.0238
2.6594
2.0622
2.1010
2.0890
1.9776
2.0374
1.9880
2.0302
2.0009
2.0729
2.0226
1.9977
1.9959
2.0054
1.9635
2.0311
2.0031
1.9897
1.9921
1.9776
2.0602
1.9637
2.0119
2.0211
1.9841
2.0261
1.9724
2.0023
1.9894
1.9644
1.9879
2.0607
2.0384
1.9942
2.0356
2.0324
1.9980
1.9982
7.7225
2.6079
2.0412
1.9761
2.0425
1.9940
1.9677
2.0091
1.9768
2.0315
1.9869
2.1241
1.9941
1.9950
1.9910
1.9568
2.0659
1.9945
2.0631
1.9840
2.0733
2.0286
1.9755
2.0633
1.9750
2.0522
2.0457
1.9972
2.0167
2.0739
2.0988
2.4148
2.5055
3.3928
2.7461
3.6502
3.1055
2.2843
2.7074
2.4132
2.5297
2.5484
2.5767
1.9928
2.9360
2.0723
2.7175
2.2442
2.7671
2.5026
2.2430
2.5346
2.0611
1.9921
2.3987
1.9620
1.9842
2.0138
2.0050
2.0330
1.9636
2.0242
2.1029
2.0027
2.0172
1.9770
2.0179
2.0426
2.0274
2.0190
2.0283
2.0400
2.0781
2.0017
1.9895
1.9993
1.9917
2.0257
2.0070
2.0436
2.0148
2.0179
2.0732
2.0367
2.0747
2.0246
2.0201
2.0293
2.0327
2.0338
2.0161
1.9889
1.9922
2.0133
2.0539
2.0230
1.9899
1.9742
2.0415
1.9779
2.0176
1.9949
1.9789
1.9725
1.9757
2.0913
1.9904
1.9668
2.0342
2.0046
4.7240
4.0751
2.0081
1.9743
2.0281
2.0155
1.9941
1.9769
2.0174
