2.8882
2.4770
2.9125
2.4555
3.2697
2.5702
2.5649
2.9233
2.4363
2.5434
2.4171
12.5495
12.5576
3.5921
3.1097
2.7365
12.2616
2.4840
2.9369
2.6749
2.7846
2.5208
2.5626
2.4487
2.6469
2.4521
2.5276
12.5200
2.6463
2.7715
2.7099
2.4841
2.4120
12.4760
2.6006
2.7223
2.5851
2.4377
2.6789
2.7918
2.4066
2.6010
2.7068
2.4759
12.2975
2.6755
2.6420
2.6751
2.5011
2.6085
2.5639
2.5952
2.5904
2.7553
2.8236
2.5635
2.4558
2.3865
2.8353
2.7284
2.7087
2.6955
2.5600
2.7074
2.5838
2.6670
2.7207
2.6570
2.8189
2.5293
2.4655
2.4070
2.4817
3.3023
2.6371
2.6563
2.4104
2.4287
2.7520
2.5617
2.7409
2.4734
2.4061
2.8898
2.5604
2.5637
3.1320
2.4568
2.6973
2.4509
2.5268
2.8596
2.5705
2.4095
2.4376
2.6665
2.4221
2.5776
3.0070
2.7568
2.6646
12.6717
2.9355
2.8354
2.5128
2.6864
2.7632
2.6221
2.5489
2.8170
2.5908
2.6876
2.7010
2.4326
2.8810
2.7524
2.5172
2.7508
2.5393
2.3530
2.4424
2.4692
2.7300
2.5006
2.7617
2.4229
2.6469
3.0051
2.8443
2.5264
2.9298
2.5534
2.6267
2.5861
2.4557
2.7908
7.3526
2.4513
2.9832
2.5926
2.4909
5.3147
2.5469
2.7279
2.5456
2.4245
2.6086
2.6629
2.3782
2.7234
4.3611
2.8177
2.5074
5.2793
12.7933
2.5072
7.3621
2.6250
2.4227
2.6907
3.0037
2.5047
3.0226
2.5693
2.8900
2.7035
2.4998
2.6764
2.5691
2.4706
2.6831
2.8118
2.4535
2.7998
2.3563
2.4539
2.6033
2.3905
2.4490
2.8623
2.4412
2.7383
2.4896
2.4433
2.6735
2.6124
2.7720
2.7572
2.3814
2.7234
2.5140
2.4274
2.6495
2.4660
2.7936
2.4216
2.7026
2.6839
2.5024
2.7441
2.6262
2.6242
2.5902
2.5492
2.6482
2.5946
2.7354
2.4262
2.6511
2.7440
2.7546
2.4044
2.7913
2.3455
2.5015
2.6755
2.5083
2.5434
2.6595
2.6350
2.7434
2.7955
2.5296
2.7071
2.4476
2.4778
2.7014
2.4218
2.6920
2.3721
2.4324
2.5670
2.7600
2.8154
2.5729
2.4467
2.4433
2.5358
2.9467
2.4448
2.5610
2.5870
2.5670
2.8060
2.6647
2.4778
2.4895
2.5741
2.6257
2.6091
12.7657
2.5328
2.3907
2.6966
2.4837
2.5533
2.5967
2.4229
2.6885
2.7134
2.8300
2.8691
2.5447
2.7425
2.5171
2.7306
2.4582
2.3931
2.4911
2.5686
2.4669
2.6110
2.4973
12.3076
2.7658
11.8645
2.6547
2.6350
2.7068
2.6419
2.7557
2.4478
2.3942
2.5875
2.7631
2.7672
2.6222
2.5242
2.5478
2.4806
2.9882
2.5617
2.4906
3.2488
2.5453
2.7193
2.6720
2.4669
2.4040
2.6342
2.4671
2.5923
2.6154
2.4981
2.3948
2.6181
2.6933
2.5758
2.8410
12.4861
2.7330
2.5576
12.6414
2.8683
2.5044
2.4742
2.4523
2.5876
2.6118
2.3779
2.8125
2.6171
2.6443
2.6798
2.6799
2.5950
2.4136
2.6261
2.7008
2.5254
2.4003
12.6727
2.5718
2.7530
2.6250
2.8191
2.6390
2.5609
2.5991
2.6385
2.6210
2.7705
12.0852
2.3836
2.6301
2.5131
2.4257
2.7625
2.5879
2.5344
2.7198
2.5731
2.4877
12.8294
2.8903
2.7770
2.6550
9.0006
2.6462
2.5237
2.6429
2.9474
2.5486
2.7294
2.5261
2.6476
2.6785
2.5522
2.4068
2.5122
2.5084
10.4716
2.6034
12.2059
11.5127
2.7224
2.5414
2.7645
2.7596
2.6705
2.5136
2.6062
2.5551
2.6510
2.6859
2.6466
2.8035
2.5517
2.8786
2.5385
10.1369
2.6118
2.5751
2.6530
2.7635
2.3895
12.4581
2.4448
2.4105
2.6028
2.4844
2.8136
3.4362
2.6104
2.5656
2.5297
2.3689
2.6683
2.5832
2.7015
2.4929
2.7513
2.5612
12.2704
2.8322
2.7392
2.8872
2.3644
2.7068
2.7078
2.7010
2.8668
2.5454
2.5727
2.5141
2.7384
2.4266
2.4977
2.7196
2.6921
2.5276
2.7585
2.6092
2.5611
2.8407
2.7314
5.6266
2.6205
12.6438
2.3237
2.4278
2.4297
2.7731
2.4083
2.4906
2.3831
2.3792
13.1617
2.6333
2.4878
2.5113
2.3779
2.9822
2.4814
2.6798
2.3779
3.8641
2.6835
2.5249
2.5783
2.6306
2.7396
2.4123
2.6519
2.6060
12.5405
2.5457
2.3796
2.6059
2.6760
2.4151
2.5216
2.4811
2.6815
2.3874
2.9297
2.6069
2.6645
2.7539
8.5676
2.3814
2.5642
2.5103
2.7551
12.0129
2.9175
2.5593
2.6723
2.6066
2.5515
2.6384
2.6318
2.3951
2.8391
11.9848
2.4340
2.6853
2.3765
2.6844
2.6541
2.5326
11.4536
2.5110
2.6172
2.4324
2.7604
2.5017
2.6965
2.4233
2.6095
12.4458
2.8758
2.5406
2.3737
2.6103
2.4559
2.6946
2.7496
2.5664
2.7314
2.6593
2.4584
2.6612
12.7839
12.1035
2.5382
2.6544
2.4168
2.6803
2.6617
2.6568
2.6386
2.4494
2.5447
2.6819
2.6599
2.6204
2.4531
12.3653
11.7495
2.5484
2.6292
2.6457
2.9520
2.6962
2.6706
2.5654
2.4496
2.8945
2.6531
2.4545
2.5727
2.4757
2.6434
2.6276
2.6909
2.6606
2.3969
2.7006
12.9157
2.7053
3.0545
2.5694
2.5041
2.4479
2.6538
2.6058
2.5079
2.5702
2.4366
2.6372
2.6415
2.7882
2.5545
2.5418
2.7753
2.6717
2.6877
2.7423
2.4538
2.6505
2.5958
8.6828
2.5500
2.5270
11.9943
2.6951
2.4283
2.5533
2.6026
2.5713
2.7278
2.4562
2.6286
2.4653
2.6169
2.4341
2.4462
2.6360
2.7982
2.4603
2.4541
2.5326
2.5453
2.6036
2.6133
2.6352
2.7701
2.6767
2.5431
2.6883
2.7253
12.7691
2.6190
2.4528
2.8181
2.6511
2.5584
2.6089
2.3700
2.4846
2.6069
2.6515
13.5755
2.5879
2.7571
2.7027
2.4828
2.4273
2.7116
2.6819
2.4675
2.7464
2.6624
2.6588
25.2505
2.5362
2.6922
12.2895
2.5311
2.7079
2.6148
12.2940
2.6412
2.6938
2.4481
2.4606
2.4373
2.5600
2.5933
2.4566
2.6959
2.7257
2.5800
2.5268
2.4527
2.4247
2.3967
2.6650
2.6188
2.4379
2.6702
10.6457
2.4891
2.7997
2.4749
2.5828
2.4199
2.4824
12.5303
2.5628
2.4880
4.4783
2.4443
2.8090
2.5244
2.6636
2.6839
2.5593
2.5426
2.7434
2.5156
2.6324
3.1893
2.4490
2.6286
2.5574
12.6121
3.3434
2.5101
2.7912
2.7330
2.3984
2.8302
2.3688
2.5219
2.6015
2.6237
2.8739
2.4497
2.7480
2.5218
2.4426
2.9649
2.6286
2.6773
2.5462
13.0834
2.5359
2.6043
2.7085
2.6187
2.6192
2.6503
2.8870
2.9283
12.4983
2.7672
2.7209
2.5494
2.9215
2.6275
2.6272
2.3554
2.5703
2.3961
2.5499
2.3990
2.4965
2.5607
2.5250
2.6628
2.5033
2.5747
2.6430
2.4978
2.4176
2.5280
2.7521
2.5294
12.5628
2.8167
2.8304
2.7773
2.7329
2.8132
2.8443
2.4424
2.5134
2.4836
2.6303
3.0915
2.5298
2.9741
2.3855
2.4955
2.7159
2.4177
2.8019
2.5150
2.4107
2.8802
2.4574
2.5574
2.3878
2.5921
2.6124
2.8228
2.4975
2.4745
2.4359
2.6917
2.3829
2.7536
2.6575
2.4341
2.3767
2.4759
2.4404
2.6618
2.6284
2.4037
2.5927
2.5577
3.0284
2.5385
2.6021
2.4816
2.5369
2.4819
2.4383
2.3989
2.6100
2.4032
2.4127
2.3998
2.5561
2.4979
2.3907
2.4041
2.6459
2.3971
2.4011
2.4248
2.5334
2.5617
2.6260
2.6411
2.5549
2.6413
2.5667
2.5830
2.4935
2.4214
2.5394
2.4673
2.4279
2.4604
2.6321
2.4113
2.4635
2.3820
2.6134
2.4779
2.4512
2.4335
2.7518
2.4670
2.7389
2.5836
2.5876
2.5582
2.7529
2.4253
2.6858
2.4395
2.6161
2.7322
2.5727
2.5547
2.5142
2.9210
8.5660
2.5078
2.9023
2.6464
2.6041
12.2224
2.6887
2.6218
2.6688
2.6274
12.7249
2.5690
2.7795
2.6842
2.7132
12.2945
2.6172
2.6417
2.7147
2.8133
2.6262
2.5527
2.5872
2.6601
2.5382
2.5005
6.0982
5.8532
6.1686
4.0161
3.2495
3.7803
4.2008
4.1681
4.2149
4.2367
4.2105
11.1232
4.2111
4.2311
4.2673
4.2086
4.3371
4.2375
4.2555
4.2676
4.2219
9.4756
4.2399
4.2193
4.2522
4.1399
4.3336
4.3177
4.1368
11.5718
4.3195
4.3327
4.2653
3.9542
2.5542
2.5505
