5.5872
3.2313
3.5729
4.1565
3.3524
4.7440
4.7002
4.7159
5.0648
4.6358
14.8839
4.9815
5.0640
4.6915
5.0232
4.8135
4.7654
4.8042
4.7022
4.7988
4.7461
4.7690
4.7335
4.7243
4.7514
4.7920
4.7807
4.6032
4.7203
4.7531
4.7596
4.7168
4.6459
4.7796
4.5631
4.7846
4.9579
4.8693
4.7739
4.5702
4.7887
4.7546
4.9492
4.8596
4.5452
4.7582
4.9731
4.5653
4.7719
4.9562
4.7321
4.7485
4.7998
4.6118
4.8049
3.6844
3.0128
3.4405
3.4527
13.1980
2.4572
3.5249
3.4318
3.2371
4.9930
3.4084
3.4375
3.3665
3.5641
3.4477
4.9088
4.8911
4.8305
14.7296
4.7818
4.6370
14.6366
4.8648
4.7705
4.6323
4.8412
13.9670
4.6999
4.8055
3.4282
3.4461
4.5435
4.7805
4.5933
4.8356
14.7775
5.0019
4.9880
4.6715
4.6314
4.8196
4.6654
4.7222
4.7389
4.7837
4.7189
4.7263
4.6913
4.6431
4.7567
4.6825
4.6904
4.6273
4.6921
4.6969
4.6961
4.7820
4.7601
4.8724
4.7458
4.9723
4.8820
4.7249
4.8436
4.6451
4.7535
4.7100
4.7161
4.6756
4.7393
4.6877
4.6590
4.6813
4.6249
4.7268
4.7265
4.7145
4.7523
4.7219
4.7662
4.6470
4.8012
4.6496
4.6835
4.6587
4.7495
14.8658
4.6511
4.7854
4.6453
4.8220
14.4451
4.6341
4.7866
4.7892
4.6521
4.7745
4.8795
4.6433
4.7923
4.9588
4.7443
4.7781
4.9042
4.6025
4.9104
4.7446
4.9390
5.0002
4.6977
4.7731
4.7956
4.7446
4.5978
4.9449
4.9062
4.7452
4.7383
4.6013
4.6085
4.8904
4.7130
4.9116
4.7161
4.9906
4.7901
4.9896
4.7843
4.8247
4.6903
4.6489
4.9763
4.9965
4.6313
4.6672
4.4029
4.7100
3.4520
5.8055
3.3691
4.9808
4.8756
4.7213
4.8009
4.6272
4.9288
4.6798
4.6111
4.8130
4.7712
4.8090
4.9034
5.0597
5.7114
5.5832
4.9801
5.2967
4.6975
5.7578
3.5716
3.2854
5.6459
4.6405
3.6677
3.1108
3.4195
3.4766
5.0121
3.4902
3.7414
4.7443
4.7492
4.7521
4.5883
4.7749
4.9736
4.7494
4.7005
13.7527
4.7502
4.6196
4.9702
4.9992
4.7615
4.7532
5.8621
4.9098
14.8006
4.9122
5.5073
4.6914
4.8631
9.0519
4.6921
4.8704
4.7222
4.8825
13.3291
4.7026
4.8803
4.8761
4.6688
14.0723
4.7792
4.6551
4.8387
4.6748
13.6571
4.8745
4.6630
4.7557
4.6633
4.6826
4.6776
4.6149
4.6067
4.6665
4.7271
4.6346
4.7245
4.7737
4.7313
4.8137
4.9905
4.6591
15.3924
4.7049
4.9699
4.6507
4.7801
4.6193
4.7899
4.6387
3.4436
3.4499
3.2878
3.4339
4.8767
14.4546
4.9141
4.7509
14.7807
4.9110
4.6474
4.7517
14.7903
4.9381
4.6357
4.9628
4.5876
4.7810
4.8268
4.6727
14.8603
4.9283
4.7209
4.9960
14.7808
14.2892
4.8690
4.9077
4.7458
4.7552
4.8824
4.9291
4.8972
4.4543
4.6859
4.6004
4.7285
4.8473
4.7267
4.5862
4.9724
4.7029
4.4809
4.7877
4.7763
4.8091
4.8975
4.9126
4.4539
4.6854
4.5353
4.5085
4.7943
4.6386
4.8472
4.9306
4.8165
4.7180
5.0496
4.7580
4.9343
4.6882
5.0553
4.6007
4.8486
5.0206
5.0457
4.9534
4.8104
4.9788
4.6859
4.7411
4.6552
4.6826
4.6021
4.9910
4.9865
4.8649
4.6312
4.7709
4.9807
4.6463
13.8566
4.8046
4.9324
4.6587
4.6919
4.7412
4.6883
4.8232
4.9354
4.7187
4.8542
25.4353
4.6849
4.7162
4.7347
4.6993
4.7618
14.7898
3.4140
3.4567
3.4709
3.4399
3.4660
3.4490
3.4721
13.1208
3.4444
3.4432
3.4582
3.4786
3.4288
5.2611
3.3271
5.4862
3.3840
4.6810
4.6948
4.6730
4.9118
4.8736
14.2963
4.7572
4.7212
4.7320
4.7612
14.6090
4.8658
4.9113
4.7864
4.8894
4.7411
4.6707
4.9883
4.8701
4.7526
4.9691
4.9724
4.7080
4.7212
4.8714
4.7527
4.7362
4.9195
4.5845
4.6219
4.7459
4.6382
4.9708
4.5063
4.7991
4.7734
4.9599
5.0663
4.9737
4.7633
4.9897
4.7152
4.5891
4.6941
4.9837
4.9861
4.7968
4.5177
4.7830
4.7551
4.8992
4.9114
4.9445
4.7108
4.8949
4.7495
4.6676
4.6891
4.8970
4.7181
4.7551
4.7199
4.9033
4.9503
5.0201
4.7968
4.7244
4.6909
5.0026
4.9593
4.4620
4.6778
4.9670
4.7170
4.7526
4.8992
5.2983
4.7981
4.6730
4.9822
5.1085
4.8126
4.8227
4.9252
4.8296
4.6284
4.9425
4.2089
4.6419
4.7716
4.4656
4.9541
5.1138
5.0014
4.8856
4.9873
4.4649
4.6231
4.9180
4.9091
4.9016
4.8973
4.5928
14.7522
4.8448
4.6695
12.0859
4.8112
4.6528
4.5524
4.7929
4.7654
4.9631
4.6236
4.7629
4.9733
4.7220
4.4851
4.7719
4.6597
4.9733
4.7447
4.7422
4.5656
4.7816
4.7637
4.6809
4.9703
5.0104
4.8170
4.5567
4.5657
4.7842
5.1062
4.8854
4.9614
4.6372
4.7400
4.9117
4.8178
4.6338
4.7312
4.7441
4.9297
4.7372
4.9980
4.9164
4.7792
4.9236
4.6466
4.7339
4.9022
4.7326
4.9482
4.6663
4.8969
4.7681
4.7965
4.7896
4.6387
4.7876
4.7525
4.7102
4.7720
4.7588
4.8417
4.6845
4.7608
4.7581
4.7407
4.9716
4.7432
4.7142
4.8157
4.7415
4.8133
4.7656
4.7086
4.7445
4.8122
4.8515
4.5641
4.8383
4.9382
4.6476
4.7255
4.9702
4.7389
4.8159
4.8079
4.5975
4.7548
4.6302
4.7957
4.7741
4.7029
4.6605
4.8039
4.6359
4.7902
4.7160
4.6685
4.7747
4.7936
4.7426
4.6446
4.7794
4.6691
4.6698
4.9276
4.8672
4.7622
4.6624
4.8638
4.7663
4.7346
4.5703
4.7858
4.7172
4.8184
4.6422
4.7837
4.7066
4.7615
4.6868
4.7640
4.5995
4.7194
4.6609
4.8424
4.6642
4.7768
4.7248
4.7865
4.7140
5.0373
4.5239
4.7195
4.6914
4.8608
9.0939
4.7072
4.8697
4.6691
4.7900
14.3085
4.6469
4.7570
3.8707
4.7233
14.8554
4.7078
5.3937
4.8709
4.6662
14.3341
4.8588
4.7338
4.3627
4.7006
4.7564
4.8934
4.8591
4.9218
4.6514
4.7421
5.1266
5.0244
4.8771
4.9483
4.5348
4.6473
5.2891
5.0769
5.0473
5.0421
5.0498
13.1606
5.0708
5.0558
5.0777
5.0862
5.0855
4.9322
5.0768
5.0905
5.0734
11.0870
5.0038
5.0462
5.0611
4.9984
5.0411
5.0352
4.9693
13.0758
5.1199
5.0481
5.0116
4.8556
14.7890
3.5365
3.9811
4.8460
4.9969
3.4432
3.4042
4.6857
4.6975
4.7442
4.6489
4.7665
4.6737
4.7846
4.7129
4.6978
4.7592
4.7200
4.8231
4.6601
4.6757
4.6310
4.6623
4.7485
4.6454
4.7865
4.7512
4.8686
4.7181
4.7761
4.6380
5.0652
11.8769
4.5751
4.8064
5.0869
4.6430
14.6207
4.8216
4.6108
4.8643
4.9337
4.6548
14.7960
4.8757
4.9477
4.6126
4.6733
4.9524
9.7211
4.6761
4.9066
4.8926
4.9270
14.3883
4.9147
4.9082
4.6928
4.8875
14.5025
4.7207
4.8760
4.5926
4.6784
4.9385
4.6505
4.9537
4.6436
4.9533
4.7847
4.5946
4.7194
4.7096
4.7289
4.6882
4.7300
4.7758
14.3247
4.6625
4.7982
4.7880
4.6526
14.4857
4.7892
4.6450
4.6805
4.7669
4.6698
4.6795
14.6082
4.8576
4.5815
4.6284
4.7587
4.9398
5.1330
5.0613
3.4158
3.5267
3.4413
3.4263
3.2948
4.7004
4.6128
4.6442
4.9292
4.6723
4.7496
4.9824
4.7703
4.7883
4.8475
4.3276
4.8394
4.6462
4.8729
4.7897
4.6279
4.8969
4.9073
4.8589
4.7634
4.7584
4.9911
4.9484
4.6209
4.9159
4.4336
4.5432
4.8519
4.8499
4.5948
4.6851
4.7512
4.9844
4.7115
4.5893
4.7995
14.0605
4.6804
4.7742
4.9724
4.9253
4.6140
4.8414
4.8331
5.0618
4.6785
13.1675
4.7570
5.0539
4.6561
4.7076
4.6768
4.6448
4.6419
4.5669
4.7770
4.7757
4.8025
4.8141
4.6933
4.9059
4.8033
4.7997
4.8257
4.6492
4.6717
4.7897
4.8015
4.8279
4.5097
4.8022
4.8488
4.7180
4.7557
4.6512
4.8562
4.7595
4.5820
4.6246
4.8037
14.8632
4.7259
4.8881
4.8009
4.6670
14.4540
4.8065
4.6503
4.6461
4.7924
14.4896
4.6741
4.9528
9.0772
4.9132
4.8628
4.7975
4.9765
4.6564
14.8659
4.7657
4.9966
4.6427
4.6612
4.8455
14.2770
4.6329
4.7563
4.9110
4.9059
12.5995
4.8813
4.7184
3.4080
3.4750
3.4813
3.4747
4.7719
4.5757
4.7632
4.9389
4.6132
4.8921
4.9935
4.7376
4.8971
14.6825
4.7690
4.5982
4.7850
4.9596
4.6128
4.9003
4.8801
4.7653
4.7260
4.6446
4.7176
5.0313
4.9113
4.6218
4.8249
4.7628
4.5387
4.7241
14.7638
4.7212
4.8187
4.9881
4.4873
4.6505
4.8231
4.7583
4.7566
4.8847
4.5253
4.8863
14.9044
4.7014
4.8652
