7.028
6.933
7.136
6.811
6.983
7.504
6.648
7.079
6.888
6.881
6.858
6.630
6.972
7.199
7.116
6.778
7.223
6.705
6.761
7.184
7.060
6.906
7.179
6.416
6.617
7.079
6.983
6.603
6.752
6.280
7.029
6.940
6.976
6.539
7.338
6.726
7.076
6.837
6.749
6.853
6.457
7.419
7.104
6.753
7.006
6.645
5.991
7.412
6.928
6.573
6.752
6.752
6.618
6.542
7.039
6.788
7.183
6.745
6.819
6.770
6.784
6.861
6.937
6.776
6.048
6.053
6.568
7.191
7.071
6.520
6.739
6.395
6.801
6.996
6.610
6.601
6.827
6.316
6.844
6.597
6.951
6.621
6.613
6.725
6.750
6.572
7.069
6.594
6.643
6.111
7.017
6.935
6.971
6.887
6.950
6.100
6.816
7.031
6.918
6.935
6.666
7.374
7.094
7.342
6.929
6.728
6.607
6.689
6.829
6.751
6.747
7.100
6.671
6.593
6.684
6.255
6.971
6.915
6.920
6.665
6.744
7.123
6.749
6.885
6.714
6.616
7.093
6.648
7.011
6.651
6.332
6.658
7.009
6.188
6.743
7.958
7.007
6.483
6.921
7.372
7.050
6.634
6.739
5.835
6.907
6.109
7.117
7.065
6.658
6.742
6.982
6.463
6.466
7.091
6.922
6.772
7.112
6.996
6.386
6.640
6.730
6.760
6.731
7.130
6.768
6.937
6.979
6.636
6.495
7.108
6.768
6.642
6.713
6.784
6.691
7.159
6.408
6.699
6.653
6.804
6.000
7.099
6.667
6.595
6.927
6.677
6.552
6.986
6.840
6.389
6.694
6.628
6.632
7.044
6.632
6.541
6.902
6.610
6.560
7.053
7.018
6.376
6.728
6.604
6.576
7.116
6.663
6.543
6.428
6.644
6.443
7.192
6.744
6.653
6.413
6.495
6.689
7.136
6.733
6.827
6.619
6.601
6.537
7.034
6.891
6.800
6.537
6.533
7.037
6.955
6.885
7.005
6.678
6.566
6.005
6.788
6.823
6.914
6.927
6.819
6.355
6.729
6.541
6.978
6.761
6.613
6.771
6.446
6.995
6.775
6.534
6.510
6.230
7.082
6.823
6.919
6.462
6.588
6.487
6.767
6.940
6.846
6.650
6.632
6.473
6.585
6.195
6.913
6.578
6.574
6.779
6.743
6.506
6.797
6.725
6.757
6.549
6.693
6.250
6.982
6.942
6.645
6.613
6.667
6.719
6.750
7.066
6.458
6.962
6.935
6.719
6.606
7.038
6.528
6.571
7.029
6.713
6.537
7.125
6.654
6.928
7.121
6.700
6.875
7.112
6.566
6.332
7.157
6.888
6.682
7.035
6.799
6.690
7.105
6.471
6.587
6.982
6.634
5.925
7.080
6.742
6.595
6.986
6.472
6.508
7.128
6.943
6.861
7.060
6.679
6.704
6.975
6.654
7.022
7.164
6.825
6.079
7.102
6.514
6.905
7.080
6.610
6.266
7.145
6.865
7.018
6.932
6.530
6.317
7.060
6.999
6.868
6.983
6.608
6.650
7.067
7.002
6.962
6.760
6.640
6.607
6.997
7.231
6.920
6.698
6.617
7.562
6.672
6.764
7.078
6.421
6.591
6.371
6.700
6.825
6.790
6.881
6.682
6.363
6.787
6.814
6.695
6.835
6.474
6.849
6.609
7.026
6.756
6.580
6.814
6.245
6.665
6.846
6.978
6.719
6.637
6.388
7.070
6.929
6.720
6.690
6.619
6.445
6.429
7.005
6.740
6.687
6.709
6.826
6.715
6.840
6.809
6.881
6.650
6.580
6.769
6.897
7.017
6.909
6.789
6.630
6.990
6.524
6.718
6.703
6.654
6.388
7.035
6.845
6.778
6.728
6.614
6.346
6.906
6.824
6.809
6.923
6.686
6.872
7.033
6.666
6.859
6.831
6.612
6.503
6.958
7.055
6.852
7.038
6.571
6.557
7.042
7.280
6.854
6.729
6.589
7.136
6.973
6.908
6.828
6.675
6.647
7.024
7.069
6.969
6.835
7.080
6.544
6.837
6.908
6.645
6.745
6.729
6.458
7.068
6.856
7.037
6.826
6.620
6.663
6.791
6.961
6.540
6.754
6.786
6.805
7.128
6.914
6.874
6.758
6.628
6.645
7.269
6.830
6.709
7.103
6.603
6.598
6.672
6.775
6.830
6.962
6.722
6.665
6.821
7.477
6.682
6.782
7.000
6.551
6.988
7.608
7.073
6.854
6.829
6.590
6.574
7.461
6.692
6.744
6.541
6.611
6.895
7.604
6.656
6.715
6.741
6.659
6.932
7.649
6.553
6.933
6.563
6.724
6.586
7.741
6.957
7.068
6.661
6.666
7.510
7.664
6.848
6.887
6.577
6.588
6.984
7.755
6.829
7.024
7.063
6.608
6.590
6.719
7.079
6.950
6.316
6.611
6.426
6.586
6.395
6.783
6.181
6.681
6.948
6.548
6.610
6.913
6.299
7.080
6.498
6.697
6.362
6.763
6.430
6.517
6.497
6.979
6.758
6.826
7.031
6.465
6.634
7.054
6.785
6.982
6.884
6.504
6.869
6.894
6.781
6.845
7.007
6.728
6.958
7.003
6.782
7.008
6.768
6.626
7.195
7.008
6.759
6.662
6.901
6.695
6.912
6.887
6.590
6.445
7.114
6.859
7.121
6.975
6.830
6.470
6.931
6.653
7.021
6.852
6.830
6.078
7.002
6.498
6.643
6.554
6.659
6.267
6.385
6.710
6.756
1.975
6.443
6.820
6.488
6.615
6.705
6.440
6.683
6.906
6.320
6.763
7.021
2.522
7.062
6.934
6.572
6.778
6.727
7.133
7.086
7.854
6.454
6.790
6.730
7.046
6.960
7.695
6.519
6.728
7.139
2.690
6.711
7.734
6.772
6.653
7.016
2.145
7.083
7.554
6.623
6.746
6.667
2.542
7.111
6.351
7.038
6.738
6.628
7.323
6.950
6.903
6.789
6.749
6.751
2.225
6.677
6.783
7.591
6.637
6.684
2.063
6.595
7.051
7.717
6.673
6.765
7.036
6.740
6.936
7.629
6.788
6.744
6.885
7.136
7.094
7.708
6.626
6.872
6.417
6.751
6.501
6.952
6.829
6.688
6.620
6.907
6.677
6.799
6.865
6.840
6.650
6.971
6.277
6.929
6.800
6.774
6.495
6.892
6.644
6.797
6.758
6.887
6.578
7.038
6.996
6.738
6.725
6.312
6.880
6.833
6.640
6.682
6.559
7.088
6.951
6.449
6.748
6.603
6.681
6.824
6.706
6.544
6.702
6.981
6.802
6.755
6.411
6.530
6.720
6.761
6.770
6.557
6.050
6.953
6.715
6.754
6.713
7.522
6.871
6.758
6.774
6.537
6.368
6.892
6.771
6.775
6.231
5.832
7.003
6.792
6.645
6.435
8.089
7.040
6.778
6.619
6.738
6.498
6.924
6.784
6.674
6.493
6.275
6.451
6.855
6.742
6.661
6.824
6.282
6.082
6.888
6.691
6.965
6.661
6.774
6.667
5.822
7.085
6.802
7.136
6.505
6.530
6.645
6.506
6.664
6.649
7.131
7.021
6.997
6.898
6.794
6.712
7.091
6.531
6.678
6.733
5.982
7.021
6.840
7.119
6.819
6.538
6.950
6.732
6.769
7.116
7.018
6.965
6.889
7.177
7.089
6.449
6.897
6.666
7.093
7.107
6.664
7.199
6.718
6.644
6.757
6.131
6.907
6.621
7.051
6.961
6.825
6.885
6.796
7.126
7.120
6.704
7.165
6.788
6.842
7.111
6.672
6.806
6.696
7.181
6.897
5.992
7.226
6.388
6.682
6.643
6.823
6.669
6.691
7.011
6.552
6.901
7.267
6.529
6.725
6.858
6.758
7.103
7.010
7.268
6.708
6.891
6.978
6.844
7.117
6.840
6.699
6.923
6.893
7.180
6.696
6.848
6.888
6.848
6.894
6.468
6.988
6.868
6.701
7.128
6.490
6.838
6.881
6.856
6.744
6.653
6.981
7.080
6.727
7.009
6.686
6.842
6.952
7.188
7.073
6.711
6.731
6.878
7.280
6.940
6.670
6.784
6.572
7.182
7.001
6.731
6.833
6.775
6.886
6.928
6.699
6.807
6.715
7.074
6.871
6.729
6.799
6.786
6.946
7.028
6.816
6.700
6.797
6.838
6.984
6.728
6.580
6.895
7.107
6.932
6.743
6.251
6.692
6.827
7.128
6.751
6.166
6.696
6.863
7.338
6.743
6.757
6.996
7.036
6.781
6.761
6.886
7.008
7.075
6.788
7.061
6.528
6.648
6.815
6.625
7.065
6.593
6.581
6.895
7.018
6.915
6.698
7.134
6.767
6.829
7.136
6.614
6.319
6.977
6.701
7.075
6.873
7.055
7.027
6.897
6.581
7.217
6.919
6.746
6.749
6.876
6.636
6.809
6.309
6.933
6.991
6.738
6.841
6.601
6.821
6.690
6.659
7.029
6.738
6.552
6.804
7.028
7.043
6.569
6.719
7.013
6.719
6.383
6.268
6.932
6.488
6.589
6.410
6.719
7.029
6.380
6.924
6.809
6.748
6.612
6.825
6.965
6.946
6.333
6.757
6.703
6.567
6.743
6.599
6.420
6.484
6.982
6.398
6.557
6.738
6.465
6.633
6.824
6.622
6.697
6.722
6.436
7.080
6.483
6.813
6.416
6.878
6.451
6.904
6.605
6.705
6.439
7.005
6.463
6.936
6.617
6.756
6.641
6.458
6.744
6.993
6.747
6.779
6.723
6.801
6.732
6.927
6.729
6.923
6.691
7.017
6.604
6.380
6.708
6.711
6.544
6.717
6.614
6.673
7.715
7.023
7.585
6.527
7.708
6.680
7.579
7.377
6.880
6.944
6.934
7.053
6.881
6.815
7.028
6.919
6.829
7.061
6.876
6.975
6.650
6.794
6.923
6.877
6.981
6.720
6.900
7.122
7.039
6.981
6.899
6.792
6.644
7.073
6.984
6.910
6.882
6.922
6.871
7.155
6.335
6.806
6.540
6.951
6.357
6.937
6.189
6.436
6.145
6.948
6.077
6.590
7.144
6.698
6.981
6.833
6.846
6.453
6.832
6.950
6.876
6.578
6.637
6.851
6.710
6.865
6.600
6.819
6.832
6.910
6.817
6.644
7.060
6.915
6.815
6.843
6.803
6.816
6.998
7.056
6.203
6.831
6.573
6.822
6.974
6.715
7.048
6.388
