1.9651
1.9661
1.9998
1.9638
1.9612
2.0380
1.9640
1.9452
1.9667
1.9843
1.9583
1.9738
1.9764
1.9647
1.9789
1.9535
1.9427
1.9391
1.9616
1.9444
1.9652
1.9689
1.9661
1.9732
1.9733
1.9569
1.9721
1.9641
1.9689
1.9736
1.9587
1.9792
1.9549
1.9792
1.9518
1.9634
1.9595
1.9768
1.9688
1.9707
1.9710
1.9540
1.9748
1.9575
1.9724
1.9661
1.9586
1.9800
1.9600
1.9697
1.9506
1.9748
1.9540
1.9635
1.9566
17.4368
1.9673
40.8279
1.9554
1.9313
1.9750
1.9931
1.9876
2.0010
1.9753
1.9728
1.9524
2.3236
1.9685
1.9469
1.9466
1.9693
1.9535
3.2619
1.9641
1.9619
4.3951
1.9704
1.9759
1.9641
1.9656
2.0411
1.9671
1.9642
1.9572
1.9750
1.9527
3.3661
1.9775
1.9475
1.9562
1.9559
1.9661
2.0217
1.9575
1.9567
2.6305
25.9375
1.9928
2.0061
1.9773
2.0041
2.0071
2.0021
2.0148
2.1948
1.9710
1.9832
2.0074
1.9591
1.9593
1.9466
1.9520
1.9699
1.9600
1.9457
1.9565
1.9729
1.9839
1.9498
1.9560
1.9553
1.9686
1.9548
1.9547
2.0061
1.9734
1.9529
2.0003
1.9644
1.9459
1.9485
1.9624
1.9642
1.9512
1.9590
1.9697
1.9494
1.9380
2.0268
2.7198
1.9414
1.9532
1.9810
1.9610
1.9402
2.3617
1.9481
1.9386
1.9537
2.1164
1.9557
3.6841
4.0709
2.0953
1.9913
1.9863
1.9842
2.2283
2.3402
2.3898
2.7194
3.0398
2.7564
2.6356
2.8531
2.8168
2.5045
2.2756
2.4635
2.5324
2.3664
2.4423
2.0308
2.0064
1.9836
2.0420
2.3238
3.0753
2.1821
2.1327
2.1435
2.0042
1.9823
1.9726
1.9716
1.9876
1.9831
1.9667
2.0141
2.0368
2.0039
1.9856
2.0015
1.9814
1.9840
1.9851
1.9864
1.9749
1.9866
1.9681
1.9740
1.9846
1.9983
1.9879
1.9803
2.0260
1.9797
2.0312
2.0337
1.9783
3.5385
3.5376
1.9682
1.9504
1.9565
1.9786
1.9744
3.1319
1.9788
1.9860
1.9737
1.9506
1.9579
1.9780
1.9884
1.9936
1.9826
1.9935
1.9799
3.3764
1.9784
1.9615
1.9610
1.9806
1.9792
1.9805
2.0045
1.9492
1.9876
1.9827
3.0929
4.7429
1.9473
1.9456
1.9600
1.9614
1.9497
1.9954
1.9730
1.9573
1.9621
1.9572
1.9622
1.9565
1.9551
2.0028
1.9767
1.9886
1.9728
1.9987
2.2446
1.9448
1.9797
1.9660
1.9779
1.9651
1.9530
1.9885
1.9896
1.9930
1.9881
1.9794
1.9678
1.9870
1.9500
1.9532
1.9489
1.9607
1.9661
1.9645
1.9556
1.9521
2.0068
1.9606
1.9577
1.9500
1.9534
1.9479
1.9529
1.9663
1.9913
1.9983
1.9834
1.9959
2.0019
1.9660
1.9958
1.9722
1.9690
1.9833
1.9832
2.0897
2.0052
2.8137
2.0020
2.0059
1.9626
1.9708
2.0774
2.1391
2.0968
1.9736
1.9660
1.9746
1.9968
1.9800
1.9557
1.9515
1.9471
34.2431
40.1117
2.0284
2.1594
1.9698
2.0193
1.9846
1.9598
1.9851
1.9708
1.9888
1.9705
2.1025
5.9819
1.9783
2.0013
3.0043
1.9652
1.9682
1.9697
2.0717
2.2575
2.0234
1.9639
5.7353
1.9563
1.9717
1.9344
1.9684
1.9397
3.0307
1.9543
1.9686
2.1920
2.8881
6.0698
9.4000
3.1524
1.9799
5.9868
1.9465
1.9583
1.9738
1.9452
1.9497
3.1142
3.7764
1.9489
1.9462
1.9678
1.9574
2.4899
1.9429
1.9468
1.9547
1.9607
1.9529
1.9377
1.9521
1.9739
1.9692
1.9581
1.9648
1.9767
1.9418
1.9520
6.3936
2.0796
1.9579
1.9632
1.9668
1.9657
1.9660
2.2417
3.7690
2.5479
3.3695
2.7332
2.6017
2.8285
2.8385
4.1909
3.6144
4.2299
3.6036
2.0030
1.9955
1.9734
2.5256
2.5594
2.4086
2.6206
3.6778
3.4224
3.4915
3.7380
2.7052
2.6796
2.8663
3.5888
3.3978
1.9789
1.9694
2.0366
3.5124
1.9748
1.9828
1.9542
3.0701
2.0412
1.9857
5.5954
1.9566
1.9825
1.9611
1.9794
1.9622
2.9803
1.9479
1.9599
1.9617
1.9753
1.9598
1.9619
1.9747
1.9749
2.4636
1.9800
1.9780
2.4874
1.9424
1.9485
1.9542
1.9715
1.9443
2.7420
1.9548
1.9624
1.9568
1.9609
1.9621
1.9621
1.9637
1.9628
1.9554
1.9582
1.9596
1.9509
1.9544
1.9563
1.9754
1.9611
2.0065
1.9617
1.9996
1.9756
1.9742
1.9791
1.9644
2.0029
2.0312
1.9856
1.9763
1.9663
1.9725
1.9763
1.9733
1.9719
1.9868
1.9879
2.0042
2.0305
1.9818
1.9854
1.9834
1.9668
1.9768
1.9683
1.9986
1.9796
1.9948
1.9787
1.9816
1.9755
1.9968
1.9791
1.9793
1.9738
1.9819
1.9666
1.9932
1.9764
1.9576
1.9964
1.9541
2.0152
1.9673
2.0205
1.9751
1.9713
2.0000
1.9809
1.9977
1.9800
1.9841
2.0062
1.9883
1.9902
1.9788
1.9600
1.9726
1.9762
1.9749
1.9821
1.9760
1.9834
1.9784
2.0011
1.9863
1.9928
1.9720
1.9734
1.9994
1.9810
1.9903
2.4377
2.7672
2.7736
2.4547
2.6721
2.6385
2.3910
2.9470
2.0431
2.7097
2.6019
2.4365
2.7086
2.7029
2.4032
2.9434
2.1115
3.4678
2.9519
2.3264
3.6020
2.8192
2.7248
2.9689
1.9902
1.9701
3.1616
2.3670
2.3622
2.4756
1.9893
1.9878
1.9832
2.0592
1.9870
1.9889
1.9701
1.9773
1.9355
1.9981
1.9559
2.0072
1.9403
1.9350
1.9654
1.9684
1.9406
2.5388
1.9482
1.9759
1.9728
1.9459
4.9769
1.9436
6.0132
1.9733
1.9715
1.9494
2.0752
1.9582
1.9474
3.5417
1.9874
1.9875
1.9809
1.9507
1.9668
4.3929
1.9839
1.9903
1.9753
1.9870
2.0251
1.9567
1.9777
1.9705
1.9769
1.9679
1.9599
1.9587
1.9733
1.9568
1.9711
1.9763
1.9571
1.9587
1.9664
1.9889
1.9513
1.9752
1.9626
2.0036
1.9701
1.9748
1.9769
1.9579
1.9420
1.9549
1.9744
1.9820
1.9455
1.9565
1.9582
1.9754
1.9892
1.9456
1.9544
1.9582
1.9776
1.9550
1.9936
1.9441
1.9714
1.9565
1.9808
2.0179
1.9476
1.9774
1.9656
1.9740
1.9805
1.9483
1.9581
1.9608
1.9820
1.9911
1.9443
1.9513
1.9620
1.9747
1.9602
1.9959
1.9498
2.0815
1.9584
1.9819
1.9800
1.9606
1.9497
1.9632
1.9566
1.9831
1.9938
1.9566
1.9493
1.9615
1.9818
1.9737
1.9601
1.9663
1.9923
1.9904
1.9440
1.9482
1.9875
1.9751
1.9872
1.9577
1.9513
1.9882
1.9798
1.9784
1.9553
1.9628
2.0138
1.9712
1.9579
1.9821
2.0152
2.0127
1.9848
1.9828
1.9521
1.9791
1.9531
1.9595
1.9544
1.9604
1.9750
1.9577
1.9575
1.9532
1.9602
1.9498
1.9817
1.9640
1.9556
1.9542
1.9774
1.9944
1.9507
1.9458
1.9855
1.9751
1.9585
1.9589
1.9464
1.9632
1.9665
1.9876
1.9748
1.9791
1.9810
1.9493
1.9538
5.9860
2.7321
1.9474
1.9386
1.9705
1.9380
2.0037
1.9330
1.9454
1.9572
1.9499
1.9722
2.9294
3.5118
1.9781
1.9706
1.9495
1.9749
1.9692
1.9778
1.9575
1.9784
1.9553
1.9627
1.9784
10.8183
16.1526
13.2282
3.5614
3.5162
3.5123
3.5128
3.5624
3.5275
3.5110
3.5016
3.5122
6.8196
3.5634
3.5428
3.5376
3.5290
5.3882
2.1624
2.0007
1.9925
1.9806
1.9786
1.9701
1.9782
1.9764
1.9685
1.9814
1.9605
1.9782
