2.120
1.948
5.613
2.588
1.966
2.222
2.173
1.856
2.706
2.035
7.480
2.175
2.069
2.674
3.022
2.233
3.344
1.843
2.715
2.458
2.194
2.049
1.940
2.069
2.486
1.875
2.318
2.360
2.079
1.868
2.310
1.859
2.353
2.800
3.023
2.044
2.015
2.762
2.613
2.489
2.012
2.195
2.101
2.019
2.174
2.623
2.295
2.153
2.149
2.295
2.451
3.565
2.306
2.227
2.272
3.252
1.990
2.709
2.948
2.461
2.863
2.845
2.303
2.808
2.963
2.224
2.059
2.312
2.317
8.324
2.240
2.137
2.440
2.176
2.217
2.329
2.340
2.145
2.080
2.254
1.992
3.096
2.283
2.712
2.923
2.878
2.497
8.559
2.185
3.016
2.187
2.220
2.187
2.197
2.883
2.440
2.107
2.337
2.363
2.275
2.359
2.384
2.623
2.274
2.140
2.189
2.740
2.237
2.388
1.987
2.721
2.465
2.138
2.102
2.660
2.190
1.976
2.327
2.073
2.239
2.701
2.443
2.574
2.283
1.961
2.298
2.491
2.214
2.423
2.539
2.262
2.008
2.273
2.734
2.086
2.361
2.476
2.512
2.695
2.152
2.290
2.399
2.194
2.002
1.973
2.175
4.598
2.205
2.439
3.184
2.307
2.878
2.289
2.543
2.336
2.755
3.471
2.097
2.001
2.532
3.357
2.703
2.168
2.326
1.888
2.763
2.230
2.164
2.242
3.625
2.659
2.352
3.144
2.228
2.156
2.775
2.745
2.518
2.220
2.442
2.250
2.189
2.019
2.894
3.123
2.348
2.484
2.296
2.289
2.660
2.243
2.915
2.794
2.219
2.268
2.720
2.758
2.262
2.302
2.233
2.369
2.144
2.687
2.246
2.108
2.192
3.123
2.187
2.282
2.250
2.223
2.134
2.469
2.455
3.278
2.145
2.640
2.218
3.985
2.461
2.919
2.189
2.188
2.405
2.676
3.910
2.172
2.192
2.110
3.687
2.165
2.175
2.188
1.986
2.794
2.966
2.202
2.356
2.643
2.391
3.452
2.545
2.264
2.602
2.569
2.208
2.459
2.125
2.241
2.954
2.310
2.516
2.343
2.977
2.741
2.375
2.139
2.112
1.980
2.602
2.653
2.219
2.922
2.255
2.207
2.787
2.615
2.666
2.278
2.373
3.267
2.114
2.134
2.207
2.280
2.753
2.277
2.898
3.034
2.253
3.281
2.209
2.612
2.802
2.263
2.071
2.391
2.338
3.679
2.120
2.200
2.227
2.272
2.004
2.113
2.338
2.696
2.326
1.989
2.126
2.360
1.996
2.160
2.073
2.350
2.104
2.206
2.501
2.401
2.121
2.100
3.134
2.433
2.501
2.711
2.284
2.272
2.739
2.180
2.396
2.242
2.336
2.283
2.070
2.230
1.937
2.248
2.262
2.299
2.452
2.171
2.132
2.284
2.333
2.256
2.151
2.293
2.228
2.141
2.225
2.257
2.008
2.803
2.336
3.044
2.279
2.247
1.959
2.875
2.449
1.978
2.185
2.362
3.146
2.824
2.536
2.298
2.764
2.287
2.481
2.379
2.440
2.142
3.130
2.268
3.979
2.380
2.160
2.043
2.784
2.110
1.836
2.928
2.490
2.515
2.340
3.288
2.146
3.563
2.677
2.348
2.561
2.848
2.203
2.568
2.410
2.146
2.710
2.338
2.221
2.473
2.670
2.236
2.585
2.036
2.576
2.377
2.147
2.172
2.750
2.194
2.613
2.305
2.349
2.189
2.133
3.103
2.165
2.327
2.321
2.592
2.114
2.122
2.554
3.050
2.427
2.211
2.351
2.151
2.050
2.582
2.333
2.200
2.446
2.198
2.341
2.898
2.258
2.165
2.577
2.423
2.265
2.480
2.623
2.219
3.396
2.413
1.851
2.311
2.665
2.344
2.742
2.026
1.951
2.882
2.178
2.272
2.355
2.327
3.733
3.264
2.927
2.677
2.527
3.078
2.427
2.777
3.186
2.285
2.850
2.070
4.465
2.275
3.761
2.354
2.885
2.478
1.840
2.316
2.989
2.173
2.946
2.097
2.197
2.589
3.204
2.384
2.347
2.307
2.192
2.805
2.706
1.977
2.155
2.157
2.359
3.271
2.457
2.318
2.654
2.070
2.377
2.263
2.394
2.360
2.135
2.771
2.654
3.102
2.061
2.010
2.466
2.409
2.659
3.909
2.455
2.469
2.474
2.329
2.265
2.084
2.526
2.430
2.015
3.202
2.167
2.428
3.031
1.930
2.233
2.366
2.661
2.653
2.660
2.441
3.249
2.245
2.551
3.096
2.457
2.286
2.124
2.227
2.461
2.544
2.721
2.012
2.114
2.716
2.255
3.298
2.339
2.621
2.178
2.643
2.643
2.969
2.277
2.340
2.315
2.247
2.665
2.827
2.578
2.083
2.420
2.521
2.148
2.971
3.135
2.185
2.002
2.597
2.016
3.131
2.500
2.682
2.378
2.789
2.362
3.300
2.604
2.872
3.053
2.834
2.283
2.552
2.441
2.161
2.272
2.910
2.161
2.275
2.667
2.312
2.605
2.259
2.767
2.094
2.731
3.259
2.233
3.219
2.240
2.728
2.183
2.217
2.720
3.061
2.156
2.437
2.143
2.441
2.916
2.352
2.503
2.258
2.390
2.307
2.145
2.210
2.248
2.495
2.013
2.604
2.377
2.245
2.484
2.375
2.354
2.384
2.102
3.061
2.261
2.341
2.551
2.194
2.512
3.600
2.404
2.448
2.306
2.346
2.069
2.147
2.354
2.297
2.662
2.097
2.502
2.202
2.304
3.190
2.106
2.296
2.325
1.982
2.709
2.467
2.123
2.821
2.049
2.399
2.460
1.914
2.286
2.679
2.020
1.999
3.197
2.518
2.673
2.488
2.434
2.808
2.536
2.754
7.627
2.364
1.935
2.670
2.385
3.478
3.276
1.967
1.980
2.213
2.457
2.152
3.209
2.132
2.618
3.101
2.404
2.666
1.938
2.529
7.516
2.120
1.913
2.252
2.471
4.332
2.323
2.788
2.434
2.608
2.961
2.208
3.655
2.975
2.449
2.048
2.608
3.712
2.144
1.922
2.600
2.225
2.933
2.159
2.292
2.671
2.372
2.883
2.546
2.238
2.043
2.423
3.630
3.038
2.100
2.156
2.035
3.844
3.137
2.280
2.624
2.390
3.015
3.033
2.053
3.079
2.272
2.140
3.678
2.271
2.281
3.337
1.993
2.732
2.201
2.367
2.101
2.291
2.715
2.229
2.426
2.133
2.537
2.322
2.347
2.117
2.690
2.160
2.567
2.364
2.230
2.412
2.239
3.231
2.924
2.134
2.354
2.200
2.344
2.730
2.718
2.185
2.039
2.161
2.753
2.368
2.555
2.448
3.358
2.409
2.601
2.031
2.608
2.181
3.716
2.067
2.232
2.295
2.699
2.379
2.637
2.086
2.176
3.047
2.800
2.187
1.946
3.064
2.210
2.154
2.528
2.374
2.669
2.203
2.218
2.528
2.391
2.205
2.598
2.809
2.933
2.153
2.465
2.456
3.186
2.090
2.307
2.167
2.686
2.292
3.400
2.172
2.148
2.278
2.384
2.918
2.496
2.473
4.927
2.494
2.151
2.489
2.739
2.492
4.853
1.987
1.913
2.357
2.560
2.450
3.641
2.392
2.118
2.087
2.400
2.154
3.223
2.784
1.939
2.468
2.248
2.887
4.860
2.151
2.224
2.724
2.763
2.783
4.211
2.451
2.337
2.264
2.613
1.966
2.661
2.401
2.077
2.139
3.803
2.272
5.341
2.157
2.246
2.589
3.218
2.388
1.965
2.373
2.288
2.672
3.531
2.100
3.352
2.260
2.245
2.249
2.306
2.221
2.793
3.128
2.076
2.331
2.111
2.324
1.879
2.283
2.107
2.660
2.095
2.387
1.968
2.424
2.212
2.550
2.068
2.107
3.364
2.428
2.641
2.222
2.226
2.102
2.820
2.160
2.531
2.366
2.583
2.146
1.879
2.944
2.260
2.534
2.501
2.529
2.431
2.069
2.170
2.775
2.179
2.462
2.542
2.158
2.590
2.791
2.381
2.217
2.211
2.176
2.531
2.622
2.068
2.159
2.305
2.088
2.134
2.709
2.409
2.474
2.478
2.636
2.662
2.033
2.460
2.460
2.641
2.715
2.257
2.108
2.123
2.336
2.650
2.557
1.830
2.108
2.022
2.210
2.728
2.686
2.217
2.541
2.850
2.711
2.671
2.605
2.376
2.569
2.591
2.283
2.559
2.581
2.155
2.182
2.043
2.783
2.434
3.546
2.785
2.247
2.141
2.846
2.255
2.326
1.864
2.522
2.029
2.497
2.161
2.007
2.238
2.564
2.435
2.868
2.437
5.608
2.247
2.167
3.112
2.535
2.070
2.374
2.282
2.139
3.426
2.465
2.313
2.692
2.265
2.270
2.325
2.784
4.410
2.341
2.464
2.449
2.214
2.242
2.395
2.485
2.394
2.262
2.189
2.309
2.050
2.281
2.268
2.424
2.184
2.139
1.984
2.355
2.177
2.038
2.233
2.436
2.306
3.656
2.241
2.295
2.482
2.240
2.491
2.803
3.595
2.293
2.254
2.308
2.499
3.428
2.439
2.544
2.465
2.186
2.477
2.168
2.219
2.995
2.160
3.412
2.397
2.556
2.335
2.400
3.216
2.130
2.727
2.522
2.280
2.510
2.386
3.034
2.076
2.237
2.720
2.453
2.640
2.315
2.228
2.170
2.360
2.519
2.170
2.190
3.047
2.346
2.213
2.098
2.156
2.047
3.091
2.449
3.049
2.235
1.979
2.290
3.078
2.566
2.978
2.351
2.277
2.091
3.700
2.899
3.362
2.164
2.519
2.203
2.770
2.414
2.192
2.431
2.280
2.279
4.235
2.357
2.477
2.988
2.343
2.764
2.125
2.407
2.745
2.691
2.285
2.029
2.997
2.891
2.401
2.114
2.026
2.271
2.232
2.404
2.187
2.168
2.733
2.559
2.766
2.232
2.335
2.231
2.450
4.012
2.426
2.198
2.215
2.411
5.795
2.857
2.082
2.476
2.323
2.648
2.418
2.062
2.881
2.396
2.371
2.237
2.174
2.272
2.389
2.866
2.183
2.238
2.340
1.983
3.264
2.115
2.294
2.204
3.356
2.312
2.947
2.991
2.154
2.751
2.451
2.307
3.610
2.582
3.039
1.971
2.470
2.765
2.393
2.722
2.182
2.154
2.083
2.100
2.020
2.096
2.747
2.133
2.845
2.508
2.434
2.680
2.224
2.113
3.074
2.254
2.800
2.364
2.208
3.277
2.147
2.131
2.176
2.267
2.468
2.317
2.429
2.420
2.120
2.634
2.848
2.336
2.258
3.272
2.487
2.287
2.847
3.359
2.003
2.726
2.319
2.562
2.244
2.691
2.544
2.424
2.469
2.158
2.235
2.457
2.091
2.537
2.147
2.473
2.183
1.893
3.331
2.732
2.537
2.099
2.083
2.972
2.443
2.975
2.108
1.929
2.489
1.990
2.968
2.236
1.958
2.928
2.224
2.696
2.124
2.085
2.644
3.033
2.599
2.399
2.547
2.041
2.187
2.379
2.312
2.336
1.979
1.969
2.840
2.219
2.707
4.104
3.324
2.763
2.633
2.452
2.170
2.376
2.461
2.118
2.118
4.218
2.321
2.034
2.483
2.606
3.123
2.110
2.553
2.048
2.027
2.801
1.830
2.380
2.265
2.533
2.030
2.911
2.750
2.140
2.186
3.339
2.746
2.350
2.187
2.143
2.616
2.867
2.403
2.388
2.515
2.072
2.512
2.494
2.214
2.140
2.357
3.787
2.571
2.310
3.290
2.504
2.396
2.254
3.144
3.665
3.114
2.413
2.948
2.285
2.377
2.113
3.321
3.602
2.993
2.239
2.114
3.426
3.635
2.487
3.396
3.161
2.074
2.188
3.445
2.235
3.492
4.541
2.036
3.754
2.707
2.166
2.708
4.295
2.343
2.450
2.823
2.200
4.588
3.426
2.407
6.412
2.548
2.561
2.685
3.606
2.097
2.491
2.625
3.338
2.832
3.378
2.330
2.322
2.570
2.202
2.674
3.148
2.244
3.099
3.305
2.199
2.797
3.306
2.122
5.105
3.798
2.393
3.038
2.180
3.214
2.494
2.563
2.540
2.596
2.123
3.092
2.194
2.636
2.088
2.299
2.190
2.114
2.177
2.336
2.166
2.117
2.311
3.329
2.286
2.162
2.063
2.496
2.298
2.801
2.284
3.037
2.246
2.178
2.253
2.431
2.170
2.240
2.203
2.383
1.969
2.167
2.225
2.405
2.105
2.137
2.279
2.162
2.282
2.421
1.968
2.203
2.257
2.325
2.076
2.094
2.209
2.411
2.475
2.107
2.073
2.327
2.332
2.590
2.756
2.048
2.155
2.299
2.106
2.477
2.060
2.377
2.109
2.157
2.058
2.220
2.053
2.304
2.235
2.252
2.184
2.500
2.319
2.212
2.373
2.169
2.044
2.131
2.121
2.095
2.215
2.064
2.187
2.219
2.161
2.267
2.166
2.363
1.979
2.193
2.168
2.343
1.946
2.079
2.476
1.993
2.527
2.148
2.126
2.383
2.436
2.088
2.085
2.135
2.332
2.372
2.084
2.425
2.983
2.731
2.101
2.373
2.777
2.870
2.191
2.089
2.279
3.521
2.792
1.879
1.967
3.417
2.857
1.882
1.977
2.246
2.665
2.660
2.291
2.207
2.640
2.627
2.168
1.986
1.934
2.116
2.201
2.789
2.315
2.046
1.858
2.092
2.427
2.591
2.187
2.288
2.495
2.515
2.142
2.163
2.454
2.134
2.338
2.075
2.279
2.183
2.223
2.749
2.826
3.003
2.327
2.332
2.086
2.213
2.272
2.464
2.597
2.311
2.702
6.567
6.948
6.858
6.954
6.531
6.618
6.904
6.873
6.928
6.631
6.538
6.648
7.019
6.902
6.923
6.598
6.747
6.957
6.871
6.899
6.589
6.662
6.646
6.718
6.667
6.631
6.676
6.670
6.677
6.607
2.345
2.057
2.382
2.368
2.253
2.852
2.777
3.053
