2.3809
2.3740
2.3613
2.3913
2.3614
2.3599
2.3717
2.3930
2.3682
2.3761
2.3856
2.3916
2.3618
2.3724
2.3748
2.3732
2.3777
2.4012
2.3821
2.3669
2.3708
2.3791
2.3403
2.3651
2.3603
2.3785
2.3760
2.3547
2.3733
2.3982
2.3643
2.3693
2.3730
2.3619
2.4235
2.3622
2.3687
2.3709
2.3820
2.3631
2.3617
2.3522
2.3695
2.3761
2.4016
2.3962
2.3665
2.3031
2.3744
2.3491
2.3846
2.4115
2.3630
2.3476
2.3674
2.3479
2.3701
2.4027
2.3380
2.3401
2.3581
2.3679
2.3769
2.4043
2.3454
2.3795
2.3781
2.3766
2.3780
2.4025
2.3746
2.3550
2.3712
2.3706
2.3799
2.3874
2.3873
2.3684
2.3769
2.3628
2.3687
2.3975
2.3960
2.3507
2.3661
2.3718
2.3644
2.3908
2.3699
2.3908
2.3924
2.3744
2.3734
2.3628
2.4123
2.3116
2.3984
2.3686
2.3944
2.3744
2.3882
2.3928
2.3538
2.3597
2.3680
2.3674
2.3617
2.3694
2.3614
2.3835
2.3850
2.3611
2.3657
2.3974
2.3684
2.3412
2.3721
2.3812
2.3665
2.3784
2.3567
2.3470
2.3804
2.3545
2.3675
2.4016
2.3625
2.3708
2.3767
2.3640
2.3635
2.3880
2.3617
2.3698
2.3727
2.3520
2.3719
2.3616
2.3672
2.3696
2.3524
2.3696
2.3904
2.3610
2.3681
2.3791
2.3566
2.3761
2.3772
2.3783
2.3628
2.3559
2.3776
2.3743
2.3667
2.3695
2.4075
2.3389
2.3554
2.3825
2.3796
2.3819
2.3947
2.3673
2.3675
2.3745
2.3986
2.3633
2.4079
2.3951
2.3520
2.3672
2.3908
2.3822
2.3614
2.3773
2.3491
2.3738
2.3727
2.3827
2.3735
2.3521
2.3561
2.3239
2.3684
2.3679
2.3517
2.3500
2.3495
2.3231
2.3693
2.3877
2.3529
2.3175
2.3588
2.3442
2.3989
2.3655
2.3598
2.3469
2.3669
2.3436
2.3597
2.3617
2.3686
2.3422
2.3634
2.3557
2.3669
2.3636
2.3484
2.3293
2.3576
2.3550
2.3615
2.3638
2.3319
2.3697
2.3719
2.3541
2.3499
2.3854
2.3540
2.3628
2.3606
2.3562
2.3650
2.3664
2.3577
2.3582
2.3874
2.3603
2.3611
2.3832
2.3561
2.3636
2.3615
2.3556
2.3594
2.3646
2.3599
2.3652
2.3500
2.3850
2.3545
2.3789
2.3598
2.3742
2.3727
2.4071
2.3660
2.3629
2.3462
2.3803
2.3632
2.4017
2.3630
2.3827
2.3600
2.3741
2.3589
2.4010
2.3551
2.3623
2.3591
2.3659
2.3579
2.3953
2.3656
2.3854
2.3710
2.3618
2.3664
2.3985
2.3552
2.3662
2.3649
2.3620
2.3531
2.4016
2.3577
2.3678
2.3656
2.3709
2.3564
2.3663
2.3692
2.3618
2.3712
2.3667
2.3623
2.3616
2.3621
2.3868
2.3463
2.3802
2.3613
2.3666
2.3622
2.3642
2.3367
2.3796
2.3541
2.3851
2.3628
2.3810
2.3918
2.3774
2.3736
2.3779
2.3631
2.3657
2.3703
2.3583
2.3514
2.3724
2.3753
2.3836
2.3600
2.3579
2.3815
2.4022
2.3756
2.3599
2.3544
2.3534
2.3758
2.3858
2.3765
2.3788
2.3712
2.3553
2.3642
2.3781
2.3650
2.3853
2.3654
2.3466
2.3638
2.3788
2.3611
2.3615
2.3484
2.3463
2.3846
2.3976
2.3670
2.3782
2.3296
2.3782
2.3600
2.3608
2.3730
2.3677
2.3544
2.3807
2.3974
2.3679
2.3659
2.3611
2.3586
2.3716
2.3703
2.3900
2.3795
2.3699
2.3560
2.3622
2.3635
2.3607
2.3803
2.3605
2.3533
2.3641
2.3644
2.3601
2.3742
2.3564
2.3596
2.3591
2.3759
2.3679
2.3584
2.3746
2.3586
2.3641
2.3776
2.3842
2.3594
2.3670
2.3621
2.3706
2.3684
2.3608
2.3547
2.3790
2.3555
2.3772
2.3647
2.3934
2.3593
2.3607
2.3698
2.3802
2.3828
2.3708
2.3473
2.3584
2.3709
2.3668
2.3889
2.3744
2.3484
2.3759
2.3597
2.3722
2.3659
2.3817
2.3981
2.3673
2.3683
2.3650
2.3698
2.3939
2.3784
2.3722
2.3505
2.3621
2.3717
2.3700
2.3727
2.3617
2.3745
2.3643
2.3837
2.3721
2.3773
2.3644
2.3878
2.3483
2.3945
2.3820
2.3790
2.3819
2.3737
2.3477
2.3758
2.3576
2.3986
2.3669
2.3797
2.3570
2.3683
2.3836
2.3679
2.3645
2.4106
2.3542
2.3597
2.3616
2.3715
2.3656
2.3628
2.3575
2.3555
2.3592
2.3724
2.3611
2.3976
2.3628
2.3574
2.3534
2.3731
2.3629
2.3772
2.3710
2.3654
2.3816
2.3579
2.3746
2.3543
2.3700
2.3683
2.3618
2.3550
2.3663
2.3827
2.3738
2.3567
2.3574
2.3625
2.3862
2.3903
2.3459
2.3822
2.3596
2.3508
2.3617
2.3624
2.3499
2.3476
2.3601
2.3592
2.3713
2.3727
2.3765
2.3829
2.3717
2.3633
2.3620
2.3579
2.3736
2.3507
2.3729
2.3555
2.3577
2.3757
2.3522
2.3529
2.3708
2.3553
2.3759
2.3934
2.3469
2.3456
2.3864
2.3573
2.3697
2.3657
2.3855
2.3546
2.3659
2.3616
2.3597
2.3938
2.3735
2.3681
2.3847
2.3510
2.3730
2.3359
2.3530
2.3588
2.3868
2.3590
2.3679
2.3897
2.3471
2.3671
2.3850
2.3570
2.3716
2.3470
2.3634
2.3608
2.3821
2.3650
2.3647
2.3574
2.3637
2.3670
2.3854
2.3801
2.3600
2.3901
2.3394
2.3499
2.3751
2.3893
2.3691
2.3712
2.3388
2.3570
2.3767
2.3781
2.3555
2.3825
2.3186
2.3611
2.3752
2.3706
2.3962
2.4070
2.3168
2.3677
2.3784
2.3764
2.3773
2.3645
2.2964
2.3516
2.3744
2.3732
2.3650
2.3928
2.2885
2.3646
2.3785
2.3506
2.3593
2.3673
2.2962
2.3526
2.3786
2.3482
2.3627
2.3688
2.2851
2.3782
2.3691
2.3712
2.3644
2.3775
2.3363
2.3538
2.3430
2.3755
2.3929
2.3763
2.3382
2.3452
2.3489
2.3440
2.3641
2.3722
2.3153
2.3616
2.3848
2.3491
2.3798
2.3615
2.3175
2.3675
2.3832
2.3749
2.3654
2.3732
2.3793
2.3760
2.3510
2.3667
2.3630
2.3610
2.3706
2.3795
2.3500
2.3554
2.3926
2.3720
2.3626
2.3833
2.3732
2.3679
2.3667
2.3942
2.3688
2.3758
2.3758
2.3504
2.3742
2.3608
2.3726
2.3617
2.3499
2.3654
2.3629
2.3946
2.3756
2.3826
2.3487
2.3598
2.3633
2.3691
2.3454
2.3873
2.3628
2.3575
2.3925
2.3750
2.3432
2.3738
2.3608
2.3497
2.3666
2.3755
2.3742
2.3739
2.3532
2.3491
2.3928
2.3576
2.3730
2.3853
2.3727
2.3853
2.3602
2.3741
2.3471
2.3928
2.3610
2.3825
2.3636
2.3674
2.3464
2.3649
2.3628
2.3395
2.3665
2.3597
2.7068
2.3673
2.3703
2.3365
2.3776
2.3535
2.7273
2.3695
2.3685
2.3187
2.3818
2.4127
2.7401
2.3689
2.3933
2.3190
2.3713
2.4030
2.7591
2.3706
2.3636
2.3230
2.3734
2.4041
2.7488
2.3772
2.3969
2.3441
2.3626
2.3943
2.7239
2.3705
2.3725
2.3212
2.3737
2.3951
2.7142
2.3786
2.3401
2.3411
2.3646
2.3853
2.7534
2.3603
2.3521
2.3778
2.3800
2.3948
2.7533
2.3979
2.3669
2.3760
2.3719
2.3937
2.7603
2.3731
2.3657
2.3492
2.3730
2.4051
2.7047
2.3663
2.3676
2.3512
2.3708
2.4078
2.7210
2.3536
2.3635
2.3771
2.3762
2.4035
2.3756
2.3798
2.3563
2.3716
2.3717
2.4070
2.3772
2.3570
2.3573
2.3494
2.3824
2.4044
2.3697
2.3692
2.3987
2.3471
2.3786
2.4018
2.3727
2.3639
2.4056
2.3612
2.3722
2.3698
2.3707
2.3466
2.3940
2.3661
2.3656
2.3733
2.3546
2.3586
2.4008
2.3735
2.3638
2.3714
2.3618
2.3638
2.4052
2.3595
2.3792
2.3671
2.3574
2.3586
2.3955
2.3559
2.3659
2.3668
2.3404
2.3620
2.3720
2.3586
2.3825
2.3877
2.3588
2.3632
2.3639
2.3590
2.3638
2.3523
2.3548
2.3540
2.3536
2.3630
2.3583
2.4060
2.3563
2.3549
2.3629
2.3622
2.3956
2.3514
2.3553
2.3744
2.3595
2.4071
2.3646
2.3714
2.3659
2.3538
2.3967
2.3630
2.3526
2.3670
2.3564
2.3678
2.3583
2.3759
2.3730
2.3610
2.3929
2.3531
2.3656
2.3742
2.3590
2.3942
2.3618
2.3806
2.3712
2.3551
2.3978
2.3634
2.3527
2.3912
2.3566
2.4024
2.3614
2.3567
2.3560
2.3589
2.4012
2.3659
2.3553
2.3695
2.3497
2.3955
2.3513
2.3763
2.3773
2.3582
2.3913
2.3656
2.3692
2.3707
2.3708
2.3758
2.3459
2.3698
2.3735
2.3622
2.3612
2.3563
2.3680
2.3610
2.3679
2.3792
2.3467
2.3734
2.3664
2.4005
2.3724
2.3517
2.3688
2.3798
2.3681
2.3912
2.3776
2.3775
2.3812
2.3672
2.3705
2.3490
2.3778
2.3850
2.3660
2.3877
2.3843
2.3627
2.3740
2.3999
2.3707
2.3948
2.3636
2.3763
2.3547
2.3829
2.3690
2.3643
2.3833
2.3579
2.3611
2.3735
2.3660
2.3835
2.3541
2.3727
2.3656
2.3679
2.3780
2.3215
2.3725
2.3900
2.3640
2.3847
2.3444
2.3890
2.3734
2.3638
2.3795
2.3456
2.3649
2.3728
2.3698
2.3781
2.3520
2.3754
2.3712
2.3865
2.3761
2.3467
2.3725
2.3919
2.3651
2.3719
2.3835
2.3708
2.3711
2.3658
2.3711
2.3805
2.3881
2.3744
2.3633
2.3690
2.3536
2.3807
2.3634
2.3846
2.3861
2.3478
2.3656
2.3735
2.3766
2.3721
2.3770
2.4008
2.3841
2.3429
2.3738
2.3758
2.3808
2.3801
2.3557
2.3831
2.3499
2.3627
2.3813
2.3556
2.3850
2.3477
2.3562
2.3721
2.3661
2.3579
2.4064
2.3798
2.3848
2.3659
2.3565
2.3606
2.3497
2.3694
2.3634
2.3718
2.3604
2.3585
2.3755
2.3583
2.3729
2.3608
2.3570
2.3780
2.3633
2.3538
2.3671
2.3522
2.3674
2.3510
2.3536
2.3674
2.3615
2.3550
2.3721
2.3523
2.3685
2.3715
2.3577
2.3429
2.3500
2.3683
2.3612
2.3542
2.3475
2.3567
2.3700
2.3625
2.3592
2.3640
2.3543
2.3730
2.3675
2.3575
2.3576
2.3517
2.3964
2.3686
2.3549
2.3594
2.3532
2.3973
2.3709
2.3661
2.3537
2.3862
2.3517
2.3748
2.3535
2.3610
2.3810
2.3557
2.3457
2.3663
2.3585
2.3821
2.3572
2.3571
2.3570
2.3577
2.3525
2.3718
2.3558
2.3596
2.3605
2.3759
2.3711
2.3507
2.3559
2.3725
2.3530
2.3837
2.3531
2.3495
2.3505
2.3522
2.3857
2.3508
2.3472
2.3522
2.3750
2.3635
2.3574
2.3474
2.3552
2.3519
2.3677
2.3573
2.3815
2.3526
2.3703
2.3527
2.3632
2.3555
2.3751
2.3639
2.3490
2.3593
2.3821
2.3594
2.3598
2.3506
2.3816
2.3529
2.3610
2.3804
2.3509
2.3585
2.3741
2.3595
2.3499
2.3803
2.3655
2.3504
2.3708
2.3630
2.3648
2.3605
2.3650
2.3685
2.3705
2.3619
2.3653
2.3654
2.3666
2.3562
2.3380
2.3555
2.3370
2.3784
2.3183
2.3710
2.3206
2.3782
2.3756
2.3740
2.3754
2.3668
2.3487
2.3665
2.3439
2.3703
2.3655
2.4021
2.3739
2.3765
2.3472
2.3665
2.3520
2.3682
2.3723
2.3687
2.3751
2.3711
2.3481
2.3795
2.3461
2.3631
2.3781
2.3657
2.3801
2.3704
2.3818
2.3822
2.3668
2.3877
2.3907
2.3649
2.3771
2.3679
2.3912
2.3842
2.3825
2.3748
2.3594
2.3417
2.3688
2.3665
2.3635
2.3559
2.3783
2.3670
2.3813
2.3471
2.3725
2.3509
2.3810
2.3429
2.3812
2.3428
2.3809
2.3572
2.3801
2.3625
2.3773
2.3686
2.3776
2.3631
2.3735
2.3565
2.3640
2.3521
2.3678
2.3677
2.3621
2.3434
2.3645
2.3479
2.3737
2.3436
2.3815
2.3527
2.3691
2.3633
2.3627
2.3629
2.3565
2.3579
2.3985
2.3540
2.3670
2.3631
2.3730
2.3533
2.3850
2.3511
2.3751
2.3552
2.3471
2.3637
2.3653
2.3554
2.3721
2.3545
2.3603
2.3593
2.3782
2.3989
2.3984
2.3930
2.4128
2.3954
2.3933
2.3940
2.4009
2.4008
2.4078
