3.4339
8.8323
3.8787
3.7489
4.1919
3.6563
8.3209
3.6902
3.8586
4.6416
4.9767
4.1183
6.9791
3.7230
7.1016
3.7628
3.7754
3.8948
4.8518
4.1790
3.8645
3.6747
4.8742
3.8686
4.9397
5.0239
3.7135
3.6593
4.5740
3.6862
4.8861
3.6731
3.4569
3.7013
3.7854
3.4255
5.0966
3.7826
3.9497
3.8630
3.5339
4.2739
3.7691
3.2848
4.1681
3.9015
3.3693
4.0696
3.8257
3.8367
3.8299
3.7738
3.2804
3.8381
3.7734
4.8163
3.8709
3.7569
3.8821
3.6708
3.8769
3.5751
4.3103
3.8615
3.8568
3.8476
3.8782
3.9076
3.8832
4.0599
3.8163
3.8606
3.9198
3.6424
3.6004
3.6035
3.7803
3.5174
3.8684
3.6544
3.7816
4.0785
3.7148
3.7961
3.7604
3.7481
3.6984
3.3184
3.9242
4.0030
3.1965
4.1314
3.9876
3.8774
3.8980
3.8653
3.1824
3.7699
3.9954
3.7899
4.0940
3.9193
3.7748
3.7477
3.9903
3.6545
3.7229
3.8162
3.7944
3.7808
3.8839
3.5140
3.7260
3.2120
3.6041
3.6393
3.9093
3.6017
3.7609
4.8893
3.7777
3.5810
3.8616
3.7653
3.4920
3.7827
3.7106
3.8926
3.8076
3.7969
3.6144
3.6591
3.1594
3.9288
3.5726
3.7891
3.8134
4.3098
3.2362
4.1521
3.9783
3.6224
3.9755
3.6439
3.6577
3.7596
3.8196
3.8955
3.3192
3.9031
3.8625
3.2152
3.5238
3.8690
3.9912
3.9641
3.5420
3.6138
4.3215
3.7210
3.9285
3.1574
3.9679
3.7287
3.8122
3.8267
3.6169
3.3548
3.8209
3.6732
3.6058
4.1633
3.2493
3.6358
3.6058
3.8025
3.9210
3.6093
3.9135
3.7467
3.5222
3.8749
3.4373
3.9225
3.7901
3.5860
3.9717
3.8068
4.6336
4.1227
3.8879
3.8550
3.7913
3.8397
3.1493
3.8876
3.7675
3.6262
3.6222
3.7874
3.6827
3.7467
3.6611
3.8476
3.7778
3.4201
3.6258
3.1464
3.7569
3.4378
3.6375
3.7965
3.6784
3.6746
3.8309
3.7272
3.1853
3.8801
3.7717
3.7275
3.8756
3.6234
3.2824
3.6915
3.8624
3.6074
3.8554
3.9715
3.7409
3.7064
3.9203
3.7932
4.1735
3.8530
3.8047
3.7405
3.8751
3.6734
3.8990
3.8140
3.7281
3.5133
3.7843
3.8745
3.7242
3.6729
3.8473
3.8721
3.8314
3.7682
4.7507
3.8675
3.8749
3.6674
4.4219
3.8686
3.6454
4.1596
3.7718
3.7374
3.6790
4.1777
3.7389
3.7046
3.5016
3.2637
3.5291
3.8405
3.7540
3.9573
3.7741
3.7384
3.8523
3.5999
3.7840
3.8527
3.7338
3.6736
3.5146
3.7807
3.6850
3.8591
3.7884
3.7219
3.7337
3.9963
3.6751
3.7384
3.7063
3.7252
3.5323
3.7069
3.7379
3.8220
3.7335
3.6645
3.8558
3.4556
4.1491
3.7417
3.9349
4.1403
3.5394
3.7460
3.7179
3.5652
3.7507
4.2115
3.8168
3.8487
4.0371
3.7759
3.8438
3.6495
3.8351
3.8060
3.7896
4.8707
3.8785
3.5190
5.1502
3.9328
3.7988
4.2200
3.8956
4.9340
3.8694
3.5436
5.0337
3.8310
4.9215
3.7595
3.7125
4.0683
3.7565
3.6948
4.0017
3.8342
3.5407
3.2257
3.7017
5.0179
3.7160
3.5392
3.7139
3.6844
4.8935
3.7174
4.1173
3.5540
3.8534
4.0441
4.8962
3.7860
3.8783
3.6816
4.8970
3.5112
3.7376
4.1682
3.8711
3.9626
4.0806
4.8820
3.7978
10.1331
3.7163
3.4984
3.7987
4.1581
3.8237
4.1677
5.7281
3.7651
3.8374
3.8683
3.7241
3.7932
3.8414
3.5961
3.7588
3.6294
4.9320
3.8340
3.7258
3.9552
3.9124
4.9415
3.7161
3.8728
11.4076
3.7267
9.7006
3.7318
3.7542
4.9393
3.6295
3.8144
4.9013
3.5358
3.9060
3.7172
3.4789
3.7974
3.4633
3.7956
4.9303
3.7711
9.7556
4.3820
3.7104
3.9586
3.8819
3.5121
4.0150
3.4906
3.9048
3.3325
3.9274
4.1942
3.7670
3.7324
3.5603
3.7402
3.5784
3.8085
3.7906
3.6745
3.6633
3.9727
3.7892
3.7325
3.4760
3.8094
3.7149
3.6847
3.6141
3.4905
3.4398
3.5904
3.5404
3.8084
3.5871
3.7108
3.6469
3.9543
3.7414
3.8532
3.9500
3.7957
3.7866
4.1884
3.8831
3.4701
3.8326
3.7986
3.6657
3.7016
3.9570
3.8458
3.8647
3.6553
3.7898
3.8704
3.8566
3.8202
3.6080
3.6266
4.3582
3.7585
3.4098
3.7263
3.7527
3.8682
3.8436
4.8867
3.5587
3.7417
3.6888
3.8308
4.9071
3.5085
3.8646
3.7840
4.1455
3.4903
3.7056
3.8463
4.2145
3.8564
3.9900
3.7259
3.6663
3.6961
3.7216
3.9370
3.8792
3.8426
3.7503
3.7128
3.3184
3.8542
3.7494
3.3279
3.8971
3.8105
3.7697
3.9759
3.8039
3.9907
3.9003
3.8101
3.4283
3.6428
3.7153
3.8766
3.7972
3.9131
3.7098
3.6237
3.3435
3.7763
3.6561
3.8088
3.5515
3.7109
3.5028
3.9713
3.9537
3.8134
3.7765
3.7841
3.9676
3.7468
3.8421
3.9582
3.4967
4.0447
3.7151
3.8219
3.5587
3.5567
3.4128
3.5118
3.3802
3.6284
3.9044
3.8258
3.8233
3.7011
3.7124
3.8268
3.8372
3.7151
3.7278
3.4990
3.3443
3.2707
3.5583
4.4412
3.5004
3.6820
3.6302
3.7841
3.8687
4.0196
4.0704
3.7970
3.7282
3.4461
3.6396
3.5969
3.8457
3.6292
3.8830
4.0036
3.8152
3.8882
9.8512
3.9650
3.6007
3.5874
3.9079
3.7400
3.9070
3.8664
3.7359
3.8459
3.6611
3.8860
3.5269
3.4828
3.7482
4.1813
3.9068
3.8746
3.7061
3.3171
4.8929
4.9436
4.9080
4.9526
4.9165
4.9205
