4.7743
4.8647
4.8047
4.4189
4.7244
5.0040
4.2107
4.6694
3.5459
4.4588
4.9599
4.7330
8.6330
4.8013
3.4824
3.6897
8.5968
4.6250
4.6726
8.4066
4.6708
5.8792
8.3568
4.7233
4.8235
4.8206
8.8772
4.7596
4.7826
3.5052
6.7107
4.9457
4.4578
8.7011
4.9175
4.9485
8.3332
4.8941
4.9119
4.5194
4.7839
4.5538
4.7777
4.7519
4.7004
4.9730
4.6488
4.9170
4.6435
4.7102
5.4552
7.5652
4.3449
4.6792
4.3791
5.1096
4.4302
4.4583
4.9554
4.7254
4.8886
4.8349
4.6910
5.4558
4.8634
4.9044
4.6759
4.8894
4.4808
4.7692
4.8819
4.8219
4.8225
4.5424
4.8273
5.0534
4.9347
4.6873
4.8579
4.4454
4.8524
4.5256
4.7536
4.7136
4.6812
4.7646
4.5738
5.0688
4.7326
4.6638
4.6697
4.8910
4.6792
4.7319
4.7836
4.5858
4.7668
4.8959
4.7319
4.6892
4.5923
4.9837
4.6881
4.7091
4.3391
4.8647
4.7989
4.8676
4.5238
4.7043
14.7719
4.7503
4.9685
4.5655
4.6309
4.6946
4.6735
4.3675
4.8378
4.8504
4.5936
4.8325
4.6164
4.8181
4.8515
4.7009
4.7275
4.6837
4.7898
4.3960
4.8458
4.7264
4.7742
4.8944
4.5541
4.8005
4.7627
4.8547
4.3005
4.8897
4.9251
4.7772
4.5593
4.7557
4.5949
4.5974
4.7809
4.7613
4.6723
9.2890
4.8014
4.6161
4.7936
4.6795
4.6249
4.8413
4.7578
4.7189
4.6838
4.8044
4.9464
4.9389
4.5433
4.3801
4.7199
4.6505
4.8172
4.7923
5.0059
4.9174
4.3073
4.8164
4.4406
4.7167
4.6685
5.0442
4.8098
4.6130
4.7156
4.5921
4.8018
4.5425
4.4582
4.8442
4.6826
4.6774
4.8208
4.5240
4.9112
4.7049
4.8217
4.6295
4.9286
4.7275
4.7299
4.7755
4.3400
4.7145
4.8656
4.7928
4.5074
4.8410
4.6902
4.8901
4.9045
4.6010
4.6678
4.7892
4.8003
4.8601
4.7512
4.7829
4.7280
4.8301
4.8670
4.8361
4.9205
4.4703
4.7852
4.7273
4.9972
4.9269
4.9515
4.7710
4.9169
4.8190
4.6247
4.9116
4.7964
4.7912
4.8555
4.8696
4.7182
5.0090
4.7942
4.6179
4.6505
4.6609
4.7102
4.7613
4.6242
4.8644
4.6714
4.8058
4.8998
4.6745
4.8501
4.7843
4.8767
5.1511
4.8237
5.1427
4.6136
4.7103
4.6665
14.5681
4.5647
4.9318
4.6272
4.7870
4.9121
4.6164
4.7355
4.8383
4.8836
4.8380
4.5139
4.8009
4.4873
4.7933
4.5481
4.5996
4.7408
4.8078
4.7146
4.7471
4.8208
4.8153
4.6413
4.7184
4.7604
4.6242
4.5530
4.7164
4.7466
4.8309
4.8417
4.1171
4.6318
4.7041
4.5152
4.4722
5.3564
4.9324
4.6125
4.5412
4.7076
4.9712
4.6299
4.8124
8.5664
4.5869
8.5948
8.5867
8.1144
4.6645
4.8994
8.6446
4.1927
4.7947
10.6551
8.5996
4.9028
8.9170
8.6364
9.9026
4.8397
4.8998
8.5309
4.9353
4.9306
4.4782
4.9300
4.5803
4.7805
4.6614
4.6522
4.6147
4.5890
4.7694
4.7468
4.9267
4.6229
4.5559
4.8179
4.8548
4.6326
4.7690
4.7324
4.3800
4.7655
4.7011
4.7768
4.7189
4.6610
4.5954
4.5494
4.7049
4.3209
4.6761
4.8015
6.2908
4.8329
4.7329
5.6853
4.8839
4.9742
4.6272
4.8335
4.8063
4.8871
4.7316
5.0428
4.5477
4.5698
4.5760
4.8194
4.4476
4.4812
4.6828
4.7799
4.8776
4.6356
4.6029
4.9662
4.3628
4.4903
4.8143
4.7269
4.6196
4.6781
4.5456
4.8116
4.6982
4.8168
4.8975
4.6110
14.5651
4.7144
4.7987
4.8356
4.8579
4.8018
4.7942
4.9131
4.8559
4.9816
4.8046
4.6975
4.9316
4.8911
5.1336
4.8415
4.7523
5.0220
4.8497
4.5967
4.7728
4.8761
4.6185
4.7320
4.9310
4.6743
4.8244
4.6702
4.9028
4.6862
4.8928
4.8032
4.9213
4.7784
4.8738
4.7807
5.2638
4.8212
4.7393
4.8894
4.8578
14.5062
4.7192
4.8629
4.4485
4.8991
4.8986
4.9483
4.7998
4.6455
4.8353
4.9576
4.6445
4.4340
4.9192
4.6449
4.7780
4.9439
4.7569
4.6955
4.9805
4.6880
4.7635
4.6535
4.7037
4.8413
4.5465
4.8276
4.7575
4.5632
4.3723
4.6851
4.6235
4.7457
4.4693
4.8870
4.5945
4.7072
4.6993
4.4387
4.8814
4.6502
5.1165
4.9259
4.7763
4.5927
4.4961
4.7730
4.7561
4.6883
4.5643
4.6468
4.9487
4.8118
4.6511
4.7981
4.9196
4.6427
4.7873
4.8859
4.6127
4.9671
4.5656
4.8541
14.5171
4.6707
4.8230
4.6250
4.8897
4.6848
4.8580
4.7698
4.7530
4.9289
4.8908
4.8559
4.6699
4.8277
4.7739
4.8634
4.7576
4.9485
4.8265
4.4511
4.6201
4.5973
4.7027
4.6700
4.8928
4.8804
4.8289
4.8083
6.1426
4.2832
4.2419
4.8292
4.7099
4.7911
4.4448
5.0601
4.7218
4.7767
4.9456
4.8723
4.6934
4.8757
4.6296
11.2715
4.8258
4.7063
4.6898
4.7726
4.9840
4.8123
5.3274
14.5037
5.0515
5.0063
4.7102
4.7472
4.3543
4.6150
4.5734
4.6615
4.8829
4.8253
4.9155
4.5128
