1.934
1.783
5.701
2.897
1.557
2.377
2.348
1.698
3.209
2.113
7.777
2.315
1.873
2.452
3.069
2.224
3.992
1.106
2.702
2.167
2.057
1.994
1.351
1.754
2.516
1.654
2.498
2.099
2.062
1.522
2.549
1.567
2.555
2.787
3.261
1.693
2.116
3.065
2.926
2.788
1.903
2.249
1.927
2.082
2.151
2.652
2.626
2.063
2.398
2.190
2.745
3.745
2.134
2.018
2.332
3.725
2.033
2.690
2.997
2.274
3.136
3.098
2.248
3.067
2.690
2.290
2.003
2.159
2.502
7.685
2.383
1.918
2.710
2.086
2.423
2.575
2.779
2.439
2.257
2.303
1.772
2.817
2.488
2.691
2.714
2.811
2.524
8.306
2.364
3.185
2.382
2.093
2.228
2.001
3.402
2.476
2.223
2.362
2.521
2.100
2.673
2.132
2.957
2.216
2.394
2.389
2.925
2.247
2.718
1.933
2.896
2.520
2.247
1.896
2.825
2.123
1.753
2.510
1.871
2.410
2.686
2.618
2.643
2.423
1.922
2.289
2.575
2.287
2.619
2.550
2.357
1.870
2.012
3.112
2.001
2.592
2.411
2.954
2.685
2.185
2.198
2.311
2.082
1.776
2.042
1.909
4.529
2.026
2.616
3.361
2.219
3.204
2.447
2.561
2.514
2.880
3.621
2.095
1.863
2.443
3.426
2.961
2.167
2.560
1.922
2.685
2.122
2.223
2.327
3.773
2.643
2.181
3.039
2.260
2.004
3.090
2.623
2.443
2.257
2.211
2.325
2.170
1.795
2.839
3.219
2.553
2.868
2.305
2.065
2.646
2.398
2.935
3.068
2.214
2.419
2.660
2.859
2.604
2.400
2.097
2.367
2.040
2.740
2.273
2.339
2.017
3.099
2.147
2.193
2.256
2.224
1.848
2.336
2.395
3.228
2.491
2.852
2.305
4.014
2.610
2.907
2.226
2.203
2.163
2.750
3.974
1.979
1.950
2.092
3.739
2.376
2.061
2.014
1.735
2.731
3.000
2.294
2.324
2.765
2.195
3.545
2.826
2.041
2.471
2.591
2.400
2.780
1.968
2.208
3.278
2.314
2.582
2.337
3.102
2.712
2.233
2.358
1.986
1.740
2.781
2.903
2.297
2.857
2.024
1.965
3.178
2.839
2.940
2.471
2.288
3.487
2.219
2.044
2.148
1.984
2.843
2.310
3.048
3.091
2.358
3.147
2.007
2.933
2.636
2.424
2.353
2.518
2.560
3.687
1.949
2.372
2.211
2.220
1.803
1.962
2.249
3.043
2.603
1.754
2.096
2.667
1.916
2.172
1.842
2.189
1.853
2.182
2.843
2.358
1.945
1.899
3.250
2.435
2.970
3.050
2.443
2.320
2.719
1.997
2.433
2.222
2.484
2.204
1.990
2.088
1.917
2.600
2.052
2.163
2.595
2.123
2.278
2.032
2.247
2.046
2.214
2.081
2.346
2.323
2.111
2.325
1.840
2.982
2.828
3.069
2.267
2.396
1.701
2.838
2.921
1.779
2.107
2.295
2.813
3.205
2.886
2.506
2.909
2.153
2.954
2.375
2.361
2.210
3.247
2.202
3.442
2.167
2.231
1.857
2.666
1.914
1.934
2.852
2.923
2.714
2.235
3.317
1.973
3.589
2.838
2.194
2.460
2.819
2.729
2.614
2.473
1.982
2.667
2.541
2.163
2.685
3.198
2.315
2.545
1.826
2.801
2.291
2.327
2.274
2.691
2.254
2.775
2.192
2.495
2.247
1.970
3.144
2.246
2.176
2.633
2.774
2.000
2.260
2.313
2.996
2.888
2.212
2.236
2.219
1.952
2.586
2.593
2.184
2.657
1.999
2.831
2.856
2.238
2.064
2.661
2.339
2.417
2.413
3.082
2.285
3.520
2.603
1.689
2.127
2.733
2.416
2.657
1.821
1.653
2.721
2.157
2.395
2.206
2.403
3.388
3.342
3.138
2.904
2.552
3.113
2.694
2.935
3.477
2.443
3.129
2.283
3.873
2.212
3.622
2.412
2.853
2.548
1.826
2.264
2.883
2.290
3.079
2.090
1.824
2.742
3.042
2.655
2.110
2.237
2.654
2.925
2.864
1.782
1.993
1.946
2.239
3.425
2.623
2.389
2.836
2.046
2.270
2.467
2.668
2.660
2.026
2.896
2.877
3.123
1.878
1.873
2.459
2.680
2.767
3.906
2.453
2.532
2.714
2.318
2.031
2.239
2.722
2.727
1.830
3.197
2.078
2.593
3.227
1.787
2.238
2.053
2.855
2.553
2.805
2.584
3.291
2.082
2.671
3.357
2.774
2.636
2.425
2.081
2.300
2.951
2.903
1.890
2.187
2.674
2.134
3.497
2.243
2.675
1.972
2.764
2.838
3.081
2.246
2.740
2.463
2.368
2.768
2.732
2.803
1.833
2.614
2.517
1.931
3.102
3.340
2.167
1.794
2.860
1.763
3.398
2.594
2.884
2.454
3.004
2.007
3.316
2.947
3.064
3.100
2.946
2.274
2.645
2.547
2.512
2.157
2.837
2.004
2.546
2.680
2.154
2.527
2.163
2.849
2.124
2.846
3.584
2.274
3.688
2.017
2.957
2.259
2.183
3.045
3.070
1.997
2.554
2.016
2.544
2.961
2.252
2.450
2.278
2.331
2.511
2.344
2.182
2.379
2.615
1.825
2.723
2.680
2.183
2.630
2.499
2.252
2.422
1.856
3.345
2.213
2.177
2.758
2.263
2.526
3.554
2.343
2.807
2.159
2.596
2.368
2.384
2.737
2.131
2.708
2.139
2.612
2.410
2.141
3.562
1.910
2.155
2.365
1.754
2.987
2.390
1.881
3.364
1.820
2.401
2.664
2.018
2.633
2.715
1.801
1.805
3.813
2.745
2.779
2.183
2.487
3.192
2.714
2.871
6.702
2.307
1.739
3.142
2.582
2.836
3.303
2.086
1.996
2.307
2.218
2.499
3.825
2.260
2.573
2.898
2.444
3.062
2.110
2.513
6.748
2.205
1.671
2.143
2.385
3.688
2.254
2.949
2.732
2.891
2.976
2.005
4.305
3.354
2.653
1.860
2.769
4.314
1.966
1.678
2.622
2.088
3.461
2.220
2.210
2.813
2.426
3.069
3.011
2.131
1.979
2.601
4.237
3.219
2.076
1.962
1.828
4.417
3.047
2.246
2.659
2.455
3.530
3.418
1.949
3.063
2.260
2.008
3.798
2.167
2.158
3.339
1.795
2.898
2.102
2.280
2.427
2.291
2.574
2.136
2.573
2.225
2.685
2.139
2.364
2.043
2.515
1.990
2.923
2.139
2.175
2.413
2.131
3.156
3.041
1.921
2.370
2.133
2.182
2.671
2.837
2.251
2.022
2.029
2.931
2.541
2.704
2.627
3.622
2.393
2.708
1.827
2.711
2.296
3.939
1.994
1.958
2.117
2.806
2.362
2.768
1.854
1.991
3.181
2.983
2.274
2.155
3.196
1.931
2.505
2.742
2.369
2.713
2.221
2.416
2.457
2.408
2.330
2.430
3.020
3.067
2.257
2.619
2.443
3.361
1.871
2.454
1.961
2.676
2.143
3.460
2.083
2.335
2.236
2.485
3.064
2.715
2.661
4.924
2.683
1.689
2.612
2.995
2.729
4.551
1.766
1.510
2.187
2.509
2.225
3.750
2.191
2.046
2.084
2.469
2.124
4.207
2.851
1.747
2.634
2.437
2.997
4.720
2.473
2.188
2.828
2.859
3.014
4.018
2.330
2.442
2.052
2.712
1.758
2.749
2.464
1.946
1.934
3.724
2.260
5.469
2.235
2.088
2.643
3.311
2.479
2.048
2.326
2.200
2.848
3.361
1.998
3.957
2.062
2.226
2.177
2.588
2.088
3.095
3.187
1.913
2.198
2.370
2.326
1.498
2.221
1.883
2.700
2.167
2.480
2.081
2.528
2.107
2.702
1.892
1.982
3.984
2.499
2.779
2.151
2.302
1.858
3.141
2.114
2.551
2.183
3.104
2.050
1.487
3.039
2.120
2.835
2.524
2.691
2.359
1.918
2.044
3.034
2.344
2.440
2.671
1.953
2.685
2.909
2.704
2.066
2.104
2.161
2.566
2.755
2.142
2.012
2.159
2.401
1.914
2.821
2.705
2.622
2.460
2.703
2.812
2.146
2.325
2.608
2.659
2.868
2.532
1.876
1.987
2.529
2.743
2.841
1.272
1.876
1.837
2.155
2.831
3.146
1.970
2.531
2.849
2.797
2.818
2.905
2.455
2.698
2.681
2.416
2.674
2.713
1.999
2.080
2.264
2.847
2.519
3.970
3.136
2.096
2.231
2.811
2.299
2.747
1.615
2.492
1.828
2.590
2.236
2.149
2.039
2.673
2.405
3.031
2.430
4.933
2.250
2.051
3.118
2.540
2.117
2.507
2.507
1.924
3.487
2.611
2.432
3.246
2.247
2.211
2.728
2.942
4.629
2.387
2.303
2.620
2.632
2.208
2.723
2.717
2.349
1.942
2.113
2.222
1.925
2.183
2.457
2.600
2.088
2.154
1.834
2.169
2.121
1.872
2.287
2.549
2.655
3.762
2.162
2.452
2.567
2.057
2.691
2.854
3.558
2.339
2.038
2.313
2.530
3.764
2.328
2.475
2.459
2.409
2.608
1.945
2.249
2.966
2.098
3.368
2.385
2.495
2.340
2.272
3.379
1.893
2.940
2.781
2.275
2.497
2.548
3.302
1.867
2.471
2.691
2.770
2.875
2.748
2.200
2.244
2.536
2.396
2.053
2.460
3.259
2.441
2.108
1.978
2.027
1.972
3.243
2.220
3.097
2.342
1.928
2.480
3.299
2.911
3.046
2.378
2.417
2.312
3.555
3.225
3.366
1.951
2.425
2.660
2.774
2.477
1.983
2.423
2.050
2.254
4.002
2.183
2.508
3.068
2.229
3.213
2.104
2.770
2.881
2.952
2.032
1.768
3.127
3.048
2.615
1.986
1.647
2.932
2.216
2.464
2.147
2.132
2.608
3.047
2.960
2.126
2.789
2.199
2.727
4.321
2.474
2.134
2.354
2.661
4.931
2.977
1.806
2.592
2.465
2.869
2.645
1.903
2.776
2.785
2.382
2.194
2.028
2.200
2.707
3.014
2.218
2.020
2.360
1.926
3.541
1.947
2.238
2.276
3.238
2.327
3.049
3.283
2.115
2.795
2.910
2.698
4.325
2.652
3.100
1.731
2.973
2.910
2.811
2.927
2.448
2.170
2.023
2.077
1.959
1.846
2.760
2.038
3.168
2.926
2.699
2.706
2.311
2.145
3.593
2.081
2.853
2.416
2.578
3.623
1.427
2.022
1.967
2.665
2.715
2.461
2.389
2.500
2.184
2.833
2.891
2.587
2.216
3.384
3.028
2.520
3.129
3.472
1.991
3.300
2.857
3.191
2.632
2.839
2.928
2.523
2.729
2.218
2.557
2.769
1.957
2.482
2.237
2.884
2.029
2.075
3.311
3.230
2.857
1.975
1.833
3.296
2.923
3.324
1.987
2.089
2.464
1.965
3.247
2.137
1.681
3.182
2.596
3.160
1.878
1.838
2.756
3.334
3.228
2.356
2.461
2.112
2.123
2.191
2.317
2.606
1.811
1.963
3.374
2.204
2.558
4.150
3.439
3.022
2.872
2.570
1.955
2.735
3.048
1.974
2.033
4.265
2.755
2.249
2.754
2.416
3.200
2.550
3.087
1.872
2.112
2.650
1.259
2.495
2.230
2.742
2.097
3.501
3.252
2.063
2.347
3.719
3.192
2.505
2.160
2.268
2.907
3.172
2.360
2.411
2.716
1.694
2.480
2.774
1.983
2.351
2.406
3.762
3.085
2.297
3.621
2.646
2.698
2.243
3.194
3.905
3.279
2.707
3.015
2.568
2.674
1.993
3.837
3.880
3.267
2.171
1.946
3.726
3.900
2.783
2.844
3.309
1.951
2.050
3.349
2.150
3.308
4.608
1.793
3.891
2.570
2.202
3.081
4.413
2.273
2.737
3.187
1.962
4.534
3.711
2.351
6.189
2.655
2.800
3.059
3.591
1.940
2.727
2.883
3.406
2.808
3.447
2.732
2.449
2.640
2.157
3.005
3.100
2.177
3.308
3.730
2.033
3.161
3.644
2.131
4.728
4.118
2.508
3.294
1.968
3.551
2.426
2.789
2.824
2.347
1.918
3.261
2.181
2.892
1.925
2.286
2.140
1.947
2.216
2.362
1.941
1.977
2.701
3.372
2.301
2.212
1.839
2.610
2.746
2.964
2.680
3.142
2.210
2.080
2.293
2.507
1.961
2.120
2.106
2.625
1.749
2.107
2.162
2.424
1.915
2.160
2.075
2.087
2.167
2.670
1.739
2.089
2.190
2.329
1.956
2.184
2.016
2.852
2.772
1.879
1.897
2.271
2.267
2.577
2.711
1.825
2.001
2.153
2.093
2.461
1.927
2.574
1.868
2.142
2.179
2.165
1.880
2.415
2.330
2.221
2.162
2.619
2.317
2.199
2.521
2.009
1.784
2.152
2.216
2.035
2.340
1.866
2.175
2.149
1.989
2.422
2.136
2.418
1.984
2.109
2.162
2.368
1.704
1.839
2.682
1.754
2.730
1.985
2.179
2.388
2.415
1.971
1.875
1.982
2.361
2.358
1.837
2.447
3.149
2.850
1.981
2.631
2.746
3.053
1.986
2.120
2.159
4.114
3.127
1.499
2.084
3.972
3.198
1.480
2.070
2.186
2.877
2.780
2.154
2.124
2.797
2.687
1.947
1.824
2.303
2.077
1.894
2.749
2.417
1.485
1.602
1.864
2.372
2.711
2.058
2.167
2.458
2.654
1.964
1.990
2.811
2.116
2.537
2.037
2.496
2.169
2.262
2.963
3.084
3.291
2.254
2.333
2.020
1.917
2.053
2.177
2.369
2.150
2.429
2.183
2.218
2.114
2.142
1.852
2.296
2.153
2.082
2.159
2.000
2.226
1.546
2.291
2.159
2.229
2.311
1.803
2.192
2.102
2.091
1.883
1.769
1.754
1.854
2.418
1.828
1.775
1.774
1.881
2.285
2.555
2.121
2.398
2.806
1.977
2.950
2.863
3.333
