0.01956
0.02049
0.02456
0.00854
0.02375
0.01571
0.02323
0.02452
0.02048
0.01051
0.02007
0.02571
0.0347
0.0255
0.02568
0.00749
0.0235
0.02371
0.02673
0.02464
0.02193
0.02277
0.02395
0.02371
0.02546
0.02539
0.022
0.02393
0.02249
0.02565
0.02536
0.02262
0.0196
0.02301
0.0224
0.02576
0.03165
0.0254
0.02522
0.02578
0.02311
0.02304
0.02416
0.02526
0.02645
0.02207
0.02363
0.02426
0.02435
0.02262
0.02275
0.02218
0.02623
0.02585
0.02175
0.02338
0.02553
0.02227
0.0315
0.02572
0.0232
0.02398
0.02948
0.02487
0.02094
0.02446
0.02166
0.02612
0.02465
0.02067
0.02503
0.01899
0.01998
0.02679
0.02411
0.02391
0.02817
0.02522
0.0256
0.02602
0.02436
0.0309
0.0253
0.02452
0.01881
0.02467
0.02763
0.0157
0.02343
0.03285
0.01327
0.02659
0.02869
0.01489
0.02293
0.03498
0.01824
0.02274
0.03622
0.02085
0.02582
0.03493
0.01838
0.02355
0.02584
0.02267
0.03076
0.02175
0.03137
0.02531
0.03288
0.02514
0.03316
0.02767
0.03538
0.02492
0.02371
0.02013
