1.9654
2.0011
2.1511
1.9515
1.9901
1.9659
1.9729
1.9642
1.9597
1.9611
4.1153
1.9876
1.9686
1.9772
1.9839
1.9616
2.2085
1.9699
1.9504
1.9554
3.5386
1.9729
1.9832
1.9534
3.5364
2.0025
1.9601
1.9674
3.1696
3.5356
2.6402
3.5447
1.9893
2.0115
1.9549
1.9473
3.6574
1.9593
1.9666
3.4916
1.9782
1.9552
1.9649
1.9547
1.9660
1.9874
1.9921
2.2439
1.9617
1.9498
1.9673
4.4564
1.9623
2.3945
2.1413
1.9491
2.5862
1.9949
1.9821
1.9645
1.9651
3.5087
2.0159
2.3857
2.0056
1.9758
1.9547
2.9286
2.0770
1.9421
2.7911
1.9798
1.9529
4.7938
2.0024
1.9522
1.9628
1.9796
1.9647
1.9480
2.6478
1.9739
2.0015
1.9645
2.2258
2.1285
1.9732
1.9832
1.9527
1.9654
1.9735
1.9833
2.3363
4.0097
1.9632
2.0809
1.9689
1.9917
1.9624
1.9641
1.9637
2.0582
2.0266
4.3682
2.1185
1.9972
1.9556
1.9718
1.9799
3.0766
1.9705
1.9656
1.9668
1.9974
2.0318
2.0022
4.1394
2.0402
1.9544
1.9965
1.9876
1.9706
1.9430
1.9789
2.0870
1.9785
2.2427
1.9893
1.9600
14.5115
1.9548
1.9760
1.9705
1.9453
16.6179
1.9666
2.5020
1.9699
21.4064
2.3227
1.9482
2.3972
1.9628
1.9536
1.9535
1.9672
2.0848
2.0093
1.9454
40.5538
1.9728
1.9843
1.9675
2.0588
1.9654
1.9553
1.9918
1.9885
1.9631
1.9681
1.9591
2.2103
1.9788
2.0052
1.9819
1.9576
1.9813
1.9788
1.9912
1.9442
2.0060
1.9508
1.9840
1.9656
2.0145
1.9566
1.9819
2.1041
1.9593
1.9519
1.9822
1.9659
1.9689
1.9922
1.9989
1.9780
1.9569
1.9815
1.9680
2.0120
1.9528
2.4639
1.9962
1.9509
1.9851
1.9529
1.9592
1.9758
1.9656
1.9684
1.9862
1.9399
1.9847
3.0312
1.9460
1.9646
1.9589
1.9626
1.9608
2.0035
1.9896
1.9526
2.0197
1.9833
1.9666
2.7728
2.6836
1.9639
2.0036
3.4373
1.9501
1.9909
2.0017
1.9696
1.9894
1.9828
3.5331
1.9512
2.4142
1.9847
6.8318
1.9378
2.0040
1.9574
1.9634
1.9769
2.3313
2.0076
1.9440
1.9376
2.2762
1.9824
1.9676
1.9986
2.0676
1.9985
1.9731
1.9921
2.3597
2.0180
1.9901
1.9516
1.9589
1.9762
1.9507
1.9553
1.9782
1.9655
1.9699
3.2588
2.0141
2.9800
1.9824
1.9819
2.0034
2.0387
1.9398
1.9969
1.9965
5.7998
1.9697
1.9600
2.0272
1.9962
1.9737
1.9773
2.0007
1.9666
1.9906
1.9576
1.9590
1.9894
1.9659
1.9751
2.4710
1.9517
1.9759
1.9407
1.9815
1.9963
1.9535
2.3038
2.0162
1.9794
1.9545
2.0016
1.9827
2.0018
2.7907
1.9507
1.9631
2.1102
1.9916
1.9751
1.9630
1.9706
1.9563
1.9619
1.9787
1.9549
1.9623
1.9515
1.9497
1.9657
2.0132
6.1755
1.9586
1.9764
10.3888
1.9531
1.9586
1.9957
1.9796
1.9507
1.9680
2.0000
1.9963
1.9880
1.9770
1.9881
1.9950
1.9791
3.0480
1.9848
1.9644
1.9466
1.9744
1.9677
1.9627
1.9524
2.0190
1.9491
1.9503
1.9901
1.9539
2.0259
1.9700
1.9838
1.9826
1.9730
1.9891
2.1850
1.9940
1.9964
1.9514
1.9520
1.9634
2.0095
3.8122
2.0038
2.2634
1.9994
2.5025
1.9962
1.9526
1.9719
1.9426
1.9602
1.9873
1.9782
1.9754
2.9486
2.0065
1.9815
1.9834
4.2639
1.9484
1.9884
1.9739
1.9502
1.9795
1.9995
1.9486
1.9643
1.9654
2.0180
2.4299
2.0086
2.0172
2.3866
1.9456
1.9855
1.9337
1.9845
2.0099
1.9856
1.9722
1.9579
1.9327
1.9877
1.9496
1.9456
2.5064
1.9950
1.9658
3.5495
1.9395
1.9668
1.9664
1.9923
2.8601
13.0216
1.9970
2.8716
3.4955
1.9521
1.9849
2.8440
1.9689
1.9763
1.9922
1.9484
5.9875
1.9526
3.2175
1.9809
4.2864
1.9459
1.9691
1.9787
1.9422
1.9734
1.9926
1.9591
1.9549
1.9867
2.0627
1.9747
5.2439
1.9716
1.9668
1.9607
2.2597
1.9650
4.0731
1.9554
3.0952
1.9508
1.9467
1.9783
2.0058
1.9852
2.0026
1.9460
1.9461
2.9677
2.7118
1.9751
1.9710
1.9507
2.4770
1.9494
2.7622
1.9941
3.1793
3.3540
3.4197
1.9686
1.9572
1.9915
2.8975
1.9642
2.0245
1.9453
1.9769
1.9896
3.3023
1.9689
1.9749
1.9553
2.0039
2.6611
1.9719
2.8968
1.9780
2.0196
2.2728
1.9552
1.9841
2.3081
1.9672
1.9726
1.9554
1.9857
1.9791
1.9821
1.9895
2.0229
1.9702
2.6966
1.9765
1.9573
1.9704
2.9363
2.0001
1.9571
1.9760
1.9661
1.9570
2.9258
3.4434
1.9753
2.0642
3.3784
1.9850
2.8666
1.9599
4.0231
1.9773
2.0468
1.9620
3.0753
2.0077
1.9486
2.0218
1.9743
2.5906
1.9833
3.9441
2.8990
1.9822
1.9430
1.9878
2.0083
1.9807
1.9914
2.6999
1.9488
1.9745
1.9878
2.9924
3.0448
1.9580
24.0522
1.9676
2.2814
29.6775
2.0202
4.3879
2.0018
1.9613
1.9706
3.5407
1.9657
2.0110
2.0144
2.0198
2.1959
2.2028
2.0050
2.5412
1.9635
2.0136
2.6793
1.9715
2.4455
1.9975
2.0052
2.6088
1.9569
2.3695
1.9761
1.9912
2.6337
1.9675
2.5003
3.4336
1.9782
1.9592
1.9924
1.9580
5.0510
3.5997
1.9783
2.7553
1.9506
1.9658
1.9807
2.6048
1.9878
2.0332
2.4931
2.7835
4.2449
1.9835
1.9833
1.9667
1.9705
1.9848
1.9891
1.9778
1.9550
2.0033
2.2010
2.6874
1.9889
1.9660
1.9941
2.6359
2.1101
3.5828
3.5708
1.9841
1.9584
1.9612
1.9890
2.0279
2.0052
4.2134
2.0247
3.2267
1.9992
1.9624
1.9782
1.9756
2.0789
1.9845
1.9848
1.9801
2.0054
3.5987
1.9875
1.9896
1.9792
2.0032
1.9887
2.8322
2.0223
2.6479
3.5835
1.9838
4.0095
2.0203
1.9970
1.9945
4.0102
1.9862
1.9765
1.9530
1.9643
1.9834
1.9545
1.9561
7.0258
1.9878
1.9517
1.9828
4.0155
1.9483
1.9523
1.9572
1.9790
1.9818
3.9539
1.9683
2.7293
1.9557
5.9828
1.9882
1.9499
2.3303
1.9549
1.9713
1.9413
1.9412
1.9567
8.3242
1.9775
1.9683
1.9547
3.7795
1.9427
3.6621
1.9506
10.8331
11.5305
11.3606
3.5089
3.5272
3.5130
3.5071
3.5618
12.2996
3.5157
3.5144
3.5136
3.5443
4.1214
3.5285
3.5363
3.5361
3.5678
2.0438
2.0226
2.0217
2.3901
1.9861
1.9888
1.9857
1.9923
2.0536
