3.98671
3.34455
2.22527
4.42903
5.50673
3.10403
2.41535
2.89539
5.9637
5.47841
2.7501
2.90579
3.39135
3.16935
2.32511
2.87055
3.42566
2.92291
3.33917
2.89433
3.28923
3.73743
3.50966
3.73749
2.75131
3.26405
2.71919
2.92727
3.42948
2.65885
3.12261
3.35508
2.95322
3.05234
2.72197
3.06738
3.06944
3.15058
3.50571
3.86743
2.75671
2.76044
3.31387
3.09384
3.60338
2.78112
2.73381
3.06128
2.8807
3.26002
2.45027
3.18421
3.09414
3.08569
2.55645
2.51563
3.07891
3.14589
3.24248
2.93057
2.52625
4.27175
2.84723
3.11977
2.77447
0.05435
3.14782
2.96183
3.34353
4.08426
2.25131
3.14189
2.61465
2.8453
2.54939
4.17908
3.83319
2.61443
2.91872
2.79014
3.93233
3.60632
2.62287
2.83331
2.59154
4.23944
3.34506
3.72025
3.19632
2.69224
4.24901
3.67773
3.76757
2.48139
2.71791
3.87656
3.78803
3.57319
2.85748
2.58324
2.85966
3.59851
3.54282
2.3625
3.64336
1.8967
2.7801
3.48942
3.12311
3.12385
2.08614
2.98483
3.10936
2.66986
3.15728
3.51457
2.98362
3.11629
3.1522
2.97908
2.25704
3.22777
3.11978
3.43725
3.33455
5.44899
2.97641
3.17321
0.08657
3.23956
5.24279
3.07541
3.15231
0.3474
3.03828
4.37751
3.11931
2.81089
4.48385
3.35013
4.69109
2.60141
2.86592
4.59775
3.35651
2.81039
4.83509
2.76005
3.43904
3.4857
3.15738
2.9223
2.69553
3.23953
3.14234
3.02113
3.47058
3.16976
3.29953
2.36523
5.57829
2.78171
2.81683
3.1128
2.91319
3.27535
3.60338
3.14399
2.86857
3.16696
3.26002
3.21236
2.358
3.24335
3.02571
3.06378
2.47574
3.1531
3.11675
2.93713
2.24528
3.06552
2.78901
3.3395
3.33271
2.75526
2.5741
2.98971
3.05721
2.54317
2.97888
3.20946
4.09679
2.97815
2.73
3.30487
2.89757
2.76542
2.83647
2.23588
2.86263
3.04964
4.48252
3.49276
4.35353
4.58026
2.97375
4.17615
3.14518
4.07605
2.88052
3.2311
3.54044
0.04295
0.06579
3.36667
3.70844
3.89489
3.65563
3.28374
4.9784
4.27447
4.32127
1.78586
3.13287
3.45989
3.23593
