2.8352
2.8389
2.8698
2.8264
2.8865
2.9994
2.8314
2.8460
2.8429
2.8335
2.8424
2.7659
2.8323
2.8682
2.8481
2.8088
2.8823
2.9212
2.8095
2.8652
2.8518
2.8304
2.8171
2.9180
2.8333
2.8480
2.8166
2.8242
2.8117
2.8314
2.8494
2.8374
2.8175
2.8241
2.8823
2.9140
2.8574
2.8538
2.8185
2.8227
2.9293
2.8434
2.8571
2.8542
2.8316
2.8307
2.7611
2.9961
2.8249
2.8340
2.7825
2.8264
2.8128
2.8952
2.8514
2.8912
2.8508
2.8363
2.8259
2.8821
2.8605
2.7887
2.8389
2.8471
2.7671
2.7669
2.8399
2.8496
2.8468
2.8228
2.8069
2.7808
2.8331
2.8863
2.9398
2.8416
2.8103
2.7598
2.8112
2.9351
2.8313
2.8091
2.8160
2.7559
2.8147
2.8225
2.8314
2.8279
2.8312
2.7733
2.8437
2.8807
2.8177
2.8298
2.8536
2.7679
2.8444
2.8189
2.8215
2.8330
2.8104
2.9037
2.8440
2.8641
2.8129
2.8232
2.8116
2.7538
2.8133
2.8198
2.8097
2.8520
2.8899
2.8264
2.8291
2.8108
2.8348
2.8464
2.9100
2.8166
2.8490
2.8805
2.8238
2.8491
2.8267
2.8481
2.8546
2.8298
2.8421
2.8149
2.8134
2.8347
2.8368
2.8279
2.7824
2.9604
2.8302
2.8376
2.8424
2.9026
2.8366
2.7917
2.8058
2.7649
2.8366
2.8153
2.8356
2.8151
2.7861
2.7993
2.8466
2.8343
2.8095
2.9009
2.8103
2.8059
2.8601
2.8486
2.8157
2.7903
2.8114
2.8213
2.7933
2.8550
2.8296
2.8247
2.8285
2.8069
2.8246
2.8554
2.8544
2.7925
2.8020
2.8479
2.8381
2.8626
2.8168
2.8296
2.7923
2.8448
2.8043
2.8467
2.8260
2.8183
2.8142
2.8290
2.8472
2.8395
2.8358
2.8277
2.8009
2.8325
2.8171
2.8418
2.8123
2.8328
2.8340
2.8213
2.7904
2.8476
2.8643
2.8148
2.8240
2.8235
2.7799
2.8510
2.8237
2.8312
2.8157
2.8156
2.8262
2.8592
2.8228
2.8284
2.8162
2.8175
2.8623
2.8486
2.7894
2.8306
2.8097
2.8144
2.8053
2.8430
2.8419
2.8359
2.8152
2.8338
2.7851
2.8410
2.8481
2.8309
2.8346
2.8245
2.7822
2.8439
2.8286
2.8134
2.8436
2.8217
2.8076
2.8514
2.8185
2.8171
2.8257
2.8148
2.8425
2.8419
2.8631
2.8134
2.8214
2.8172
2.8403
2.8719
2.8363
2.8238
2.8152
2.8258
2.8367
2.8355
2.8638
2.8199
2.8156
2.8328
2.7946
2.8269
2.8032
2.8133
2.8162
2.8278
2.8763
2.8228
2.8433
2.8099
2.8300
2.8255
2.8147
2.8231
2.7950
2.8420
2.8421
2.8086
2.8089
2.8226
2.8757
2.8289
2.8506
2.8167
2.8741
2.8382
2.8256
2.8127
2.8451
2.8224
2.8446
2.8461
2.8115
2.8344
2.8544
2.8275
2.8190
2.8511
2.8426
2.8382
2.8507
2.8129
2.8155
2.8576
2.8904
2.8159
2.8446
2.8211
2.8264
2.8550
2.8131
2.7890
2.8423
2.8104
2.8105
2.8497
2.7828
2.8189
2.8410
2.8181
2.8406
2.8492
2.8204
2.8231
2.8487
2.8343
2.8214
2.8354
2.7975
2.8262
2.8568
2.8194
2.8213
2.8509
2.7592
2.8255
2.8481
2.8294
2.8587
2.8545
2.8115
2.8327
2.8376
2.8163
2.8234
2.8524
2.8386
2.8164
2.8428
2.8200
2.8521
2.8468
2.8318
2.8207
2.8472
2.8264
2.8217
2.8513
2.8661
2.8211
2.8497
2.8212
2.7890
2.8174
2.8346
2.8373
2.8409
2.8121
2.7827
2.8232
2.8445
2.8494
2.8399
2.8189
2.8227
2.8270
2.8387
2.8304
2.8391
2.8343
2.8584
2.8318
2.8394
2.8331
2.8260
2.8158
2.8430
2.8232
2.8158
2.8580
2.8281
2.8125
2.8366
2.8624
2.8227
2.8252
2.8220
2.8111
2.8027
2.8395
2.8282
2.8354
2.8206
2.8349
2.8843
2.8462
2.8051
2.8364
2.8217
2.8365
2.8104
2.8420
2.8156
2.8629
2.8090
2.8272
2.8219
2.8436
2.7857
2.8012
2.8041
2.8155
2.8075
2.8473
2.8435
2.8063
2.8131
2.8108
2.8147
2.8416
2.8233
2.8271
2.8265
2.8317
2.8409
2.8459
2.8193
2.8278
2.8146
2.8343
2.8096
2.8453
2.8246
2.8278
2.8233
2.8193
2.8595
2.8446
2.8539
2.8364
2.8007
2.8212
2.8488
2.8497
2.8063
2.8458
2.8117
2.8115
2.8309
2.8440
2.8328
2.8450
2.8340
2.8196
2.8226
2.8280
2.8404
2.8399
2.8376
2.8326
2.8576
2.8350
2.8477
2.8452
2.8273
2.8255
2.8173
2.8353
2.8055
2.8455
2.8275
2.8191
2.8819
2.8405
2.8408
2.8385
2.8382
2.8118
2.8947
2.8150
2.8276
2.8519
2.8228
2.8373
2.7772
2.8154
2.8352
2.8408
2.8371
2.8264
2.8382
2.8836
2.7939
2.8483
2.8435
2.8085
2.8490
2.8943
2.8615
2.8565
2.8291
2.8062
2.8277
2.8810
2.8147
2.8431
2.8063
2.8194
2.8226
2.8960
2.8331
2.8265
2.8323
2.8190
2.8763
2.9797
2.8323
2.8364
2.8345
2.8305
2.7766
2.9792
2.8247
2.8523
2.8341
2.8336
2.8831
2.9769
2.8448
2.8357
2.8294
2.8272
2.8435
2.9778
2.8359
2.8425
2.8617
2.8069
2.8250
2.8881
2.8880
2.8372
2.9655
2.8208
2.8288
2.8954
2.8202
2.8249
2.7754
2.8332
2.8316
2.8882
2.8472
2.8316
2.9532
2.8437
2.8192
2.8945
2.8070
2.8263
2.8592
2.7889
2.7510
2.8420
2.8835
2.8330
2.8452
2.8184
2.8113
2.8163
2.8228
2.8419
2.8269
2.8234
2.8483
2.8134
2.8231
2.8288
2.8419
2.8213
2.8373
2.8089
2.8270
2.8420
2.8296
2.8086
2.8723
2.8432
2.8278
2.8229
2.8377
2.8129
2.8270
2.8514
2.8238
2.8192
2.8533
2.8280
2.8722
2.8314
2.8405
2.8150
2.8374
2.8083
2.8395
2.8402
2.8387
2.7861
2.8393
2.8428
2.7749
2.8434
2.8292
2.8184
2.8183
2.8177
2.8305
2.8381
2.8072
2.8280
2.8202
2.8082
2.8367
2.8406
2.8253
2.8099
2.8116
2.8135
2.8350
2.8334
2.8401
2.8119
2.8283
2.8356
2.8491
2.8417
2.8299
2.9404
2.8037
2.8500
2.7919
2.8220
2.8144
2.8856
2.8086
2.8204
2.8407
2.8122
2.7996
2.9452
2.8727
2.8101
2.8489
2.8616
2.8276
2.8680
2.9600
2.8233
2.8288
2.8624
2.8619
2.8058
2.8382
2.8280
2.8476
2.8526
2.8240
2.9437
2.9401
2.8499
2.8229
2.8640
2.8405
2.8372
2.8805
2.8115
2.8233
2.8314
2.7984
2.8409
2.8927
2.8093
2.8323
2.8528
2.8070
2.8553
2.8821
2.8111
2.8291
2.8593
2.8520
2.8437
2.8922
2.8079
2.8166
2.8413
2.7789
2.8076
2.8852
2.8491
2.8305
2.8223
2.8171
2.8197
2.8971
2.8437
2.8298
2.8327
2.8323
2.8136
2.8811
2.8346
2.8254
2.8253
2.8512
2.8022
2.8937
2.8162
2.8169
2.7781
2.8343
2.8370
2.8172
2.8347
2.8504
2.8332
2.8287
2.8166
2.8151
2.8376
2.8479
2.8410
2.8284
2.8318
2.8355
2.8251
2.8263
2.8263
2.8278
2.8370
2.8220
2.8421
2.8188
2.8274
2.8045
2.7861
2.8291
2.8440
2.8210
2.8097
2.8482
2.8383
2.8389
2.8282
2.8512
2.8185
2.8297
2.8313
2.8291
2.8259
2.8175
2.8199
2.8254
2.7778
2.6594
2.8304
2.8134
2.8365
2.8219
2.7788
2.8345
2.8229
2.8285
2.8381
2.9162
2.8560
2.8344
2.8262
2.8370
2.6577
2.8054
2.8275
2.8153
2.8229
2.7662
2.7724
2.8369
2.8338
2.7635
2.9927
2.8254
2.8259
2.8205
2.7880
2.7627
2.8342
2.8343
2.8318
2.7891
2.7313
2.7985
2.8410
2.8188
2.8591
2.8206
2.8512
2.7705
2.8212
2.7735
2.8165
2.8102
2.7690
2.8466
2.7784
2.8394
2.8458
2.8709
2.8427
2.7945
2.8048
2.8011
2.8493
2.8517
2.8601
2.8291
2.8360
2.8887
2.8490
2.8048
2.8791
2.8346
2.8734
2.8490
2.8676
2.8171
2.8129
2.9482
2.8380
2.8196
2.8298
2.8699
2.8550
2.8242
2.8244
2.8326
2.8283
2.9525
2.8502
2.8223
2.8271
2.8279
2.8671
2.8580
2.8591
2.8638
2.8218
2.8363
2.8389
2.8127
2.8054
2.8113
2.8413
2.8110
2.8052
2.8302
2.8765
2.8775
2.8441
2.8341
2.8524
2.8325
2.8040
2.8369
2.8253
2.8278
2.8999
2.8523
2.8150
2.8320
2.8688
2.8622
2.8145
2.8256
2.8159
2.8010
2.8479
2.8289
2.8114
2.8320
2.8499
2.8111
2.7931
2.8222
2.8410
2.8648
2.8506
2.8621
2.8218
2.8320
2.8382
2.8420
2.8769
2.8358
2.8398
2.8235
2.8275
2.8495
2.8364
2.8474
2.8236
2.8521
2.8405
2.8280
2.8383
2.8161
2.8549
2.8669
2.8449
2.8473
2.8422
2.8497
2.8339
2.8362
2.8203
2.8527
2.8153
2.8603
2.8383
2.8033
2.8466
2.8575
2.8399
2.8478
2.8085
2.8862
2.8302
2.8230
2.8385
2.8239
2.8389
2.8124
2.8237
2.8400
2.8099
2.8455
2.8481
2.8307
2.8427
2.7809
2.8086
2.7993
2.8174
2.8408
2.7771
2.8489
2.8065
2.8437
2.8305
2.8051
2.8354
2.8393
2.8524
2.8315
2.8162
2.8537
2.8435
2.8356
2.8431
2.8313
2.8095
2.8373
2.8373
2.8467
2.8402
2.8029
2.8214
2.8684
2.8206
2.8264
2.8432
2.8297
2.8367
2.8494
2.8214
2.8570
2.8286
2.8417
2.8439
2.8150
2.8596
2.8171
2.8223
2.8207
2.8611
2.8584
2.8403
2.8575
2.8096
2.8413
2.8458
2.8119
2.8197
2.8700
2.8345
2.8367
2.7877
2.8504
2.8215
2.8217
2.8220
2.8581
2.8236
2.8114
2.8327
2.8409
2.8255
2.8152
2.8765
2.8438
2.8260
2.8556
2.8205
2.8261
2.8241
2.8083
2.8740
2.8181
2.8237
2.8821
2.8365
2.8755
2.8196
2.8672
2.8303
2.8734
2.8212
2.8151
2.8193
2.8426
2.8297
2.8112
2.8136
2.9015
2.8257
2.8490
2.8358
2.8343
2.8174
2.8280
2.8237
2.8636
2.8172
2.8656
2.8400
2.8292
2.8468
2.8605
2.8202
2.8615
2.8496
2.8092
2.8149
2.8174
2.8340
2.8379
2.8313
2.8124
2.8212
2.8731
2.8269
2.8615
2.8178
2.8628
2.8281
2.8424
2.8251
2.8212
2.8353
2.8011
2.8361
2.8417
2.8419
2.8314
2.8375
2.8462
2.8399
2.8236
2.8312
2.8201
2.8231
2.8731
2.8255
2.8123
2.8302
2.8486
2.8302
2.8167
2.8330
2.9251
2.8929
2.8340
2.8781
2.7837
2.8925
2.8115
2.8760
2.8867
2.8383
2.8403
2.8338
2.8431
2.8349
2.7955
2.8452
2.8343
2.8208
2.8493
2.8251
2.8289
2.8069
2.8454
2.8441
2.7901
2.8396
2.8268
2.8381
2.8491
2.8427
2.8316
2.8333
2.7914
2.8159
2.8456
2.8487
2.8159
2.8422
2.8624
2.8438
2.9012
2.8065
2.8296
2.7952
2.8261
2.8022
2.8273
2.7487
2.8081
2.7520
2.9080
2.7627
2.8295
2.8510
2.8988
2.8329
2.8674
2.8085
2.8984
2.7970
2.8361
2.8399
2.8548
2.8269
2.8301
2.8407
2.9656
2.8292
2.8435
2.8738
2.8299
2.8539
2.7905
2.8329
2.8427
2.8326
2.8393
2.8614
2.8068
2.8279
2.8696
2.8965
2.8105
2.8897
2.7988
2.8838
2.8512
2.8133
2.8716
2.7784
