-52.45
0.84
2.04
-0.84
0.85
-1.01
0.82
-2.14
-1.1
1.12
0.64
-1.52
-1.11
-1.22
-1.33
0
0.53
0.08
0.6
-0.99
-1.66
0
0.73
-0.31
0
0.12
0.85
0
0.02
1.42
0
0.27
-0.15
0
0.74
-1.61
0
-0.42
-4.46
-0.9
0.03
-0.67
0
0.96
-0.49
0.81
11.08
-0.2
0
1.64
-1.16
-0.07
-1.95
0.09
-0.03
0.57
-0.33
0.45
2.06
0.52
0.07
-1.3
-0.27
-0.04
-0.18
-0.05
-0.36
-0.08
0.5
-0.04
0.7
1.1
-0.23
0.15
-1.06
0.11
-0.71
-0.05
-1.19
-0.16
-2.66
0.29
-0.63
-0.29
0.2
0.37
-1.42
0
0
-0.86
-1.42
-1.6
-1.49
0
0.63
-0.07
0.82
-1.34
-0.06
0
0.11
-0.03
-0.18
-0.83
-2.86
0.06
-0.82
0.63
2.35
0.31
-1.2
-0.08
0.15
-0.12
-0.94
-0.02
1.83
-0.3
0.13
-0.05
-3.23
0.07
-1.76
1.45
0.19
-0.01
2.49
-1.78
0.65
-0.1
-0.96
-1.16
-0.65
1.1
0
2.1
2.25
-1.16
0.35
-0.24
-2.01
1.63
-0.03
0.2
0.73
0
-1.15
-0.31
-0.08
0.95
-0.41
-0.09
-0.09
-0.08
0.63
0.5
0.01
1.21
0.91
1.51
-0.16
-0.08
1.65
0.36
1.11
1.51
-0.09
-0.05
-0.2
-0.3
1.67
-0.22
-0.08
-1.38
-0.18
-1.57
-6.06
-0.45
0
-1.08
-1.65
46.69
-0.5
-0.06
0
0.22
0.32
-2.44
-2.18
-0.23
-0.44
0.84
2.23
-1.74
2
0.26
0.43
1.46
1.55
0.05
-1.74
-0.77
-2.15
-0.2
0.83
1.5
0.23
-0.31
-1.22
0.92
-0.8
-1.42
-0.59
0
-1.29
0.72
0
1.12
-0.43
1.01
1.23
0.22
0
1.52
-0.01
-0.86
1.22
-3.48
0.48
-1.52
-1.44
-1.34
1.2
-2.34
1.09
0.76
-0.62
-1.94
-1.95
3.15
-2.51
-2.16
-2.08
-0.05
0.48
-0.41
0.35
-1.3
1.19
-1.97
0.6
0.74
0
0
0.28
0
0
0
0.91
-0.7
