5.3976
6.9090
6.1636
5.2155
5.0254
5.0683
6.0325
4.1646
5.8503
5.8305
4.6833
5.1280
6.0442
5.6791
5.7387
5.9800
4.8942
5.2743
5.4790
5.9600
5.6411
5.0281
6.3716
5.2354
4.8735
5.5643
5.4318
4.8091
5.8327
4.9968
5.9048
5.6810
5.6062
4.9297
5.1161
5.0175
5.8540
5.9048
5.2951
4.7525
4.8343
5.0838
5.9394
5.6080
4.7638
4.3730
4.7555
4.6996
5.7509
4.8559
5.3479
5.4051
5.1357
6.1802
5.7855
4.8406
6.0713
5.7257
4.9468
6.7921
4.8750
5.7175
5.4496
4.3679
4.8635
5.3099
5.6337
5.8289
5.5523
5.6907
5.6061
4.8337
5.8779
5.7609
5.4576
5.5954
4.9256
4.9929
5.5624
6.1564
5.7808
4.3648
5.0644
4.8446
6.1220
5.6754
5.9711
4.3784
5.9661
4.3746
5.1917
5.6929
5.7188
6.1707
5.0720
3.5552
5.3222
5.8435
5.0771
5.9418
5.1509
5.7852
4.7674
6.1693
6.0749
5.8375
5.1296
4.3800
4.8932
4.6138
5.2161
4.8288
4.8107
5.7700
4.8758
5.0074
5.8291
5.3566
4.9698
4.3560
4.8238
4.9920
5.3994
4.8823
5.1434
5.8844
5.8243
4.9607
5.7563
4.9915
4.7723
6.5301
5.8272
4.9723
5.7501
4.8297
5.0058
4.8053
6.1444
4.9986
4.7621
6.0601
5.2077
4.7929
5.7204
5.2402
4.7637
5.6056
5.6884
5.2689
5.9556
5.0347
4.9700
5.8493
6.0017
6.0561
5.7144
5.0036
4.7835
5.5279
5.5059
5.2719
4.4050
4.9587
4.8414
5.7586
4.9792
4.8015
5.6887
5.7583
4.8331
5.9318
5.1280
5.4151
5.6375
5.9125
4.7796
5.0169
5.8455
5.2590
4.7470
4.9501
4.7385
7.6275
5.9417
5.8122
4.8234
4.8013
4.7753
6.8534
5.7562
5.2175
4.8347
4.7342
4.7810
4.1527
5.0845
6.1095
4.9399
4.9246
4.8814
6.2467
4.7603
6.2914
5.0667
4.8087
4.8186
4.8019
4.8536
6.0760
5.1693
4.7459
4.8027
4.8337
4.8944
4.9107
4.7185
6.0052
5.0134
4.8673
4.7704
5.0908
4.7756
5.7395
5.0218
4.8068
4.8033
5.8250
4.8434
5.9404
5.1456
4.9175
4.7742
5.3458
4.9855
5.8749
4.9349
4.9184
4.7717
6.1381
4.7472
5.8788
4.8062
5.9295
4.7765
5.4783
4.7734
5.8249
4.8260
5.6635
4.8352
4.8902
4.7867
5.6245
4.9043
5.8267
4.8301
5.0824
4.8563
5.4355
4.9021
5.7473
4.8078
6.0123
4.9813
5.7812
4.7442
4.3775
4.8213
5.4476
5.0992
5.9382
4.7906
5.7866
4.8779
6.0958
5.0284
5.9830
4.8941
5.8124
4.8159
5.8868
4.7276
5.8014
4.7902
6.0383
6.0119
4.8080
4.8901
6.0853
4.8362
6.1041
5.8414
5.1309
4.7457
5.3068
4.9213
5.9484
5.8840
5.9232
4.8074
5.4489
4.8079
5.2954
5.8734
5.4549
5.4889
5.0526
4.7219
5.9362
5.9192
6.0863
4.9537
4.8875
4.8017
5.7578
5.8003
5.3514
4.8675
4.8394
5.3827
4.8903
5.6308
4.8282
4.8093
4.8006
5.6147
5.4498
5.4054
4.9648
4.8791
4.7965
6.0944
5.9715
5.7395
5.0846
4.9244
4.8257
6.0909
5.4912
5.9431
6.3184
5.0130
4.7984
5.4283
4.9938
5.9476
5.5040
4.7739
5.2913
6.2881
4.7592
5.6908
6.0730
4.7540
5.5511
5.0574
4.8855
6.1279
6.2577
4.7891
5.8360
5.8855
5.0890
5.2762
5.8972
5.0103
5.9329
5.8245
4.7686
5.5011
4.8282
4.8802
5.8548
6.0046
4.7597
5.0415
6.3246
4.7123
5.9373
5.6269
4.9840
4.8743
5.4482
4.7009
5.7675
5.4405
5.2039
4.9008
6.1171
4.8775
6.0462
5.8318
4.7424
4.7995
5.4781
4.8894
5.5535
6.0735
5.0763
4.7911
4.8128
5.1767
5.4248
5.4275
5.5516
4.8505
6.3086
5.1228
6.0794
5.1533
6.0012
4.8139
5.5138
4.7574
5.7117
5.9091
5.4002
5.0607
6.0302
5.0611
5.9567
5.9891
5.1048
5.2853
5.5775
4.6842
5.9259
5.9602
5.7213
5.8817
4.7933
4.6170
5.7862
5.3892
5.9066
5.4495
6.0120
5.4683
4.8325
4.9901
5.3553
5.4750
5.3598
5.8772
4.8337
5.6625
4.7660
4.8763
6.0440
5.3955
4.8191
5.7554
5.0891
5.8745
6.2157
4.8378
4.8433
4.7547
4.8829
5.8172
5.9881
5.8051
4.8517
4.7666
4.7880
5.7332
4.8215
5.0983
4.8735
4.8015
4.7850
5.5687
6.0908
6.3988
5.0827
4.9039
5.0745
4.7783
5.5792
6.1122
5.7755
4.8266
4.8719
4.8843
6.1063
5.6864
5.7961
4.8300
4.7625
4.8173
5.2225
5.1389
4.8540
5.0835
4.8025
4.8397
4.8286
6.8142
4.8611
4.8378
4.8113
4.8429
5.6870
5.6043
5.7151
5.0630
6.0479
4.9016
6.1933
6.0006
5.7713
4.8342
6.0038
4.7697
6.2807
5.7395
4.7869
4.8408
6.0014
4.7672
5.5718
5.3096
4.8597
4.8061
5.1309
4.8665
6.0253
6.2663
5.9537
4.7166
5.9480
4.8348
4.8056
4.9343
5.7402
4.8676
5.1160
4.8097
5.8693
6.2597
4.8826
4.7926
5.2650
4.8339
5.9501
4.5364
4.8401
4.8766
5.1722
4.8866
5.8174
6.3859
4.8154
4.7515
5.2861
4.7725
6.0729
6.3701
4.8168
4.7956
5.2547
5.8994
6.2634
5.3627
5.9454
4.8920
5.6089
5.6455
5.7642
6.1262
5.9318
4.7834
5.6360
4.5365
4.8130
5.1948
4.9045
4.8030
5.4892
4.5354
4.9095
4.8014
4.8987
4.9328
5.5240
5.7055
5.7678
5.8167
4.8149
4.8020
5.7241
5.8537
5.9939
5.1378
6.0968
4.9225
5.3960
4.8804
6.3066
6.4087
4.8081
4.8101
5.8318
4.8729
4.8472
6.0925
6.1135
4.9681
5.7300
5.8341
4.8098
5.5692
5.9336
4.7567
4.8366
5.8750
4.9390
5.7071
5.9134
4.8041
4.8228
4.8589
6.1897
5.6648
4.9193
4.8498
5.6037
4.8275
5.3989
6.5129
4.9200
4.8763
5.6428
5.3687
6.2342
5.4904
5.5358
5.7932
4.8422
5.8813
4.8281
6.0383
4.8931
5.4749
4.8553
4.8870
5.0337
5.7212
4.9062
5.4954
5.8104
4.9447
6.0412
5.2712
4.9251
5.8139
5.7991
4.8432
5.5335
6.3353
5.7931
6.0040
4.8682
4.9497
6.2405
5.2383
5.8413
5.2833
4.8601
4.8813
4.8142
5.8517
4.8577
5.2231
4.8191
4.9736
5.0278
5.0697
4.8618
5.5754
5.1453
5.7476
6.3107
6.0648
5.7854
5.6950
4.8600
5.6877
5.0537
6.4900
5.8095
5.1818
4.9817
4.7206
6.2777
5.6984
4.8453
5.0826
4.8828
4.7274
4.8248
6.2014
4.8471
5.9844
4.8481
5.9078
4.8057
4.8161
5.3941
5.5722
4.7805
5.8875
5.3559
4.7871
4.9535
5.9352
4.7905
4.9114
5.7382
5.6174
5.0684
6.0533
4.6600
4.9093
5.9499
5.4984
4.9790
5.8551
6.4401
4.9364
5.8820
4.3509
4.9545
5.5050
5.1021
5.8651
4.8350
4.3930
5.1017
6.3049
6.0135
4.9335
5.5809
5.6829
5.5138
5.6116
4.7143
5.8573
6.1575
4.4481
4.9969
5.9630
4.7926
5.8229
5.3020
4.3550
5.0671
4.9877
5.7888
5.7727
5.9292
4.3653
4.9779
5.6305
6.0016
4.8642
5.5357
5.7011
5.2466
5.9170
4.9155
4.8587
5.9856
5.6801
4.9598
4.7632
5.0330
5.7722
5.4193
5.8670
5.3498
4.9662
4.9354
5.7960
5.9192
4.3564
5.4025
4.7901
4.9335
4.8582
5.2479
5.6392
6.0024
4.9935
4.3874
4.8635
5.7817
4.6437
5.7212
4.8076
5.7743
4.7918
5.8884
5.6854
5.6654
4.7693
4.3591
4.8167
6.0820
5.9120
4.8776
4.7529
4.3881
5.8418
4.8525
5.8088
4.9255
4.6486
5.7766
4.7238
5.3704
6.1706
4.8204
4.7241
4.3508
4.7576
6.1573
5.9639
4.8626
4.8602
4.9147
4.7366
5.2114
5.2593
4.9115
4.5771
5.2327
4.7558
6.0363
4.7978
4.8672
4.8618
4.7730
5.9224
4.8524
5.6842
4.8952
4.7697
5.8936
4.8517
4.3674
4.8431
6.1801
5.6691
4.9501
5.7033
4.7959
6.1979
6.0622
4.7915
4.3705
4.7249
6.0298
6.0013
4.7764
4.4094
4.9442
6.1904
5.9779
5.0341
5.8659
4.7847
6.4158
5.7114
4.9744
4.3763
4.9876
6.3749
5.7879
4.8107
4.3762
4.8371
6.0217
5.0445
4.8006
5.7499
4.7849
6.1646
4.9208
4.8952
5.7682
4.8902
6.1975
5.8402
4.8339
4.3800
4.8874
4.8419
5.7945
4.9304
5.2613
4.8303
5.9243
5.7686
6.0604
5.5887
4.8315
5.8702
5.7009
6.0312
6.4042
4.7758
5.8228
4.8505
6.2364
5.5491
4.8140
5.4952
4.8724
5.4375
5.4831
4.8428
5.5925
5.4803
5.8209
4.8932
4.9448
5.5007
5.3912
5.9008
5.7184
4.8309
5.4699
5.2123
6.2220
4.9970
5.3418
6.3136
5.5314
5.3405
5.5344
4.8349
6.1100
5.5008
4.9607
5.0686
5.7840
6.1251
5.2787
4.7641
6.0630
5.6672
5.8848
5.3994
4.7395
5.6615
6.0539
5.8900
5.3649
4.7700
5.6908
5.1374
5.8295
5.2681
4.8109
5.0061
5.7220
5.8273
5.3551
4.7679
6.0666
5.7174
5.7471
5.3879
4.7416
5.7945
5.8371
5.2561
5.4421
4.9710
5.6947
5.2917
6.0237
5.7260
5.5209
5.7298
5.9318
5.9774
5.7613
5.6346
5.3171
5.5653
5.9510
5.9513
4.8397
5.5228
6.1433
4.9861
5.2011
4.8436
6.0472
5.9659
5.4818
5.7812
5.7597
5.0799
5.4045
4.8033
5.9062
5.7591
5.3222
5.3976
4.7551
5.4049
4.8496
4.9154
5.3428
4.7616
5.3197
4.8589
4.7620
5.5496
4.9147
4.9165
5.2836
4.9943
5.1096
4.8925
4.9231
5.5212
4.8754
5.8353
4.8303
5.7025
6.0992
4.7469
5.8022
4.8077
5.5653
6.1882
4.7811
5.6888
5.1634
4.8032
5.9491
4.7709
5.8436
4.8126
4.8149
6.2849
4.6241
4.9478
4.9731
4.7801
4.7894
4.8442
4.7677
4.8019
4.8173
4.7822
4.8047
4.9291
4.7738
4.8655
4.8609
4.7419
4.8283
4.6288
4.8326
4.9944
5.2158
4.7904
4.9028
4.7846
4.3685
4.8917
4.8089
4.8652
4.8360
4.3669
4.9683
4.9306
4.7824
5.2249
4.8426
5.0068
4.8226
4.8398
5.4622
4.8316
4.8032
4.7207
4.8732
5.4122
4.9264
4.7873
4.8702
4.7089
4.8923
5.6931
4.7871
4.9320
4.9227
5.0175
5.6905
4.7857
4.7883
4.9896
4.8758
5.2441
4.7924
4.7712
4.7639
4.8952
5.3038
4.7925
4.7922
4.7796
5.0733
4.8958
4.8869
4.9140
4.7964
4.8444
4.9219
4.8872
4.9398
4.9525
4.9673
4.8024
4.7711
4.8835
5.5602
4.8218
4.7743
4.7451
5.3563
4.8394
4.7368
4.8940
5.3696
4.8739
4.7621
5.3248
4.8711
4.8318
5.5162
4.8017
4.7448
5.4180
4.8325
4.8634
5.7608
4.9705
6.1229
4.8227
6.0260
4.7961
5.8044
4.8929
6.1969
4.9494
6.0755
4.7691
5.8761
4.9027
5.9433
5.3599
4.9283
6.0097
4.9166
6.2679
5.8645
5.3307
5.8367
5.7432
4.8894
6.1850
4.8603
5.4909
5.8922
4.6406
5.8352
5.5504
4.8397
6.0031
4.8423
6.3748
5.8074
5.5989
5.8052
5.7547
4.8702
5.8778
4.8483
5.8581
5.0076
5.6799
5.0921
5.9898
5.0940
5.2206
5.1528
6.1083
6.9345
6.3557
7.7611
6.0284
6.8193
5.0269
5.8552
6.1481
6.0097
4.7294
5.6641
4.9033
6.1957
4.7688
6.2383
4.9039
6.1295
4.8649
6.2364
4.7690
6.0246
4.8322
6.1971
4.8277
6.3023
4.7799
6.2262
4.9140
6.1864
4.8251
6.2460
4.9070
4.9369
4.9702
5.9422
4.9644
5.7509
4.7621
6.0011
4.9448
5.9567
4.7604
5.6727
4.7896
6.2224
4.8758
4.9314
4.7719
5.0517
4.9445
4.9295
4.8734
5.8559
4.7712
5.9483
4.7814
5.8069
4.9417
5.9740
4.8224
5.4701
4.8471
4.7959
4.9919
4.8285
4.7791
4.9939
5.1080
4.9726
4.8160
5.0525
5.7953
4.3741
4.3650
5.7235
4.3700
5.7082
4.3625
4.3779
4.3735
5.6926
