4.8673
4.9899
4.9447
4.7634
4.8603
3.5667
4.8472
5.0032
4.7655
4.8207
4.9742
4.8257
4.9336
4.9535
4.8933
4.8989
4.9987
5.2364
4.8857
4.9391
4.8081
4.8712
4.3515
5.3890
4.1693
4.9762
4.9530
4.2517
4.7980
6.1678
4.8780
4.9926
4.8217
4.2208
3.5721
4.7744
4.9983
4.0599
4.7896
4.1290
3.4291
3.1031
4.8041
4.0788
4.8846
4.9268
4.5957
3.6127
4.9223
13.3003
4.6805
4.7907
4.1894
5.5596
4.9575
3.9572
4.8760
4.7019
4.2431
5.0858
4.0148
4.1028
4.7715
4.0831
4.5789
4.5546
4.2529
4.1515
4.9055
4.2464
4.9419
4.2783
4.8653
3.8230
4.5245
4.1589
4.9346
4.1477
4.8479
3.1099
4.6881
4.1887
4.1885
4.1420
4.6492
4.2882
5.0032
4.2415
4.1895
4.5247
5.0485
4.0363
4.7355
4.9347
4.0381
4.3592
4.7853
4.1290
4.9306
4.9440
4.1832
3.8685
4.9758
4.0824
4.8002
4.8628
4.1915
4.1589
4.8828
4.8203
4.5557
5.0003
3.8248
4.2261
4.7849
4.5508
4.7713
4.7357
3.6471
4.1359
4.0947
4.6361
4.8241
4.0662
4.1318
4.1244
4.9422
4.7864
4.7830
4.1862
4.2997
4.1794
4.9205
4.5761
4.6745
3.8805
4.8564
4.3137
4.7945
4.5991
4.8886
4.3086
4.7757
4.7131
4.8149
4.4139
4.9287
4.1475
4.6896
4.7065
4.9675
4.3142
4.7684
3.8388
4.8487
4.7273
4.9446
4.7799
4.2704
4.2378
4.8595
4.7994
4.2067
4.9916
4.1150
4.1317
4.8631
4.7803
4.2850
4.9421
3.9712
4.3215
4.7995
4.0874
4.0189
4.9493
4.2709
4.7535
4.7355
4.0929
4.4236
4.9813
4.1632
4.6397
4.8803
4.1663
4.0684
4.8728
4.0898
4.2497
4.7193
4.1656
4.1478
4.9166
4.2187
4.2242
4.0696
4.7583
4.1346
5.0022
3.8962
4.2906
4.1605
4.7831
4.1950
4.9654
4.1700
4.2405
4.2889
4.7907
4.3192
4.9605
4.1808
4.7644
4.2425
4.2132
3.8942
4.9801
4.1658
4.8172
4.2297
4.1928
4.3167
4.9097
3.9939
4.1246
4.2238
4.1740
4.0737
4.7999
4.0029
4.8829
4.1093
4.1753
4.3637
4.0777
4.1471
4.8244
4.0245
4.7967
4.3171
4.0849
4.2408
4.8689
4.1305
4.7908
4.1540
4.1747
4.0170
4.8184
4.2491
4.1997
4.2819
3.9598
4.0553
4.8607
4.2011
4.1873
4.0289
4.1563
3.8853
4.8406
4.2111
4.1623
4.2125
4.2290
4.3330
4.8690
4.2098
4.1749
3.8722
4.1770
4.0540
4.8249
4.1191
4.8058
4.2522
4.1886
4.3161
4.0368
4.7075
4.7804
4.2442
4.1349
3.8197
4.1259
5.0114
4.2320
4.0210
4.7900
4.1535
4.1802
4.9773
4.2553
4.2492
4.9304
4.1236
4.1491
4.9307
4.1544
4.1325
4.9799
4.1584
4.0257
4.9545
4.2107
4.3298
4.9639
3.6775
4.1791
4.9057
4.8323
4.1108
4.9535
4.2727
4.2518
5.0390
4.8116
4.4442
4.9837
4.6792
4.1843
4.9068
4.2101
4.1128
4.9699
4.8639
4.8141
5.0004
4.1387
4.1407
4.8770
4.8350
4.8777
4.9610
4.1223
4.4530
4.9709
4.5059
4.8201
4.9893
4.1968
3.7284
4.9346
4.9698
4.8423
4.7926
4.2282
4.2816
4.9601
4.8168
4.8003
4.7875
4.7321
4.0164
4.9964
4.8957
4.8976
4.0656
4.7582
4.2613
4.8003
4.8920
4.8140
4.1043
4.7093
3.8896
4.1482
4.6860
4.8840
4.1866
4.7761
4.2483
4.1828
4.7634
4.0258
4.0947
4.1609
4.2973
4.1624
4.7526
4.0525
4.1432
4.2098
4.1096
4.2143
4.7465
4.1411
4.2229
4.8032
4.2788
4.2152
4.7411
3.9553
4.1681
4.6990
4.0500
3.9752
4.8676
4.1163
4.1939
4.7787
4.2628
4.1811
4.9315
4.0250
4.1188
4.1353
3.8191
4.1362
4.7720
4.0908
4.7853
4.1534
4.2525
4.1248
5.0456
3.9072
4.7268
4.7935
4.2253
4.8391
4.5929
4.7324
4.7159
4.7143
4.0854
4.9684
4.7324
4.7264
4.8272
4.7923
4.3588
4.8531
4.9125
4.8225
4.8799
4.1519
4.9638
4.9683
4.7346
4.8086
4.8280
4.1738
4.6800
4.8523
4.8539
4.8134
4.8827
4.8122
4.7729
4.9584
4.8809
4.1396
4.8222
4.8068
5.0178
4.8307
4.8321
4.0905
4.8204
4.7573
4.8610
4.9663
4.8377
4.0934
4.8740
4.1997
4.7159
4.9816
4.1144
4.1556
4.1041
4.1947
4.9956
4.7984
4.7711
4.1039
4.1339
4.1719
4.8855
4.9829
4.2514
4.0992
4.1305
4.7851
4.7714
4.8534
4.0179
4.1872
4.0875
4.8053
4.7643
4.7905
4.1851
4.9414
4.1965
4.1688
4.8003
4.8048
4.1278
5.0027
4.1066
4.1878
4.9467
4.8551
4.1642
4.0819
3.9814
4.2684
4.9425
4.8973
3.9068
4.0091
4.1003
4.7250
4.8639
4.8508
4.2267
4.0987
4.2592
4.7661
4.8352
4.9102
4.1813
4.1730
4.0978
4.7091
4.7647
4.8899
4.0940
4.8301
4.1178
4.7781
4.6797
4.9178
4.0849
4.9389
4.1399
4.1602
4.8913
4.8914
4.0450
4.8536
4.1514
4.2151
4.8666
4.9220
4.0559
4.9694
3.9537
4.6806
4.7355
4.8108
3.7556
4.9416
5.4684
4.7722
4.8561
4.8600
4.2389
4.7882
3.1218
4.7925
4.8562
4.8135
4.0065
4.9021
4.0055
4.9436
4.7750
4.8710
4.2536
4.8336
4.2556
4.5641
4.5799
4.1662
3.7832
4.8191
4.9840
4.2345
4.9750
4.1852
4.1700
4.9694
4.8341
4.2149
5.0641
4.1949
4.0588
4.8113
4.9473
4.7719
4.8348
4.1495
4.1684
4.9617
4.7971
4.7785
4.9588
4.8458
4.1175
4.2187
4.8215
4.8179
4.9032
4.9765
4.1706
4.2834
4.9757
4.8394
4.8594
4.7974
4.0507
4.2453
4.7840
4.2022
4.9515
4.9852
4.0553
4.4896
4.9855
4.1418
4.7710
4.9634
4.1471
4.3089
4.3100
4.7976
4.8865
4.8245
4.3379
4.1859
4.2322
4.7972
4.9104
4.9600
4.7888
4.1533
4.2636
4.7501
4.8757
4.8384
4.9804
4.1461
4.1821
4.1321
4.8086
4.2285
4.9276
4.5804
4.2670
4.0477
4.7107
4.3038
4.9272
4.7732
4.2800
4.7788
5.0210
4.2963
4.9847
4.6397
4.5104
4.7755
4.9093
4.0731
4.9228
4.7297
4.3296
4.9001
4.7716
4.0869
4.7321
4.2855
4.7091
4.1603
4.9309
4.1755
4.9149
3.3108
4.4296
4.0520
4.8708
4.1617
4.0724
4.7868
4.8340
4.7225
4.7931
4.2303
4.8790
4.9176
4.8764
4.7958
4.1938
4.1110
4.6345
4.7781
4.8294
4.7747
4.8688
4.1187
4.8199
4.9153
4.8748
4.7773
4.9414
4.2593
4.6646
4.2235
4.8197
4.0524
4.7947
4.2526
4.8532
4.1210
4.8609
4.0709
4.6937
4.8784
4.7861
4.2826
4.8282
4.8340
4.6993
4.9293
4.7207
4.2104
4.8592
4.8120
4.9067
4.4507
4.7944
4.9317
4.9427
4.8863
4.1181
4.7813
4.8289
4.1765
4.8191
4.1690
4.9087
4.9786
4.2197
4.7983
4.1964
4.7750
4.7904
4.8493
4.2295
4.1747
5.0118
4.9672
4.7907
4.3033
4.3150
4.7141
4.8288
4.1172
4.2629
4.2892
4.7680
4.9579
4.1428
4.2212
4.1327
4.7806
4.8035
4.8254
4.2364
4.1652
4.7868
4.7890
4.9194
4.3743
3.3318
4.8860
4.7326
4.1688
4.2978
5.7419
4.8864
4.7800
4.1835
4.0943
4.4486
3.9860
4.7861
4.7620
4.1671
3.1560
4.2614
4.7845
4.8094
4.2090
5.8804
4.3731
4.7797
4.7977
4.9317
4.3046
4.1365
4.8107
4.1546
4.5015
4.2594
4.0423
4.7727
4.2000
4.9784
4.2616
4.2385
4.7930
4.7852
4.8586
4.8139
3.9780
3.2365
4.7794
4.9533
5.0255
4.2456
5.2877
4.1076
4.6204
4.7461
4.0286
4.7840
4.1039
4.9688
4.7609
4.1433
4.2099
4.9554
4.8472
4.9100
4.0620
4.6558
4.9522
4.3038
4.6855
4.2114
4.7051
4.9832
3.5674
4.8991
4.1943
4.4156
4.7885
4.3720
4.7736
3.9006
4.8690
4.9581
3.9053
4.7447
4.1053
4.4438
4.9647
4.2364
4.7780
4.1955
4.9624
4.9349
3.5698
4.8677
4.1258
4.1224
4.7169
4.4187
4.9740
4.2279
4.8642
4.1991
3.9917
4.8061
3.8003
4.8288
4.1139
4.9601
4.8324
4.1736
4.7857
4.8394
4.7552
4.8028
3.6537
4.8547
4.8136
4.9298
4.8663
3.8914
4.8080
4.8439
4.8977
4.7091
4.0616
4.8920
4.8261
4.7906
4.8911
4.0953
4.6145
4.2182
4.9635
4.6911
4.0082
4.9560
4.1934
4.8417
4.7645
4.0832
4.7152
4.1558
4.9668
4.8846
4.6397
4.9568
4.1814
4.7646
4.8406
4.9926
4.7959
4.1877
4.7236
4.7361
5.0302
4.7414
4.1351
4.6928
4.7153
4.9378
4.7570
4.1548
4.7964
4.7968
4.7696
4.7700
4.1396
4.1508
4.0544
4.7457
4.9030
4.1338
4.1393
3.7079
4.7388
4.7459
4.1302
4.1547
4.0690
4.7736
4.9914
4.1298
4.1815
4.0382
4.8261
4.8646
4.1237
4.2967
4.1929
4.9288
4.7462
4.1456
4.3305
4.0166
4.7847
4.7561
4.1592
4.9063
4.0564
4.9900
4.7546
4.7736
4.9176
3.9816
4.8355
4.7783
4.8867
4.2160
4.2203
4.7589
4.9408
4.9921
4.1564
4.1440
4.7431
4.9424
4.9284
4.1842
4.0133
4.7799
4.7810
4.9120
4.2114
3.9412
4.9335
4.0485
4.9714
4.2511
4.6735
4.1925
4.9391
4.2232
4.9543
3.9477
4.1111
3.9591
4.7469
4.0789
4.0806
4.3066
4.8700
3.7500
4.1279
3.9839
4.6914
4.0088
4.6956
4.2315
4.8698
3.9045
4.7638
4.1892
4.8548
4.1219
4.7983
4.2506
4.7622
3.9747
4.3339
3.9565
4.8540
4.1355
4.1963
4.1572
3.8310
4.1754
4.3224
3.7098
4.1412
3.8683
4.2558
3.8987
4.1135
3.8544
4.3402
4.2530
4.0843
4.0865
4.1861
4.2459
4.1952
3.6885
4.3090
4.0500
4.1463
4.1287
4.2485
4.0836
4.2071
3.9248
4.2939
3.9129
4.0604
4.1717
4.0007
3.9681
4.2136
3.9454
4.0339
4.3032
4.1569
4.1111
4.2337
4.0856
4.1366
4.3063
4.0787
3.8687
4.1969
3.9364
4.2212
3.9421
4.2393
4.0380
4.1857
4.1407
4.1769
4.2740
4.1487
4.0634
4.1256
4.1579
4.1488
3.9833
4.1287
4.0980
4.7516
4.0869
4.7809
3.8651
4.8498
4.2646
4.7828
3.9984
4.1537
4.0926
4.1450
3.3635
4.8850
4.8854
4.8175
4.4958
4.8678
5.1493
4.8594
4.9931
4.8525
4.8235
4.8799
4.9267
4.8470
4.7016
4.9339
4.8378
4.8292
4.7640
4.9524
4.9517
4.4269
4.7614
5.0014
4.6093
4.9519
4.9403
4.8290
4.8117
4.9728
5.0367
4.8259
4.7688
4.1728
4.9140
3.9728
4.8172
4.0021
4.6876
4.0139
4.6572
5.4699
4.7813
5.4876
4.8061
4.8933
4.8977
4.3591
5.0261
4.3390
4.9231
4.3721
4.5276
4.1286
3.7290
4.7965
3.9412
4.7675
3.7174
4.9743
4.1253
4.7779
3.9882
4.2451
4.1271
4.0246
3.0148
4.1654
4.1103
3.9225
4.1324
4.0775
4.1345
4.1924
4.0450
4.0642
4.1081
3.9738
4.1402
4.1585
3.8918
3.7400
4.3155
3.7915
4.1925
3.7772
4.0721
4.1136
3.9833
4.2455
