0.03083
0.00119
0.02695
0.02169
0.03203
0.03189
0.02988
0.0003
0.03116
0.01162
0.03363
0.02881
0.03032
0.00032
0.02607
0.03645
0.03103
0.03136
0.03288
0.00018
0.02963
0.03357
0.02896
0.03214
0.02653
0.03842
0.04147
0.03799
0.03135
0.0253
0.04197
0.03077
0.03759
0.02845
0.0341
0.02659
0.04085
0.03248
0.03482
0.02983
0.02776
0.03309
0.00164
0.03257
0.03536
0.03569
0.02357
0.03463
0.03681
0.03919
0.03378
0.03788
0.03118
0.02847
0.03817
0.03157
0.03841
0.02496
0.03016
0.03387
0.03658
0.03096
0.03595
0.02825
0.03016
0.00323
0.03082
0.02718
0.02837
0.04372
0.02766
0.03032
0.03423
0.02595
0.03421
0.03184
0.03962
0.05138
0.01737
0.03212
0.03301
0.03363
0.02653
0.0341
0.03299
0.03201
0.00028
0.0283
0.00044
0.02726
0.00072
0.03556
7.0E-5
0.03597
0.03358
0.0332
0.02566
0.03148
0.02625
0.03299
0.02984
0.03808
0.03029
0.03338
0.02845
0.03487
0.03517
0.02826
0.00547
