5.6008
8.2546
6.1998
6.2169
6.4272
5.9704
11.0460
6.2205
6.3046
6.8206
5.7951
6.4444
7.8976
6.1287
9.7731
6.1227
5.9078
6.1164
5.7900
5.7063
6.1960
5.9677
5.7705
6.2239
5.7618
5.7661
6.1931
5.9972
5.6856
6.0715
5.8080
6.0559
5.9752
6.0808
6.0556
5.8428
5.2551
6.2008
6.1365
6.2385
5.6508
6.3557
6.0727
5.8250
6.0508
6.2088
5.7124
5.9760
6.1992
6.2909
6.2643
5.7726
5.4966
6.0911
6.1774
5.6082
6.1752
6.0519
6.2068
6.1233
6.2239
5.8332
6.2279
6.3109
6.2220
6.0725
5.9207
6.2281
6.2277
6.4078
6.2523
6.0829
6.3709
5.9601
6.1884
5.9811
6.0470
5.9759
6.2628
6.0618
5.9974
6.3571
6.1411
6.1357
6.1422
6.1591
6.0561
5.5132
6.1561
6.2745
5.3322
6.3821
6.2663
6.2546
6.2623
6.2575
5.1908
6.1104
6.2183
6.1073
6.2428
6.1455
6.2373
6.2071
6.2091
6.2026
6.2289
6.0678
6.1261
6.1835
6.3591
5.9106
6.1044
5.3481
6.0580
6.1631
6.2778
5.9155
6.2258
5.7015
6.1948
5.7084
6.2174
6.0767
5.6392
6.0753
6.2151
6.2422
6.2225
6.1527
5.9491
6.0310
5.2311
6.1309
5.9474
6.1600
6.1965
6.3261
5.4425
6.1049
6.2114
6.0365
6.3004
5.9824
6.0541
6.1390
6.2475
6.2304
5.6395
6.0544
6.2078
5.3473
5.9433
6.1969
6.1469
6.1955
6.0665
6.2018
6.2789
6.1143
6.2766
5.1998
6.3127
6.2390
6.1960
6.2603
6.2066
5.6228
6.2935
6.1402
6.0468
6.3111
5.4681
6.0601
6.0957
6.2280
6.2368
6.0929
6.2082
6.1408
5.7616
6.2044
5.5136
6.2138
6.1880
5.8709
6.1714
6.1713
5.9425
6.3085
6.2106
6.2037
6.2011
6.2161
5.2181
6.2110
6.2128
5.9780
6.0391
6.2508
6.2023
6.1407
6.0627
6.2485
6.1934
5.7886
5.9128
5.2897
6.2010
5.9739
5.9973
6.0711
6.1370
6.1900
6.2056
6.1201
5.2422
6.1878
6.1899
6.1037
6.1861
6.0940
5.4324
6.0318
6.1269
6.1898
6.1202
6.1964
6.2226
6.1206
6.1997
6.0851
6.1716
6.2048
6.1769
5.9444
6.1980
6.1268
6.0557
6.1174
6.1308
5.9217
6.0317
6.2686
6.1831
6.2003
6.2616
6.2106
6.0672
6.2143
5.9850
6.1610
6.0963
6.0702
6.0912
6.0961
6.0316
6.1603
6.2035
5.9584
6.1186
6.1641
6.1533
6.1099
5.9894
5.5748
6.0695
6.2130
6.1500
6.1989
6.0919
6.1287
6.1179
5.9939
6.0930
6.1363
5.9715
6.1563
6.0384
6.0403
6.1597
6.2458
6.0290
5.9895
5.9751
6.1691
6.1051
5.8738
6.1229
6.1266
6.0549
6.1152
6.1645
6.1310
6.1273
5.9553
6.2442
5.6883
6.0553
6.1098
6.1854
6.0675
6.0738
6.1206
6.1213
6.0612
6.1934
6.2176
6.1783
6.2669
6.1627
6.1556
6.1227
6.0298
6.1230
6.0469
6.1382
5.7524
6.1025
5.9570
5.3829
6.2141
6.1203
6.1536
6.2045
5.4704
6.0870
6.1333
5.7215
6.1143
5.8171
6.0389
6.1340
6.3255
6.0783
6.1241
6.1593
6.2315
5.8930
5.5691
6.1162
5.7848
6.1726
5.8832
6.1293
5.8572
5.8007
6.1215
5.2803
6.0422
6.1895
6.1823
5.7954
6.1627
6.1695
6.2017
5.8036
5.9668
6.0624
6.2395
6.2251
6.1474
6.2201
5.7719
6.2317
12.7052
5.9878
5.9102
6.2544
6.3138
6.1259
5.9979
4.9959
6.2464
6.2073
6.0486
6.0563
6.2415
6.2223
5.8301
6.2590
6.0433
5.7685
6.1594
6.0114
6.2822
6.2544
5.7807
6.2088
6.2675
14.4518
6.0301
11.6005
6.2030
6.0229
5.7635
5.8898
6.2173
5.7929
5.9597
6.2509
6.2092
5.9437
6.1210
5.9101
6.2122
5.7737
6.0461
12.5019
6.1217
5.9725
6.2100
6.2429
5.9757
6.1988
5.9806
6.1343
5.6007
6.1872
6.1532
6.2146
6.2921
6.1147
6.2072
6.1239
6.3346
6.2286
6.1603
6.1602
6.1493
6.2036
6.1271
5.8807
6.2508
6.1267
6.1978
5.8068
5.9657
5.5365
5.8403
5.9508
6.1783
6.0189
6.2396
6.1045
6.2213
6.1234
6.2817
6.2520
6.1454
6.1419
6.2373
6.1510
5.6378
6.2597
6.1639
5.8508
6.1603
6.1717
6.1395
6.2061
5.9938
6.0139
6.1832
6.2654
6.0251
6.1597
5.9866
6.1982
6.1149
5.6742
6.1612
6.1991
5.8934
6.2692
5.7762
5.8399
6.1947
5.9491
6.1202
5.7782
5.6784
6.2503
6.1874
6.3077
5.5712
6.1590
6.0761
6.3314
6.2121
6.0452
6.0137
5.9355
6.1163
6.1270
6.1305
6.1478
6.2291
5.9291
5.9532
5.5532
6.2533
6.2093
5.6245
6.1652
6.1985
6.2048
6.1957
6.1603
6.2208
6.2089
6.1821
5.7541
5.9695
5.9716
6.0796
6.1921
6.1726
6.1505
5.9988
5.6274
5.9820
5.7865
6.1737
6.0669
6.0374
6.0172
6.1948
6.2056
6.0908
6.2168
6.0573
6.2603
6.2548
6.0756
6.2548
6.0980
6.1911
6.0209
6.1269
5.8275
6.0710
5.9492
5.9688
5.7596
6.1729
6.0081
6.1200
6.1288
6.1363
6.1070
5.9558
6.2293
6.1299
6.1283
5.6268
5.5311
5.3891
6.0011
6.0935
6.0089
6.1627
5.8776
6.1060
6.2059
6.1215
6.2103
6.2131
5.9180
5.9955
5.8719
5.8648
6.1666
6.0148
5.9680
6.2036
6.1421
6.2344
12.5474
6.2512
5.8492
5.8642
6.1522
5.9889
6.2316
6.2096
5.9078
6.2035
5.9380
6.2457
5.6695
5.9913
6.1746
5.8912
6.2041
6.2122
6.1521
5.5082
5.7603
5.7726
5.7566
5.7903
5.7787
5.7683
