3.9697
4.0996
3.9673
3.9873
3.9174
3.9297
3.9954
4.0372
3.9169
4.0015
4.0151
4.0200
3.9870
3.9347
3.9161
4.0057
3.9608
4.0121
3.9818
3.9578
3.9401
4.0029
4.0370
4.0235
3.9999
3.9745
3.9290
3.9945
3.9921
4.0767
3.9567
3.9607
3.9453
3.9792
4.0287
3.9357
3.9216
3.9778
3.9520
4.0179
4.0329
4.0419
3.9412
3.9649
4.0058
4.0570
3.8100
3.9653
3.9413
3.9816
3.9176
3.9451
3.9218
3.9707
3.8037
3.9508
3.9758
3.9732
3.4875
3.9649
3.9865
3.9691
3.9732
3.9195
3.9402
3.9870
3.9604
3.9172
3.9903
3.9975
3.9503
3.9732
3.9637
3.9764
3.9514
3.9904
3.9684
3.8130
3.8443
3.9967
3.9787
3.9061
3.9551
4.0136
3.9824
3.9789
3.9780
3.9955
3.9430
3.9901
3.9850
4.0083
3.9192
3.9547
3.9877
4.0219
3.9812
3.9772
4.0001
4.0168
3.8920
3.8001
3.9721
3.9938
4.0020
3.8986
3.9484
3.9676
3.9124
4.0396
3.9379
3.9678
3.9948
3.9962
3.9117
4.0267
3.9338
3.9781
3.8290
3.9275
3.9846
4.0334
3.9734
3.9830
3.9597
3.9971
3.9922
4.0237
3.9164
4.0159
3.9862
3.9841
3.9658
3.9610
3.9310
3.9548
3.9858
4.0114
3.9885
4.0004
3.8861
3.9287
4.0044
3.9584
3.9708
3.9696
4.0076
3.9887
3.9820
4.0068
3.3470
3.9652
3.9533
3.9878
3.9775
3.7358
3.9155
4.0070
3.9593
3.9527
3.8870
3.9750
3.9629
3.8542
3.9903
3.9802
3.8461
3.5889
3.9045
3.8447
3.9601
3.9716
3.9276
3.9505
4.0067
3.9482
3.9847
3.9553
3.9282
3.9758
3.9512
3.9281
4.0119
3.9971
4.0025
3.7603
3.9713
3.9642
4.0093
3.9983
3.8959
3.8810
3.9591
3.9563
3.9884
4.0117
3.9195
3.9900
3.9642
3.9187
3.9587
3.9860
3.9438
3.9507
3.9818
3.9535
4.0214
3.9784
3.9687
3.9395
3.9723
3.9583
3.9582
3.9652
3.9640
3.9535
3.9258
3.9321
3.9997
3.9765
3.9790
3.9649
3.8732
4.0043
3.9780
4.0282
3.9700
4.0247
4.0067
4.0101
3.9563
3.9854
3.9791
3.9988
3.9818
4.0002
3.9332
3.9969
3.9605
3.9818
3.9437
3.9537
3.9895
4.0234
3.9974
3.9387
3.9333
4.0225
3.9329
3.9465
3.9175
3.9547
3.9143
4.0067
3.9744
4.0068
3.9611
3.9794
3.9617
3.9490
4.0147
4.0124
4.0020
3.9506
3.9335
3.9315
3.9817
3.8074
3.9460
3.9770
3.9828
3.9410
3.9787
3.9270
3.9845
3.9376
3.9887
3.9266
3.9802
4.0544
3.9884
3.9545
4.0057
3.9665
3.9844
3.9599
3.9579
3.9168
3.9590
3.9777
3.9549
3.9560
3.9592
3.9060
3.9642
3.9923
4.0070
3.9742
3.9445
3.9944
3.9922
3.9386
4.0164
3.9528
3.9688
3.9551
4.0264
3.9461
3.9874
3.9897
3.9263
3.9804
3.9665
3.9522
3.9908
3.8854
3.8981
3.8631
3.9777
3.9506
3.9457
3.9832
3.9338
3.9982
4.0222
3.9563
3.9337
3.8386
3.9852
3.9825
4.0155
3.9862
3.9718
3.9708
3.9769
3.9472
3.9737
3.9508
3.9986
3.9646
3.9522
3.9150
4.0049
3.9838
4.0162
3.9688
3.9485
3.9405
4.0222
3.9838
3.9975
4.0425
3.9332
3.9660
4.0133
3.9819
3.9640
3.9398
3.9411
3.9780
3.9832
3.9701
3.9811
4.0081
4.0026
3.9634
3.9972
3.9410
3.9799
3.9890
3.9797
3.9450
3.9644
3.9492
4.0130
3.9414
3.9620
3.9775
3.9427
3.9285
3.9869
3.8983
3.9726
3.9961
4.0078
3.9268
3.9689
3.9825
3.9581
3.9435
3.9658
3.9608
3.9594
3.9747
3.9499
3.8867
3.9689
3.9332
3.9798
3.8411
3.9483
3.9703
3.9419
3.9835
4.0102
3.1767
3.9240
3.9429
4.0022
3.9474
3.9867
4.0517
3.9279
3.9865
3.9543
3.9945
3.9631
4.0109
3.9401
3.9298
3.9731
3.9784
3.9457
3.9278
3.9705
3.9467
3.9556
3.9474
3.9943
3.9137
3.9362
3.9797
3.9875
3.9669
3.9916
3.9978
3.9742
3.9952
3.9955
3.9501
4.0127
3.9834
3.9725
3.9757
3.9604
4.0011
3.9819
4.0525
3.9943
3.9516
3.9756
3.9754
3.9758
3.9882
3.9160
4.0102
3.9825
3.9070
3.9839
4.0166
3.9126
3.9689
3.9922
4.0074
3.9692
3.9925
3.9289
3.9545
4.0327
3.9173
4.0262
4.0121
3.9198
3.9192
4.0243
4.0039
3.9811
3.9490
3.9631
3.9964
4.0174
3.9877
3.9931
3.9566
3.9489
3.8793
3.9631
4.0206
3.9877
3.9237
3.8831
3.8338
3.9877
4.0005
3.9775
4.0072
3.9421
3.8660
3.9634
3.9162
3.9660
4.0235
3.9767
3.8070
3.9774
3.9952
4.0136
3.9969
3.9681
3.9911
3.9725
3.9366
3.9784
3.9877
3.9647
3.8908
3.9999
3.9544
3.9749
3.9645
3.9451
4.0055
3.9863
3.9519
4.0024
3.9956
4.0303
3.9963
3.9758
3.9975
3.9412
4.0166
4.0364
4.0215
3.9841
3.0739
3.9936
3.9729
3.8973
3.8760
3.9846
2.7710
3.9808
4.0313
3.8917
3.9947
3.9517
3.0606
3.9634
3.8939
3.8357
3.9695
3.9812
3.3809
3.9662
3.9062
3.8432
3.9869
3.9831
3.9957
3.9730
4.0133
3.7258
3.9738
3.9712
3.9846
3.9945
3.9849
3.7030
3.9504
3.9671
3.9697
3.9965
4.0519
3.7233
3.9390
3.8868
3.9353
4.0099
3.9909
3.6823
3.9912
3.9826
3.9807
4.0248
3.9917
3.8704
3.9440
3.9203
3.9554
3.9786
3.9815
3.8642
3.8528
3.8625
3.9264
3.9936
3.9811
3.8498
3.9676
3.9830
3.9031
3.9764
4.0079
3.8588
3.9615
3.9798
3.8521
4.0094
3.9352
3.9782
3.9608
3.9799
3.9091
4.0177
3.9284
4.0258
3.9858
3.9807
3.9824
3.9816
3.9162
3.9946
3.9724
3.9561
3.9885
3.9769
3.9946
4.0018
3.9808
3.9538
3.9132
3.9604
4.0312
3.9754
3.9642
3.9536
3.9719
3.9996
3.9929
3.9431
3.9346
3.9504
3.9751
4.0147
4.0076
3.9410
3.9691
4.0183
3.9314
3.9789
3.9641
3.9341
3.9104
3.9574
4.0525
4.0244
4.0364
3.9589
3.9562
3.9505
4.0557
3.9753
4.0281
3.9607
3.9346
3.9911
3.5957
3.9989
3.9794
3.9259
4.0098
3.9616
3.6254
4.0158
4.0140
3.9308
3.9075
3.9985
3.8726
4.0162
3.9945
3.7846
3.9323
4.0222
3.8647
3.9497
3.9855
3.7586
3.9669
4.0254
3.8573
3.9925
3.7752
3.9801
3.9943
3.8602
4.0000
3.7810
3.9625
4.0094
3.8888
3.9892
3.7783
3.8846
3.9842
3.9414
3.9928
3.7642
3.9973
4.0001
3.8806
3.9588
3.8082
3.9511
3.9653
3.9205
3.9792
3.7757
3.9214
4.0107
3.9688
3.9851
3.7796
3.9638
3.9461
3.9594
3.9791
3.7838
3.9191
3.9683
3.9528
3.9757
3.7570
3.9048
4.0039
3.9603
3.9447
3.7568
3.9603
3.9685
3.9616
3.9640
3.9335
4.0081
4.0143
3.9479
3.9673
3.9674
3.9635
3.9573
3.9474
3.9803
3.9646
3.9533
3.9405
3.9845
3.9739
4.0091
4.0106
4.0014
3.9775
3.9694
3.7987
4.0009
3.9556
3.9939
3.9327
4.0067
3.9794
3.9887
3.9690
3.9744
3.9558
3.9539
3.9795
3.9970
3.9213
3.8888
3.9666
3.9957
3.9486
3.5467
3.9165
4.0303
3.9981
3.9803
4.0357
3.9550
3.8869
3.9859
3.9933
3.9431
3.9466
3.8729
3.8898
3.9798
3.9692
3.9773
3.9197
4.0031
3.9676
3.9750
3.8996
3.9369
3.9739
3.9716
4.0210
4.0252
3.9882
3.9393
4.0121
3.9537
3.9881
3.9763
3.9310
3.9622
4.0141
3.9421
3.9885
3.9778
3.9791
3.9669
3.9346
4.0496
3.9788
3.9627
3.9896
3.9945
3.9709
3.9795
4.0058
3.9586
3.9860
3.9430
4.0133
3.9380
3.9926
3.9598
3.8984
3.9912
4.0043
3.9620
3.9146
3.9978
3.7608
3.9823
3.9808
3.8839
3.8755
3.9327
3.9742
4.0021
3.9681
3.9311
3.9415
3.9941
4.0343
3.9914
3.8210
3.9169
4.0064
4.0047
3.9573
3.8581
3.8910
3.9807
3.9810
3.9712
4.0085
3.8978
3.9769
4.0009
3.8988
3.8969
3.9567
3.9755
4.0265
3.9721
3.9213
3.9702
3.9816
3.9977
3.8884
3.9702
3.8828
3.9780
3.9572
3.9281
3.8985
3.9572
3.9719
4.0112
3.9083
3.8852
3.9131
3.9774
4.0315
3.9326
3.9430
3.9703
3.9784
3.9727
3.8714
3.9451
3.8336
3.9818
3.9764
3.9631
3.9797
3.8484
3.9763
4.0074
3.9212
3.9381
3.9247
3.9837
4.0217
3.9931
3.8998
3.9491
3.9586
3.9936
3.9508
3.9945
3.9490
3.9734
3.9922
3.9552
4.0021
3.9470
3.9786
3.9784
3.9312
3.9295
3.7448
4.0000
3.9860
3.9672
4.0191
3.9211
3.9757
3.9865
3.9643
3.9794
3.8919
3.9883
3.9250
4.0069
3.9108
3.8344
3.9958
3.9633
3.8186
3.9087
3.9657
3.9984
3.9446
3.9717
3.9383
3.9810
3.9855
3.9453
3.9923
3.9464
3.9434
3.9897
3.9982
3.9322
3.9177
3.9710
3.9238
4.0078
3.9635
3.9913
3.8895
4.0170
4.0007
3.9788
3.9817
3.9302
3.9071
3.9719
3.9549
3.9966
3.9352
3.8997
3.9748
3.9312
3.9602
3.9943
3.9745
3.8965
3.9048
3.9771
4.0275
3.9568
3.9862
3.8341
3.9316
4.0304
3.9373
3.8987
3.8941
3.9936
4.0126
4.0192
3.9824
3.8825
3.9449
3.9922
3.9784
3.9855
3.8327
3.9872
3.9807
3.9859
3.9247
3.9229
3.9268
3.9887
3.9554
3.9731
3.9719
3.9352
3.9655
3.9427
3.9796
3.9869
3.9245
3.9122
3.9241
3.9806
3.9540
3.9788
3.9543
3.9350
3.9300
3.9674
3.9729
3.9107
3.9413
3.9859
3.9823
3.9537
3.9916
3.9586
3.9273
3.9869
3.9579
3.9575
3.8751
3.9580
4.0005
3.8738
3.8936
3.9209
3.9930
3.9856
3.8900
3.8521
3.9500
3.9171
4.0126
3.9814
4.0127
3.9001
3.9867
3.9291
4.0144
3.9258
3.9699
4.0232
3.8456
3.9252
3.9827
3.9283
4.0036
3.8967
3.9810
3.9271
4.0128
3.9733
3.8615
3.9274
3.9672
4.0293
3.8072
3.9610
3.9858
3.9039
3.9894
3.9248
3.9730
4.0021
3.9353
4.0163
3.9846
3.9839
3.9704
3.9576
3.9631
3.9981
3.8630
3.8653
3.8835
3.6401
3.8674
3.7441
3.8699
4.0079
3.9721
3.8952
3.9386
3.8984
3.9546
3.9559
3.9309
3.9002
3.8675
3.9853
4.0392
3.9431
3.7616
3.9461
3.9462
4.0291
3.9370
3.9055
3.9598
3.9439
3.9447
3.8347
3.9379
3.9685
4.0063
3.8266
3.9862
3.7817
3.9882
3.9505
4.0022
3.8902
4.0187
3.9429
3.9953
3.9413
4.0199
3.9145
4.0045
3.9611
3.9156
3.4378
3.9423
3.9777
3.9899
3.9711
3.9953
3.9757
4.0095
3.8789
3.9732
3.9084
3.9136
3.7655
3.9764
3.7948
3.9926
3.9922
4.0041
3.8494
3.9520
4.0143
3.9885
3.8808
3.9676
3.8903
3.9452
3.9044
3.9312
4.0023
3.9314
3.7856
3.9346
3.8614
3.9598
3.9085
4.0109
3.9211
3.9577
4.0163
3.9406
3.9219
3.9086
3.9678
4.0037
3.9633
3.8564
3.9762
3.9428
3.9772
3.8968
3.9240
3.9189
4.0077
3.9634
3.9789
3.8738
3.9764
3.9951
4.0005
