5.8690
6.1661
5.8589
6.3176
5.9848
6.4640
5.6241
5.8882
5.5071
5.7407
6.2948
6.0179
8.7062
6.1267
5.7661
5.7282
8.7980
5.8985
6.2138
8.4924
5.7115
5.8228
8.5760
6.1832
6.2065
6.5438
9.8762
5.9467
5.8144
5.7309
7.4402
6.3113
5.8938
8.8902
6.3491
6.1493
8.4718
6.3214
6.6047
5.7127
5.9748
6.0357
6.2410
5.9047
6.1991
6.3278
5.7013
6.1830
5.6017
5.9228
5.3607
6.6762
5.1000
4.4757
5.2494
5.3053
5.1903
6.3552
6.3849
5.9887
6.5519
5.7704
5.9874
5.3005
6.1072
6.3769
5.4517
6.1533
5.2827
5.7867
6.1415
6.0264
6.2102
5.4479
5.9889
6.3617
6.2797
5.7546
6.1800
5.9342
6.3274
5.6791
5.9471
6.3178
6.0211
5.9130
5.5273
6.0402
6.0919
5.5793
5.7922
6.3711
6.2778
6.0435
6.1049
5.9340
6.3866
6.2739
5.7876
5.7847
5.6876
6.3521
5.8291
5.9097
5.1928
6.1978
5.9923
6.1697
5.8105
5.8408
13.6281
6.0379
6.0981
5.4531
6.0084
5.7651
5.8678
4.8848
6.3030
6.3554
5.6128
6.0348
5.8821
6.2267
6.2411
5.9499
5.8898
6.1308
5.9803
4.9568
5.9448
5.9033
6.1254
6.2980
5.5215
5.9879
5.9079
6.2701
5.3169
6.2029
6.2364
6.1392
5.7295
5.9680
5.6784
5.6783
6.0373
5.9127
5.7426
8.2064
6.2264
5.5955
6.1684
5.9322
5.6509
6.1240
6.0361
5.6212
6.0861
6.0334
6.4549
6.0942
6.1011
4.9785
5.8562
5.7696
5.9784
6.0513
6.3454
6.4428
4.7332
5.9931
6.1467
5.9491
5.6859
6.4143
6.1299
5.8082
5.8446
5.9111
6.1930
5.3871
5.6014
6.2336
5.8634
6.2977
6.1911
5.4956
6.3257
5.9884
6.2082
5.6113
6.0850
5.8779
5.8984
5.9545
4.8038
6.1924
6.2684
6.2195
5.5842
6.3274
6.0086
6.3276
6.1028
5.4910
5.9250
6.1898
6.0756
6.3086
5.9020
6.0211
5.8480
6.1076
6.1531
6.2300
6.1716
5.5489
6.0317
5.8646
6.3305
6.2280
6.2317
6.0423
6.1094
6.1200
5.6355
6.1485
6.0010
6.0056
6.1490
6.0554
6.0367
6.4343
5.9681
5.6591
5.8653
5.8088
5.8372
6.0947
5.7580
6.1627
6.1392
6.0517
6.3128
6.0601
6.4168
6.1291
6.2412
6.2595
6.0777
6.1639
5.6266
6.1947
5.9773
13.8461
5.5744
6.3538
5.8022
6.0609
6.2634
5.6445
5.9115
6.3882
6.2886
6.3557
5.2754
5.9583
5.3252
5.9427
5.7477
5.8252
6.0403
6.0885
5.8330
6.0203
6.2727
6.3676
5.8541
5.9744
6.1649
5.6916
5.6629
5.9822
5.8950
6.3367
6.2427
6.2768
5.6297
5.7100
5.3310
5.6071
6.3003
6.4576
5.7599
5.5040
6.3315
6.2675
5.8607
6.0519
8.7265
6.0487
8.8635
8.7980
8.4145
5.7131
6.1495
9.2430
6.1374
6.0469
9.7186
8.7436
6.3440
9.0125
8.7638
9.3835
6.3075
6.2100
8.7807
6.2554
6.2334
5.4085
6.4735
5.5319
6.1263
5.8401
5.6280
5.5651
5.7292
6.1537
5.7139
6.1655
5.9260
6.0474
6.0165
6.2089
5.6349
5.8989
6.0761
6.2035
5.8859
5.6629
6.0064
6.1461
5.9592
5.5879
5.6877
6.1446
5.5927
5.7169
6.1469
5.0602
6.3459
5.7442
4.7655
6.3033
6.3859
5.7847
6.0403
6.1922
6.1837
6.2243
6.5217
6.2048
5.5578
6.0315
6.2164
5.2723
5.5162
6.2539
6.0189
6.2182
5.7713
6.1236
6.2570
5.0210
5.3535
6.2370
6.2976
5.8710
5.7532
5.3843
6.3751
6.2994
6.0641
6.3618
5.7775
13.7295
5.8694
6.0093
6.0124
6.0112
6.1582
5.9171
6.1846
6.0794
6.2688
5.9647
6.1563
6.2265
6.2342
6.3163
6.0507
6.2820
6.2571
6.0719
5.6620
6.2720
6.0675
5.5822
5.9543
6.2254
5.9202
6.2873
5.7795
6.3878
5.7497
6.4424
6.1099
6.3350
5.9875
6.3948
6.1676
6.2550
6.0436
5.9181
6.3470
6.0975
13.5724
6.0482
6.1127
5.1699
6.2745
6.1997
6.5263
6.3136
5.7454
6.3093
6.5696
5.7152
5.0831
6.4069
5.4883
6.1511
6.2960
5.9769
5.9475
6.4762
5.6213
6.2574
5.8499
6.0880
6.0808
5.6806
6.2413
5.7681
5.4789
4.9897
6.2235
5.5810
5.8824
5.3050
6.3529
6.1006
5.6398
5.9143
5.2287
5.9828
5.6659
6.4220
5.8853
6.1970
5.7704
5.5115
5.9571
5.8896
5.8385
5.6164
5.6858
6.4173
6.2168
5.9487
6.3912
6.3787
5.6003
6.0649
6.2115
5.8713
6.4731
5.7070
6.1299
13.7162
5.6826
6.1493
5.6870
6.1370
6.0080
6.3398
5.9235
5.8160
6.1881
6.2715
6.0507
5.9100
6.0020
6.1819
6.0996
6.1502
6.3879
6.2938
5.2102
5.7855
5.8769
6.0149
5.8542
6.2361
6.4079
6.2796
6.3073
7.9472
6.2765
6.2935
5.9929
6.3358
6.0550
5.7669
6.2121
6.0878
5.9431
6.2738
6.3132
6.4003
6.4188
5.6716
10.7651
6.1925
6.1341
6.3953
5.9076
6.4654
6.2018
6.6954
13.6547
6.5987
6.2570
6.2265
6.1972
4.7877
5.8299
5.7504
5.9550
6.1211
6.2834
6.1810
5.4355
