4.3191
2.4999
2.2870
2.4216
2.4231
3.7825
3.6988
4.1053
4.0424
4.1792
13.2256
4.0274
4.0762
3.6169
3.9711
3.7569
3.8473
3.7614
3.9299
3.7765
3.8060
3.6244
3.8892
4.1276
3.7583
4.1806
3.5732
3.7884
3.7747
3.9822
3.7106
4.0071
4.1861
3.5187
3.8633
3.5991
3.7953
3.6316
3.9211
3.8610
3.6016
3.9253
3.8111
3.5762
3.8297
3.5785
3.9014
3.8920
3.5911
3.8676
3.9944
3.6110
4.1209
3.4326
4.0187
2.5716
2.5723
2.5145
2.3829
11.4808
4.0381
2.4547
2.3480
2.3758
5.5376
2.4469
2.3664
2.3987
2.3805
2.3844
4.1471
3.9735
3.5909
13.1299
3.9350
4.0447
12.9980
3.8693
3.9904
3.9614
3.9143
12.4827
4.0131
3.9358
2.3376
2.4029
3.6924
3.7271
3.7968
4.1478
13.1140
3.6988
3.5867
3.8371
4.2676
3.7912
4.1980
4.0517
4.0850
3.8578
3.4591
3.4743
4.1080
3.7244
3.8267
3.9436
4.2211
4.3305
4.0947
3.9477
4.1318
3.6265
3.7618
3.6818
3.6027
3.9759
3.9438
3.5947
3.6540
3.6425
3.6396
4.1652
4.0426
4.1291
4.2549
4.1580
4.0778
3.8288
3.6924
3.9747
3.5056
3.4881
3.8573
4.1282
4.0328
4.1620
3.7814
4.2698
3.7950
3.9955
3.7616
13.2158
4.0445
3.8714
4.0954
3.7533
12.8245
4.0674
3.8383
3.8384
4.3178
3.8285
3.6235
3.9174
3.5916
4.7267
3.7452
3.6951
4.5183
4.2679
3.5844
4.0012
3.7424
3.8095
3.4538
3.8717
3.8091
4.0594
4.3825
4.0724
3.8012
3.4703
4.1237
3.5439
3.5983
4.2383
3.8270
3.7942
4.2312
3.7550
3.6696
3.7196
3.8343
3.7281
4.1573
4.3026
3.9980
3.8174
3.4005
4.1312
3.3670
4.2188
2.4337
4.8033
2.4940
3.7575
3.6078
4.0512
3.7475
3.6925
3.9695
3.5162
4.0634
3.7934
3.7674
3.8847
3.7636
3.4903
7.7860
6.3485
3.8846
5.4171
5.6076
7.8218
2.5190
2.7687
7.6615
4.1424
2.5163
2.3871
2.4860
2.3083
3.9434
2.3246
2.5781
3.6693
3.6609
4.0878
4.3628
3.5001
3.8377
3.5846
3.8560
12.3974
4.1472
4.2223
3.7757
3.8821
3.6011
3.6910
6.5499
4.0787
13.2065
4.0686
5.4084
3.4433
4.3449
9.4874
3.4336
4.3245
4.1101
3.8530
11.9861
3.9011
3.6427
3.9682
3.9405
12.6270
3.9564
4.0119
3.9259
3.9460
12.3049
3.9470
3.9677
3.6579
3.9329
3.7038
4.0343
4.3324
4.2628
4.0974
3.8580
3.7220
3.9598
3.6990
3.5637
3.7071
3.9009
3.8773
14.0782
3.5483
3.9462
3.9695
3.7341
3.9074
3.6999
3.8687
2.3837
2.4121
2.3647
2.3617
4.3584
12.8116
4.0189
3.6237
13.0388
4.1005
4.1783
3.6292
13.0438
4.1121
4.1203
3.9298
3.9803
3.6035
3.9242
3.3784
13.1361
3.7810
3.6974
3.8227
13.0905
12.7823
4.0385
3.7200
3.4528
3.6183
3.6240
3.5966
3.6928
4.6315
4.4287
3.7678
4.1340
4.0490
3.5392
3.9909
3.9999
3.5076
4.2038
3.5227
3.3638
3.4789
3.6449
3.6724
4.6209
4.5649
3.3600
4.2682
3.7957
3.7291
4.0437
3.9219
3.6134
4.2365
4.2226
3.7154
3.8594
3.8243
3.7842
4.3884
3.6767
3.8144
3.8476
3.7947
3.6173
3.7860
3.4297
3.5790
3.9273
4.2793
3.5116
4.0729
4.0349
4.2573
4.2857
3.7080
4.0238
3.9170
12.5020
3.7253
3.9045
3.9084
4.0567
3.9813
4.2117
3.5720
3.9963
4.0483
4.1289
25.1738
3.9244
3.6906
3.8360
3.9774
3.5933
13.0604
2.3758
2.3666
2.3819
2.4469
2.4351
2.3649
2.3658
11.4036
2.3680
2.3765
2.3684
2.3880
2.3793
6.2506
2.7534
6.2094
2.7113
3.9398
4.0609
3.4673
4.0119
3.8238
12.7955
3.9747
4.1412
3.8309
3.7536
12.8407
3.8415
3.7308
3.7929
4.6504
3.5735
3.8656
3.7668
3.8597
4.0882
3.9472
3.7627
4.0048
3.4348
4.8840
3.6107
3.9201
4.0913
4.4126
4.2639
3.5315
3.5805
3.7719
3.7428
3.6996
3.6772
3.6918
4.0366
3.7519
3.8989
3.8060
4.0117
4.2840
3.4727
3.7255
3.9269
4.0949
4.5960
3.6547
3.9327
3.7327
3.8206
3.6699
4.0259
3.7072
4.0484
4.0598
3.4035
4.0210
3.5296
3.8564
3.8647
4.2183
3.9615
3.9567
3.6482
5.4970
4.3192
3.9002
3.6256
3.7354
3.7528
4.5703
3.7961
3.6089
4.7683
4.2146
3.6130
4.0761
3.6981
3.9651
3.5399
3.7936
3.8359
3.9237
4.3427
4.0718
3.0481
3.3422
3.7243
4.5023
3.4957
3.6731
3.9576
4.9885
3.6519
4.5099
3.7281
3.7336
3.7365
3.8685
3.7495
3.3823
13.0133
3.7570
3.7756
11.1546
4.0725
4.1202
3.8700
3.5969
3.8938
3.8439
3.8764
3.5823
3.9311
3.6635
3.8168
3.5859
4.2416
3.8588
3.7268
3.9185
3.8893
3.5787
3.7885
4.2376
3.8618
3.9842
3.7397
3.9743
3.8739
3.6312
4.0613
3.6775
3.7801
3.8354
3.7214
3.7086
3.7424
3.8595
3.6533
3.9023
3.7300
3.9766
4.0190
3.8486
3.8117
3.7531
3.8725
3.6679
3.7231
3.7943
3.7672
3.9166
3.8641
3.9273
3.7661
3.7253
3.8454
3.7387
3.8281
3.9509
3.7768
3.9963
3.9744
3.8763
3.8088
3.9424
3.8360
3.7740
3.8658
3.8245
3.7779
3.8828
3.7490
3.9061
3.7552
3.8165
3.7352
3.6848
4.0460
3.6783
3.7544
3.8297
3.7563
3.7940
3.7780
3.9018
3.8394
3.8921
3.5542
3.6853
3.8339
3.9715
3.7929
3.6487
3.8569
3.9340
3.5641
3.7526
3.6965
3.9367
3.6685
4.0377
3.8561
3.6455
3.9576
3.6357
3.7665
3.6080
3.6510
3.8495
3.6174
3.7894
3.8458
3.8671
3.6506
3.8312
3.7966
3.8345
3.7677
3.8345
3.7855
4.2170
3.5909
4.2421
3.8796
3.6640
3.9443
4.1197
3.5509
4.1405
3.6468
4.0488
3.9512
3.7261
3.8341
3.4381
4.3252
9.4952
3.4278
4.3079
3.9494
3.8690
12.7281
4.0332
3.9019
2.5744
3.8826
13.1807
3.8257
4.2095
3.9863
4.0374
12.7882
3.9221
3.9140
3.6342
4.1599
3.4510
3.6333
3.5870
3.8795
3.6203
3.8048
6.0523
5.9678
6.1537
4.7977
4.2124
4.5689
5.2518
2.6793
2.6623
2.6520
2.6783
12.1728
2.7148
2.6709
2.6763
2.6844
2.7417
2.6506
2.6506
2.6753
2.6757
9.9834
2.6287
2.6429
2.6496
2.9436
2.8060
2.7604
2.7655
12.6682
2.8228
2.7983
2.7527
2.8578
13.0832
2.4571
3.1228
3.5748
3.8311
2.4508
2.4825
3.6777
4.2689
3.7331
4.2437
4.0322
4.1261
3.8195
3.5214
3.4435
4.0381
3.8050
3.8905
4.0734
4.2040
4.2739
4.1567
3.9628
4.1610
3.6269
3.7655
3.6943
3.5797
3.9062
4.0417
4.1491
10.5885
3.9456
3.8425
3.9280
4.0619
12.9746
3.7836
4.2790
4.0417
3.8120
4.0330
13.1291
4.0162
3.8153
4.0875
3.5746
4.2580
9.8091
3.6892
4.3422
3.3743
3.4055
12.4642
3.4010
3.3894
4.1961
3.7334
12.8932
4.0793
3.6754
3.8041
4.1139
3.9120
4.1540
3.9740
4.1763
4.1705
3.5493
3.7703
3.6266
3.6183
3.7336
3.6169
4.0106
3.8185
12.5933
3.7741
3.9167
3.8891
4.0200
12.9385
3.8791
4.0378
3.7286
3.6398
3.8233
3.9061
12.8403
3.5778
3.8781
4.1774
3.4407
4.0020
3.6549
3.6664
2.4673
2.4581
2.3638
2.3907
2.3836
3.6972
4.6116
3.8692
3.6389
4.0323
3.5586
3.9907
3.8394
3.6798
4.0021
3.2291
3.5230
4.3240
3.5501
4.1520
4.1920
3.9368
3.6071
3.6692
3.7795
4.0946
3.8362
3.6916
4.5058
3.7521
3.1597
4.5187
3.6970
3.5908
4.5245
4.0077
3.5573
3.8421
3.4499
4.3492
3.9486
12.5973
3.9293
3.5651
3.8662
3.6446
4.3011
3.9596
4.1326
4.0372
3.6806
11.9770
4.1720
4.0469
3.8407
3.5672
4.0862
4.1592
4.2091
3.8321
3.5904
3.8185
3.8741
3.9005
3.8157
3.6745
3.8240
3.8222
3.7941
3.8703
3.9569
3.8352
3.8712
3.8278
4.1345
3.7761
3.7998
3.7849
3.5744
3.7411
3.8513
3.8730
4.3477
4.1590
3.7259
13.2205
3.8764
3.5829
3.9092
3.9661
12.8563
3.8866
3.9822
3.8815
4.0002
13.1154
3.8596
3.9741
9.5836
3.6172
3.4531
3.6526
3.9457
3.9569
13.2087
3.7134
4.0035
4.0258
3.9580
3.7232
12.8212
4.1408
3.8749
3.6598
3.9051
11.1174
3.6346
3.8263
2.4175
2.4844
2.4720
2.4709
3.9944
4.3233
3.4402
3.9066
4.2241
4.1893
4.0675
3.5362
3.9113
13.0820
3.9758
4.3356
3.4701
4.0576
4.2058
4.3612
3.8374
3.5934
3.7771
3.9207
3.5044
3.9644
4.3336
4.1701
3.6725
3.4951
4.3262
4.1201
13.0950
3.7070
3.6567
3.9148
3.4339
4.1511
3.6764
3.4627
4.2684
3.9954
3.5296
4.0420
13.2772
3.6506
3.5510
