11.35
-2.03
7.2
8
17.66
0.18
5.33
3.34
13.45
1.91
25.31
4.01
3.03
7.72
13.92
8.44
10.19
10.21
0.71
4.97
15.49
11.22
6.73
3.03
6.06
15.23
5.97
12.48
18.49
6.42
-4.1
6.32
4.52
11.75
4.26
0.91
3.65
1.52
7.58
5.02
5.91
7.43
10.39
-2.04
3.73
9.85
10.01
5.52
9.88
7.05
5.24
-2.44
0.47
16.78
5.06
4.47
1.79
-2.77
5.01
18.24
1.11
-4.83
-3.6
-0.13
1.41
10.17
12.04
20.24
10.3
3.15
4.77
19.06
8.98
3.89
11.18
5.42
15.94
8.97
0.19
6.88
13.34
9.72
0.48
14.98
3.39
9.62
5.19
-16.84
10.31
10.98
3.29
12.54
8.37
-2.78
10.35
12.69
2.75
7.1
6.2
7.36
11.09
5.87
11.3
14.79
10.4
4.9
3.95
7.15
5.72
-4.4
10.98
17.93
13.13
9.82
6.15
19.94
-3.1
-1.84
19.4
2.44
2.86
5.27
-3.47
13.4
16.49
2.68
15.1
9.13
-0.44
8.22
16.22
12.38
12.89
-4.62
5.03
10.37
2.08
9.17
11.39
6.78
4.83
2.02
6.72
8.3
8.34
-0.77
-6.92
16.17
8.12
11.43
10.84
5.11
-3.3
-7.24
8.44
5.07
4.81
6.77
5.32
-5.39
2.3
3.98
2.6
2.29
18.97
3.28
1.25
-0.83
7.42
12.72
2.39
4.56
7.47
11.21
2.05
11.76
-0.85
13.45
5.56
1.91
7.05
13.08
1.93
7.49
3.42
-1.7
15.11
3.77
9.55
5.3
-6.21
5.06
9.81
-0.28
5.88
13.11
5.25
19.16
5.55
5.9
-1.38
10.74
3.98
4.88
1.6
8.21
1.66
14.92
17.16
12.17
6.69
-2.12
13.2
6.75
8.67
12.65
10.31
7.45
9.48
15.56
7.26
-3.5
4.3
4.96
3.31
-1.6
11.83
8.46
10.78
19.2
4.01
13.96
9.6
2.57
8.22
18.42
7.17
15.31
2.84
2.84
2.74
21.24
11.71
4.18
7.14
9.93
-7.46
12.25
8.33
7.29
14.43
2.53
4.95
14.53
5.98
6.02
1.61
3.77
-1.41
16.87
7.03
14.17
13.04
0.88
6.07
14.33
16.81
17.99
4.42
3.03
3.02
15.38
9.51
10.21
1.29
-6.68
10.03
20.71
7.87
7.77
-1.4
3.27
5.67
-6.49
16.32
2.27
-11.49
2.18
6.48
4.27
4.62
14.5
7.32
9.44
0.07
10.75
4.19
-0.4
7.11
4.91
3.56
-0.91
4.98
-2.19
9.61
-0.65
16.93
-4.09
9.39
7.63
4.56
10.68
7.86
-1.54
10.86
8.63
7.55
11.06
1.09
-1.65
1.64
0.31
6.49
7.27
-0.85
8.63
8.4
7.67
-2.7
-3.97
-0.34
16.87
8.32
3.18
7.14
-8.21
3.08
3.13
6.21
16.25
12.5
1.84
6.63
12.51
11.87
-2.98
11.61
12.3
15.58
-0.48
4.28
14.92
5.99
12.77
8.1
9.05
13.23
8.07
12.75
2.6
10.68
-5.4
2.72
10.39
16.15
6.18
9.44
11.73
1.3
6.41
10.59
-4.56
9.14
11.67
2.61
2.36
9.57
9.38
0.95
14.04
-1.68
18.65
14.06
2.96
11.16
19.55
-2.26
14.38
12.32
0.56
2.94
7.15
16.07
17.72
17.86
6.25
15.4
10.91
14.06
14.91
12.18
6.31
6.79
18.88
4.96
7.54
2
7.16
3.68
11.37
6.63
15.25
10.41
11.87
8.66
8.39
0.29
17.9
4.78
2.76
8.23
0.44
17.41
2.6
19.56
0.22
8.71
0.87
2.61
12.68
10.53
10.64
11.74
0.87
0.04
10.72
4.94
10.24
12.15
5.4
-5.04
2.12
9.65
4.12
7.86
10.21
3.86
-5.64
17.68
12.68
7.96
0.79
3.47
4.59
12.03
3.93
10.28
5.28
7.53
19.07
4.61
5.34
6.39
6.29
-10.58
8.29
12.46
4.8
6.56
10.59
-0.86
4.33
7.55
4.81
12.94
-1.74
-0.94
9.21
6.26
10.33
-4.23
0.55
10.73
4.1
7.47
8.62
11.99
-0.43
9.1
4.52
13.61
2.58
9.77
-0.44
5.21
12.95
-2.77
7.6
15.33
4.53
9.39
14.09
3.75
0.17
10.55
1.73
10.97
18.2
5.01
-4.22
2.68
3.1
5.24
9.14
10.37
-0.65
8.51
-4.95
8.45
5.51
-2.8
4.01
17.64
15.67
9
8.84
-3.04
-3.05
17.16
12.1
1.87
15.31
6.91
14.56
14.52
7.59
10.42
9.94
17.04
4.75
8.63
12.2
0.26
5.3
1.71
11.14
5.78
12.62
16.78
14.9
16.98
9.91
10.59
3.99
7.26
6.81
9.97
12.31
16.62
6.25
15.1
15.87
12.96
12.75
17.06
4.92
12.31
12.82
7.82
-11.99
16.18
-6.5
1.66
10.16
8.45
15.18
4.09
3.9
19.7
8.54
11.72
9.93
17.71
14
9.41
11.96
13.34
10.89
14.4
13.8
14.38
-2.41
20.33
10.39
10.07
8.37
12.54
7.38
17.85
12.87
9.74
14.88
5.9
7.05
19.91
12.1
8.09
0.5
13.73
-4.83
15.53
10.98
11.03
11.7
7.82
11.34
19.37
2.94
5.57
9.6
1.6
4.58
14.13
5.11
9.12
7.33
3.64
7.81
7.14
15.54
14.72
12.5
7.54
5.92
0.58
11.84
1.7
11.32
9.04
4.51
-6.74
13.13
4.94
10.92
5.03
13.57
5.49
2.17
9.75
-4.66
8.47
-2.11
-5.03
10.23
11.16
5.85
11.02
4.17
0.89
12.08
8.28
1.69
5.66
10.13
5.9
4.61
-3.96
-8.55
8.38
-3.25
3.76
20.95
-0.73
3.7
6.46
5.4
-8.43
4.42
10.12
9.23
0.25
9.56
13.43
-0.81
11.14
0.59
-7.4
1.05
2.51
0.72
0.75
10.66
8.02
7.71
0.68
6.6
14.55
3.76
4.82
12.8
12.93
17.16
13.04
17.7
-0.12
2.37
12.07
9.79
5.81
3.23
8.17
0.44
6.19
9.1
13.51
1.7
1.07
4.68
12.12
10.23
14
7.38
8.19
12.61
4.96
-2.7
11.24
6.87
3.38
6.15
2.05
7.32
14.65
10.26
11.38
8.5
-0.07
10.5
8.72
3.08
9.2
12.01
9.09
16.45
8.82
3.61
13.51
-4.3
12.91
6.8
4.15
14.27
10.14
6.23
0.89
12.39
10.67
-3.17
3.13
6.51
-2.97
1.83
9.13
9.7
-1.96
12.27
18.18
1.16
15.47
4.1
7.42
8.5
8.77
5.12
16.25
5.36
-0.1
5.69
6.42
6.18
12.04
5.15
4.43
11.9
10
3.22
10.52
-0.58
10.89
6.64
12.62
-2.95
4.42
5.72
9.73
3
15.01
2.59
6.98
-5.18
7.92
5.45
8.17
2.27
7.87
12.92
5.73
-4.96
13.14
14.82
6.84
14.14
8.15
10.06
22.45
16.39
8.58
14.59
4.5
15.76
0.8
1.73
8.61
7.43
3.45
-1.14
12.55
13.42
3.04
13.14
15.88
20.26
11.84
-0.41
9.02
1.24
13.96
2.99
7.76
9.76
15.24
3.38
6.98
6.8
9.45
6.32
14.09
4
16.65
2.85
17.09
4.25
12.07
3.06
15.32
-1.18
-1.67
0.24
12.93
6.5
6.96
4.21
1.45
9
4.62
9.14
0.64
10.3
9.29
10.59
8.66
15.9
9.14
4.77
6.07
10.57
18.11
-7.13
16
16.62
2.32
2.63
1.73
3.04
5.95
14.7
5.73
-2.21
6.54
14.12
6.97
-2.75
6.74
7.66
9.97
2.15
3.91
0.16
18.12
3.14
13.4
16.6
9.57
15.38
13.78
9.55
-2.37
9.52
5.63
-9.22
11.49
6.75
-7.8
11.25
6.22
7.52
-0.4
-3.92
3.18
15.86
-5.3
8.68
9.93
10.5
7.86
12.42
5.78
5.61
14.11
-1.25
3.99
5.4
16.08
1.45
12.27
5.17
13.19
14.05
9.44
11.46
7.42
9.52
3.38
9.12
-13.47
7.26
1.96
4.55
3.79
6.57
-1.44
5.06
4.27
10.34
6.65
9.64
18.33
9.55
-0.93
10.66
3.52
4.14
9.84
9.33
-0.08
12.86
0.72
5.99
18.62
9.07
16.26
9.87
-2.34
6.26
15.26
15.68
6.13
12.81
16.44
9.69
11.66
8.81
8.84
4.17
-3.64
7.18
17.21
7.88
8.02
10.88
-0.35
14.91
17.31
6.96
5.17
5.29
0.29
14.72
13.12
0.95
2.21
18.07
5.09
10.91
9.04
-0.39
4.49
6.01
-7.54
1.3
16.19
1.91
3.59
11.43
-12.69
5.17
11.07
2.82
4.28
8.96
0.09
12.17
8.36
4.78
9.67
-0.59
7.07
2.25
5.21
9.1
11.12
6.39
6.43
-1.57
9.54
14.59
10.24
2.98
2.55
1.61
3.67
19.47
5.41
5.43
8.35
12.77
7.03
2.33
8.09
20.18
12.69
-3.45
2.72
-0.89
11.34
0.81
12.56
4.98
8.02
9.84
-1.23
2.95
7.64
3.02
-0.53
-2.13
-2.24
0.75
7.63
1.91
2.4
-9.71
1.43
8.97
15.02
1.18
16.39
16.58
6.06
9.24
1.76
-3.68
-2.68
20.05
9.52
6.34
3.7
-0.66
4.93
8.88
8.47
6.53
7.2
10.27
3.59
3.14
3.08
10.47
1.67
5.92
1.24
6.06
2
-0.41
8.95
-5.79
-7.66
17.66
12.81
-1.58
-0.87
7.87
10.36
-4.27
9.27
-2.95
0.6
6.51
-0.17
0.86
12.65
-9.53
1.59
-1.35
9.41
2.7
0.89
4.46
-5.52
18.91
8.07
7.42
-4.73
1.71
7.83
7.52
3.4
-0.08
1.25
8.78
17.61
-3.7
5.58
11.94
3.32
5.63
0.06
-7.08
1.53
7.9
15.29
10.34
4.78
0.77
9.33
7.99
7.2
1.45
2.97
3.85
6.15
-1.81
18.31
14.37
-0.18
8.39
7.04
14.06
4.52
5.36
-1.07
5.93
1.3
2.43
21.22
9.03
1.71
8.95
10.7
-4.9
-4.7
5.64
8.19
10.11
-1.42
3
10.93
-3.27
16.49
-1.95
1.77
7.1
15.93
7.06
8.42
-5.1
5.88
4.01
4.32
3.38
4.02
6.98
5.58
-2.76
0.31
14.82
6.88
2.64
2.3
-0.68
-3.52
9.09
-0.18
6.02
1.53
12.62
7.72
12.46
11.01
7.33
12.02
9.96
10.69
12.48
11.39
8.95
-2.36
4.19
11.04
10
4.73
5.05
-2.4
6.43
7.13
20.3
14.08
7.22
-2.35
8.72
2.28
-2.38
6.04
5.77
-1.54
-3.38
8.04
10.57
10.26
8.67
12.13
6.31
18.87
15.41
9.4
4.76
5.11
0.37
17.41
-6.67
11.6
12.1
7.23
6.37
-4.89
13.25
13.92
5.55
7.35
5.6
7.23
16.77
11.02
9.04
11.95
11.63
5.13
4.48
12.14
2.22
10.72
11.15
13.44
1.15
-2.37
10.94
9.64
11.15
13.79
9.45
11.17
8.39
8.29
5.54
12.04
5.94
18.02
8.42
6.68
12.27
8.34
9.66
3.9
7
15.47
15.69
17.28
6.51
7.06
20.61
5.85
4.76
18.13
9.7
7.05
8.18
0.7
10.14
9.34
17.16
3.99
9.03
6.44
13.64
9.14
10.43
9.97
8.83
13.25
12.97
3.47
13.57
13.03
8.88
6.08
8.25
8.12
5.72
13.29
10.92
2.47
11.93
11.86
4.29
12.78
13.75
12.68
8.64
-9.36
15.6
1.3
15.46
7.49
3.51
8.09
10.48
1.07
12.71
11.39
11.08
8.43
13.5
8.61
9.11
0.77
11.49
6.13
0.68
8.1
2.17
5.57
17.37
17.45
10.31
4.86
8.64
1.76
11.28
17.52
-0.08
10.22
11.05
4.66
8.58
4.4
5.53
13.54
8.96
3.99
10.13
0.38
17.75
3.12
19.57
9.15
7.04
7.13
3.23
6.68
4.59
2.05
7.83
0.52
10.63
6.74
1.07
7.77
9.26
0.66
11.92
8.02
-0.49
6.31
8.46
0.35
-0.04
14.39
-2.49
2.94
1.84
6.22
-5.05
18.74
0.45
12.12
7.1
13.12
10.92
-2.41
9.65
11.17
-3.82
-0.89
-0.02
15.38
7.3
-0.14
5.31
4.07
11.43
19.69
15
5.36
10.89
4
9.04
2.88
5.81
-2.37
8.84
0.33
17.87
18.5
12.21
15.28
19.29
-8.78
-1.62
16.27
5.87
12.52
0.58
14.24
1.65
6.49
14.49
15.32
12.45
6.38
10.29
14.04
-0.46
10.49
10.86
10.94
14.93
11.43
6.71
8.92
7.5
15.76
0.19
7
6.27
7.93
4.02
16.18
7.77
-0.61
6.35
8.76
10.33
18.44
-5.93
8.77
9.27
17.23
7.49
3.51
14.59
13.72
4.73
12.31
4.63
13.74
-2
13.48
-9.74
8.09
-0.55
16.98
10.93
5.28
9.37
9.97
11.75
13.84
-2.58
11.43
3.58
10.72
13.62
12.61
8.96
22.59
5.72
14.41
-5.94
18.18
-0.2
13.05
7.48
6.76
16.43
3.42
0.06
13.33
17.29
9.88
0.53
6.03
4.98
12.75
9.6
12.44
13.38
17.3
7.18
5.09
9.45
-1.54
9.63
14.11
0.89
12.91
2.17
8.16
7.84
10.79
-2.53
13.79
9.51
11.13
11.77
-3.57
8.88
14.61
9.69
11.81
10.61
2.19
6.51
11.75
5.86
2.51
11.71
16.06
0.45
3.26
4.11
2.97
9.66
-4.9
-2.05
7.48
11.29
-3.2
7.6
12.58
-9.65
11.43
4.46
6.77
11.01
-4.43
-7.02
8.17
6.2
-3.65
5.32
1.57
-6.39
6.68
12.6
11.28
3.41
10.11
5.64
14.22
5.06
7.65
15.87
18.69
-2.89
11.53
8.77
3.94
12.6
1.21
7.95
12.44
10.29
4.3
0.4
12.02
18.05
11.02
12.56
9.3
7.19
-5.84
-3.09
8.67
8.63
-1.81
3.93
15.73
5.53
14.69
-2.94
0.56
5.99
-3.43
2.49
-2.7
11.65
7.87
6.58
1.36
1.2
7.73
9.93
7.87
10.31
6.6
6.49
-1.25
6.36
4.88
10.07
5.35
11.2
-6.31
-5.42
3.91
8.24
5.52
3.82
5.41
11.89
10.43
13.45
12.64
6.98
7.61
9.96
7.91
7.68
10.72
-4.7
5.72
4.24
4.57
-0.23
18.95
3.46
-3.85
10.54
6.11
9.36
9.9
6.15
-1.07
8.92
11.15
13.88
-2.95
3.9
7.24
11.47
5.28
7.64
-9.7
-0.02
4.47
18.19
11.91
21.48
0.14
-14.23
18.79
2.77
-5.56
4.26
17.41
-2.9
5.18
0.73
-4.94
10.48
4.51
3.03
7.5
-1.42
6.33
0.09
10.27
9.23
7.33
3.24
4.02
9.15
9.88
-3.96
0.76
8.58
4.25
5.61
6.89
5.95
6.69
-4.27
12.46
10.41
8.46
1.27
9.81
-1.6
12.13
4.28
2.33
9.37
2.85
5.8
10.25
2.15
-2.83
3.99
5.94
13.84
-1.6
10.52
4.24
4.99
5.17
5.25
-6.87
3.08
3.35
12.36
4.43
-1.3
1.29
3.11
6.08
8.46
3.09
8.84
4.7
6.33
-4.35
6.22
2.57
10.86
5.79
10.07
1.84
5.01
9.36
2.91
-3.72
7.48
7.46
14.67
-7.01
1.97
13.68
5.52
7.86
-0.07
-0.09
12.29
5.18
2.52
5.4
20.57
-3.87
13.17
1.74
8.89
15.24
4.2
0.72
6.77
-4.91
22.06
5.92
4.01
-2.09
8.33
-4.16
14.64
2.19
16.74
-0.83
4.65
3.58
9.44
-3.77
13.15
4
12.54
4.49
-4.88
-15.46
1
15.57
7.59
-6.54
5.46
-13.05
12.51
10.14
18.4
-0.57
14.37
-7.8
5.59
8.67
13.65
-2.56
12.88
7.13
-2.25
3.79
5.94
-0.41
11.07
14.45
3.56
9.8
-0.57
11.78
7.36
3.45
13.89
11.1
6.32
2.32
7.54
13.26
3.44
3.46
5.69
7.27
17.42
6.86
10.12
-0.28
20.54
4.41
3.37
13.26
5.9
1.32
16.71
9.63
2.31
11.17
3.29
8.83
5.7
-4.82
-0.29
6.96
10.69
1.08
-0.05
-6.76
13.09
10.9
10.6
1.2
11.13
-12.89
5.99
13.12
-7.17
1.91
11.84
2.56
-4.5
10.94
4.32
6.18
1.06
3.68
9.87
0.68
9.46
1.8
3.78
3
5.93
-1.79
10.71
12.04
8.54
9.17
6.06
-3.98
9.84
3.01
1.41
7.83
9.19
-2.33
17.16
0.16
5.9
-2.78
8.13
13.99
4.52
12.6
-5.51
-2.01
4.75
15.06
11.12
7.74
7.41
5.49
12.94
15.06
0.48
10.81
6.45
0.69
15.88
1.26
2.45
15.38
4.89
8.11
2.98
-6.99
11.62
13.72
8.29
4.73
11.34
3.95
4.27
8.19
15.35
13.46
10.4
7.94
13.87
9.73
-11.93
13.81
18.92
7.1
16.32
11.62
18.29
12.07
1.78
5.06
11.38
8.28
13.99
12.47
9.69
12.08
-2.08
10.33
8.42
8.47
11.38
8.98
22.84
6.98
11.52
15.86
3.18
16.11
11.59
12.57
-4.08
14.1
5.73
19
-1.44
7.67
0.59
9.83
5.13
14.22
4.61
12.56
2.64
7.75
16.27
4.12
5.82
2.19
4.31
5.14
5.55
7.21
9.14
6.57
6.6
4
5.63
4.25
4.32
14.29
4.34
12.84
-5.61
11.64
-1.31
8.66
0.57
14.93
10.9
16.78
6.7
18.66
20.74
9.24
-2.53
5.63
7.83
7.71
3.27
12.49
-2.42
6.81
8.97
7.58
12.35
10.6
1.24
1.41
-1.37
10.95
8.18
13.48
2.69
1.64
8.34
10.03
9.35
13.55
10.18
10.39
21.01
10.99
4.79
11.92
6.76
12.17
9.53
26.6
7.02
12.51
6.24
6.19
18.5
7.69
7.37
9.41
-4.23
8.36
9.16
10.07
-6.51
12.58
9.39
9.97
11.23
3.71
4.87
9.12
3.49
14.46
13.16
4.42
5.31
9.78
6.66
15.84
6.95
7.6
7.78
14.76
10.98
15.91
6.56
2.12
9.09
5.12
17.88
20.85
7.75
14.66
3.93
12.37
7.14
0.86
7.7
7.88
6.35
3.51
5.06
8.53
5.82
4.31
13.7
-1.33
13.84
10.9
14.39
10.52
13.22
6.5
13.33
4.46
3.71
7.22
9.48
14.1
-1.43
16.09
3.93
-1.08
14.6
1.78
6.85
16.95
7.36
-4.72
13.39
12.38
-4.36
11.48
13.34
14.03
7.85
11.2
11.49
26.18
20.83
1.89
3.64
2.12
6.76
14.86
-2.5
4.09
10.81
8.74
5.73
8
6.61
4.3
2.54
9.3
5.97
12.69
6.55
4.97
9.36
6.82
10.19
7.7
14.1
-6.37
8
7.81
8.19
10.66
11.39
7.84
13.12
15.97
-0.25
2.38
1.46
3.42
9.56
6.49
-7.4
5.23
-7.9
-0.16
-0.97
6.22
3.74
-1.8
7.13
4.68
4.38
19.57
5.4
8.81
8.11
3.35
2.51
7.63
10.84
6.38
6.68
8.51
15.25
1.57
10.3
6.69
6.4
-0.08
12.16
1.56
0.33
0.41
4.28
3.96
1.15
15.98
10.97
9.82
0.04
11.81
3.26
16.77
11.72
3.7
4.02
1.74
6.5
8.47
4.29
4.42
8.01
3.38
14.16
1.05
7.09
16.94
2.18
14.35
17.03
23.58
4.94
6.13
1.12
9.95
14.32
3.8
14.19
11.82
8
4.85
5.83
10.15
16.51
11.91
11.1
4.23
5.76
11.27
17.79
17.99
11.16
14.02
9.14
10.33
13.34
13.3
17.21
13.55
14.1
-0.33
12.46
5.25
14.81
3.94
3.78
18.08
7.06
12.05
10.84
-2.37
3.24
17.94
4.35
15.46
6.14
1.17
4.94
9.01
9.86
13.35
0.71
10.69
4.3
12.36
10.75
3.33
12.94
6.78
2.14
10.86
19.85
18
3.06
7.72
2.21
11.68
15.5
11.33
2.96
4.2
7.45
8.14
3.64
11.57
12.71
0.68
7.11
-1.03
9.31
3.44
11.84
8.19
7.35
12.26
6.56
11.76
-0.61
-3.2
1.2
17.8
6.68
1.74
8.92
-2.66
12.81
5.4
-0.75
12.16
1.81
5.73
7.18
7.57
8.22
10.39
7.55
0.19
5.53
15.41
8.22
11.11
11.37
-5.49
16.76
12.63
-13.94
13.88
13.71
-7.43
14.48
8.52
9.87
7.78
19.11
-4.53
7.6
7.47
4.5
4.47
15.55
5.6
9.49
12.86
4.79
16.71
18.47
11.5
9.69
14.77
-1.05
6.64
-0.37
4.77
3.44
6.42
8.03
11.49
6.49
-1.81
7.26
5.88
7.9
14.65
1.62
12.04
6.11
7.13
1.78
10.21
-3.94
7.81
12.14
8.53
1.48
12.71
-4.57
14.83
5.74
3.67
3.16
15.6
-0.42
4.85
4.87
11.75
9.09
6.68
-6.55
7.49
6.35
9.03
9.18
9.41
-2.22
8.69
12.3
6.43
-1.93
3.29
2.85
-0.46
16.21
6.98
0.74
6.58
3.67
6.02
18.09
13.07
4.53
3.27
-2.42
0.31
3.99
7.98
16.84
-4.13
-2.93
2.12
22.52
10.71
9.27
0.97
-3.78
-3.48
24.76
7.08
7.58
-2.83
-1.52
5.87
8.64
11.51
11.01
-6.51
9.44
-3.41
13.11
8.79
6.84
3.67
2.74
3.69
15.2
9.82
12.23
-2.54
5.96
12.26
7.13
14.29
2.51
-5.33
26.2
11.29
16.35
5.04
4.08
-0.31
-2.34
-0.37
8.43
11.38
5.73
1.34
1.47
5.41
14.55
6.53
6.94
4.13
9.63
5.54
6.98
7.57
11.77
-3.92
13.02
4.43
-8.34
9.64
12.73
0.68
5.62
6.04
10.37
5.96
9.14
4.95
4.96
4.16
0.5
10.16
11.25
3.19
5.83
2.76
4.68
15.12
1.27
-7.24
-1.55
2.8
9.07
10.6
13.6
-3.52
10.1
19.94
11.04
4.44
-0.73
12.36
5.53
19.18
0.67
-2.96
12.37
4.37
3.12
13.63
8.78
5.91
19.59
-11.73
3.06
11.05
4.45
10.36
8.81
10.77
0.68
4.27
-3.08
4.74
6.62
-3.33
24.93
9.06
4.84
17.85
13.74
1.05
1.22
-4.31
10.19
-1.54
15.56
8
8.73
3.2
14.12
-5.66
3.57
13.08
16.37
7.25
0.66
9.2
3.44
10.7
9.59
5.18
7.29
9.38
12.79
12.9
4.24
3.88
0.35
6.73
17.98
-1.66
14.7
6.58
7.48
0.06
8.74
5.27
4.87
10.86
18.77
0.59
15.11
1.02
7.59
-3.61
6.94
18.79
12.89
0.95
6.03
1.45
9.75
3.79
13.58
0.07
1.37
-2.1
16.49
2.43
12.33
9.47
-3.73
3.6
7.37
1.5
9.24
8.76
-3.45
17.09
-0.53
1.97
7.69
14.19
6.62
1.75
6.57
3.88
13.6
6.88
18.11
15.02
9.8
3.57
2.3
5.82
11.44
1.97
1.59
3.21
5.36
-1.72
13.97
8.47
20.05
7.96
7.08
12.57
5.99
3.59
9.11
6.66
6.55
-1.47
-2.15
5.27
7.52
1.92
20.86
2.36
10
1.38
-5.56
-5.48
-0.52
5.62
8.29
15.44
8.24
1.34
9.33
6.92
9.09
3.05
10.76
10.86
-1.52
-1.49
2.44
-2.68
13.8
1.72
7.67
7.58
0.09
6.72
-5.93
-3.98
11.65
15.87
11.54
8.23
2.53
-0.43
15.26
6.75
6.32
-1.65
11.45
3.38
-4.34
16.86
18.04
-3.41
11.53
2.03
15.28
6.34
5.78
11.52
7.46
2.36
12.88
2.41
11.63
11.53
6.94
-5.9
7.78
-1.39
11.9
14.31
7.59
3.32
5.16
10.9
15.69
0.11
0.33
-2.97
14.6
4.07
19.33
3.53
0.02
12.92
5.73
6.05
-5.68
9.55
5.4
3.01
18.32
8.63
12.27
8.39
0.79
0.19
2.17
0.18
2.31
3.29
9.66
14.83
19.31
2.61
14.95
4.36
9.38
4.49
7.49
-0.77
2.07
-5.44
8.56
6.48
3.65
7.02
12.74
7.46
16.55
3.47
3.36
1.09
6.61
2.38
13.82
2.73
3.51
13.13
7.31
3.68
7.92
2.76
17.25
1.88
17.12
-1.12
0.75
5.65
13.41
2.03
10.56
11.02
13.04
8.29
9.26
4.76
11.89
2.25
10.73
7.56
17.39
-2.01
8.66
22.58
2.8
12.47
18.92
-0.03
5.16
8.57
7.66
9.7
1.03
-5.4
5.71
11.05
2.32
12.73
7.83
-1.77
4.31
20.74
8.16
1.76
2.49
1.63
11.51
12.56
12.55
8.68
3.99
22.28
9.92
9.4
5.59
15.45
-5.22
7.29
16.45
7.55
3.36
2.38
5.82
3.41
13.92
10.72
11.56
9.87
3.51
11.75
15.99
0.12
3.96
0.71
-1.29
6.99
13.58
12.06
4.19
8.57
8.82
18.1
3.74
1.82
1.24
14.35
8.64
19.16
4.1
18.17
11.96
9.38
11.82
11.02
5.82
10.53
13.81
11.84
8.38
5.62
16.99
5.47
15.86
10.6
8.55
4.96
16.31
10.71
-2.93
16.02
6.74
14.49
4.87
15.04
7.28
7.56
2.44
3.33
13.36
-1.82
1.62
3.36
7.43
-3.84
3.75
14.47
6.74
0.28
1.71
-1.12
-2.79
6.04
6.04
17.04
8.18
13.35
11.79
1.2
6.81
8.47
19.25
10.41
9.08
10.89
9.4
10.62
15.44
14.99
8.44
16.73
5.33
4.79
1.68
5.92
4.39
15.05
15.2
3.1
4.47
3.39
5.43
9.33
5.06
3.19
5.59
8.58
12.81
10.67
6.98
7.33
4.02
-0.47
3.47
3.78
11.39
11.02
-0.4
5.52
4.77
13.64
7.98
15.64
6.24
17.24
11.89
8.88
-7.76
5.06
3.12
8.14
4.35
6.84
8.91
4.97
6.19
5.87
0.08
11.71
11.06
-7.07
3.43
5.36
4.12
-0.45
3.28
-8.38
-7.88
0.43
5.29
13.54
12.75
-7.08
6.86
16.7
9.95
10.4
9.05
11.35
5.04
12.56
-5.57
14.58
9.88
14.81
0.34
20.73
-0.94
16.02
-4.97
3.18
3.79
8.92
16.22
-1.21
2.84
5.52
24.32
9.55
8.25
18.67
6.54
5.8
5.14
18.1
4.47
11.81
12.51
0.38
7.16
8.95
6.57
5.19
12.88
6.23
3
4.78
8.67
10.3
8.41
5.06
12.64
0.85
10.07
10.74
9.13
11.17
11.5
15.1
12.08
9.84
12.31
15.22
12.41
3.57
14.92
10.22
11.14
2.19
11.25
4.53
18.4
0.78
8.13
0.54
9.15
9.54
12.76
10.36
8.18
0.99
17.39
8.5
11.7
2.43
0.17
10.96
8.42
9.24
16.54
9.58
12.25
14.47
18.04
9.36
12.85
0.89
10.36
11.19
10.89
9.68
16.95
8.65
9.47
9.85
3.37
11.21
8.69
7.85
15.75
4.14
14.49
13.79
18.63
12.6
6.7
11.84
3.8
16.65
4.2
3.96
8.71
8.93
6.94
10.03
12.84
9.03
3.64
16.42
9.88
9.26
14.4
10.13
5.62
4.52
3.81
8.54
6.95
5.74
-2.55
3.7
11.28
8.17
15.51
-0.28
-3.79
10.52
4.65
10.27
11.38
2.31
-0.05
5.17
14.32
10.68
16.52
3.28
7.39
9.38
13.31
5.46
4.79
8.32
0.43
13.23
2.08
1.76
5.97
5.62
2.31
3.8
14.98
14.3
5.54
20.38
2.86
2.95
8.47
5.94
4.96
16.41
-5.52
0.85
10.25
15.48
8.05
19.26
7.38
18.55
13.52
4.83
10.91
2.28
4.71
13.6
-0.8
4.81
-2.63
6.44
14.8
9.14
19.7
6.41
10.07
8.52
7.84
14.41
10.4
11.01
11.82
6.32
12.08
10.72
16.56
8.7
2.35
10.3
8.2
10.43
17.31
3.02
14.17
-1.06
7.75
6.36
5.09
10.73
14.61
-2.65
6.76
16.72
11.41
-1.3
12
4.99
13.28
1.24
16.39
10.34
-12.24
-3.43
7.16
-2.86
2.48
4.29
12.15
1.98
7.93
8.75
14.49
0.89
2.94
-2.42
1.44
11.34
5.58
-5.68
15.14
1.97
6.08
11.95
3.6
-0.95
6.51
0.71
4.57
4
1.8
3.08
-0.17
4.95
2.17
19.34
1.47
4.28
5.64
1.95
3.42
20.49
11.71
5.86
3.41
2.98
7.57
11.31
6.41
14.48
11.47
11.22
3.6
11.41
1.47
3.58
13.55
14.06
6.83
12.84
-0.8
8.7
6.82
6.01
4.98
10.6
-1.88
9.51
1.21
0.14
0.7
17.78
-2.45
8.07
11.44
7.37
4.01
-2.67
1.89
15.51
10.54
-0.96
-0.1
3.93
6.93
5.15
5.68
-3.46
6.8
5.66
6.75
19.83
1.45
5.64
-3.66
6.52
8.37
7.27
5.83
1
9.52
13.76
16.25
1.6
7.75
4.54
14.52
1.34
-6.3
13.82
5.12
-2
6.42
5.59
14.2
4.9
-1.28
-0.79
-0.82
12.11
7.3
0.59
1.56
3.94
-2.2
0.15
6.87
-0.82
5.06
4.27
2.54
10.83
2.28
17
4.06
11.37
-0.04
15.58
5.36
0.9
2.55
16.78
1.46
20.8
14.45
7.45
0.23
11.33
6.17
-2.57
6.17
14.57
11.54
16.14
14.18
7.72
14.99
9.22
-7.96
12.03
5.24
6.23
2.51
4.15
-5.45
10.75
10.21
6.25
8.85
3.59
8.69
8.17
2.69
7.27
5.22
8.72
-1.05
12.36
-0.73
0.15
0.4
12.21
7.5
6.63
10.36
-2.95
6.41
6.82
6.35
10.91
5.17
2.53
-2.41
3.58
6.54
4.68
1.72
11.44
11.06
12.42
5.03
-1.46
-2.5
1.84
5.14
15.19
10.11
16.51
3.63
5.55
16.25
1.12
8.3
18.3
-1.97
11.52
-0.18
2.26
19.74
9.46
14.72
4.83
13.63
9.84
-0.46
-0.32
3.21
11.6
12.85
9.49
5.89
15.16
3.4
7.47
12.23
13.06
1.21
13.78
14.9
13.01
10.49
-8.6
8.7
10.5
-0.16
2.32
4.79
14.8
4.69
10.43
-2.93
5.05
13.21
-7.17
3.27
5.56
1.35
12.62
0.74
11.68
1.31
12.24
8.84
3.68
5.49
8.76
-2.59
6.7
-3.29
6.2
7.72
7.48
-3.14
2.11
11.73
15.43
13.01
0.79
-4.05
0.56
10.3
13
5.43
8.86
1.18
7.43
3.39
22.62
0.11
9.18
-2.88
13.82
12.39
12.68
13.18
16.61
-9.89
8.9
14.81
-9.13
1.05
27.23
-6
12
0.05
24.53
2.37
1.74
2.56
1.36
8.29
-4.79
-5.01
13.21
-1.73
-5.52
0.13
12.24
0.24
5.54
5.07
4.54
11.99
18.78
-1.86
8.98
-0.13
5.58
10.45
5.33
3.31
14.44
0.04
9.75
11.06
19.14
-0.93
15.13
2.87
-1.37
8.8
3.87
10.26
5.39
0.08
2.87
10
-2.75
12.5
11.1
13.7
21.27
2.59
11.09
0.89
-5.63
5.17
0.18
9.56
3.77
6.47
11.05
3.22
8.82
7.57
8.59
-0.34
4.85
-1.11
7.76
14.92
3.06
7.53
5.24
10.02
2.53
0.33
19.79
-2.59
10.38
6.1
3.58
8.25
9.14
-2.32
8.02
5.88
7.87
13.13
0.6
15.31
7.63
4.73
18.35
10.64
8.09
10.58
4.68
1.65
-4.05
10.59
16.07
9.54
-1.37
1.48
8.13
4.92
2.51
3.23
6.31
3.33
7.61
5.1
-3.04
6.05
3.69
9.19
3.87
13.48
10.43
2.52
-4.63
11.67
11.11
12.88
4.61
5.4
17.14
8.93
7.07
17.84
12.8
2.53
9.98
15.37
6.08
7.51
6.28
10.18
2.63
8.67
5.43
16.07
-4.39
3.51
4.75
7.35
8.31
-1.63
-2.63
9.06
6.02
6.22
7.55
0.81
16.44
11.87
12.41
21.14
6.63
-0.03
-0.85
10.18
3.86
8.88
-3.68
-2.3
6.97
7.51
-2.13
13.64
2.98
12.45
3.33
13.31
1.81
7.66
2.09
4.67
-3.27
3.89
10
9.77
14.89
5.69
6.3
12.88
2.68
3.41
16.27
8.14
15.21
2.06
13.36
7.22
12.46
5.66
11.29
11.57
13.8
10.03
18.06
17.31
12.72
12.91
15.41
8.79
13.41
6.38
1.74
-0.92
2.44
1.16
25.5
8.47
1.47
-1.98
9.44
13.22
17.39
10.21
-6.11
-1.97
2.41
12.89
8.05
19.02
8.51
0.25
-0.06
-3.22
8.13
6.4
0.87
0.78
20.27
15.26
6.85
15.48
16.52
9.81
18.08
-3.24
-3.46
0.79
5.14
5.61
4.94
9.13
-1.24
4.26
13.05
16.18
6.22
9.74
-2.41
2.7
1.99
9.52
4.55
7.82
-3.53
5.27
11.8
8.72
10.18
7.48
15.26
11.82
-4.08
5.88
4.86
10.16
4.92
1.23
6.79
-5.57
-0.81
9.87
9.19
10.14
5.79
8.47
9.49
16.61
4.48
5.99
-3.99
-10.59
9.92
7.18
11.54
12.73
5.7
-1.42
19.18
-1.33
10.04
15.33
4.88
-1.76
22.59
6.64
9.35
7.49
1.15
5.89
-0.78
0.66
8.89
7.65
7.22
2.49
3.94
12.48
-1.72
13.94
-5.66
2.52
8.15
13.69
12.27
2.83
1.63
17.47
3.04
13.23
6.08
10.77
12.44
11.5
11.22
-0.4
12.14
15.15
5.22
5.88
2.73
-1.32
3.57
14.65
9.43
0.31
3.96
12.05
5.27
14.72
6.6
4.06
5.02
6.99
4.57
3.02
-1.77
5.9
0.1
0.78
3.2
9.83
14.16
3.64
-2.64
13.03
3.79
5.49
1.36
12.28
6.07
14.07
5.55
9.5
9.32
9.24
12.96
10.46
2.09
10.46
-2.31
13.27
2.86
10.34
6
-5.99
15.27
12.36
7.18
14.87
0.58
7.31
15.63
16.52
-0.51
2.28
3.1
7.7
17.73
15.52
3.47
6.88
5.76
7.62
2.39
16.04
9.5
9.79
5.44
8.74
15.18
5.03
7.93
9.85
1.11
7.64
12.44
12.12
6.38
15.85
6.17
9.19
6.95
7.46
18.99
9.28
2.34
1.49
12.29
1.54
8.95
11.53
-0.65
5.48
15.45
8.38
13.53
1.54
-5.11
8.19
5.99
3.23
5.63
13.2
3.1
13.12
9.98
5.23
16.79
0.57
3.09
6.97
5.61
3.18
2.86
8.5
9.42
3.79
15.05
6.79
10.3
2.54
7.36
-0.08
10.32
7.87
7.73
11.18
3.5
5.78
4.37
4.82
-1.92
1.84
3.37
7.11
1.61
7.09
11.06
-0.53
6.93
17.32
5.02
7.67
6.71
7.8
5.44
13.81
6.61
9.53
12.78
5.97
-1.63
10.13
4.8
-1.54
2.6
3.49
-0.56
5.24
16.93
12.76
11.13
4.65
0.09
7.64
3.88
3.58
5.06
-1.45
3.12
4.85
14.37
4.61
8.75
13.69
1.84
8.43
6.51
7.38
11.7
1.67
4.36
17.41
13.58
6.41
8.51
5.36
6.37
4.54
17.83
4.17
7.86
5.65
16.52
1.01
-8.67
0.02
13.42
11.49
1.4
9.07
1.8
10.17
15.3
10.23
9.59
8.32
16.1
3.38
6.79
4.39
2.63
11.04
-1.94
1.14
7.37
-0.24
3.74
8.54
5.07
3.44
2.17
-0.19
11.57
13.06
3.73
4.3
14.9
-8.66
8.29
6.89
11.45
7.89
12.07
-3.39
15.06
-0.91
21.5
5.88
4.2
10.27
-7.54
-5.47
26.02
-1.15
9.63
7.69
-7.37
4.82
13.14
8.78
7.92
5.71
9.63
8
13.32
-1.58
8.09
8.24
1.8
-1.35
3.38
3.6
5.17
-2.15
8.44
14.87
8.46
-1.42
5.54
0.92
3.61
6.06
8.8
-5.36
16.61
13.84
8.11
-0.8
5
-0.59
1.18
2.28
11.78
-1.81
-4.45
4.93
13.73
3.95
7.76
-1.55
4.94
10.09
-1.83
-6.07
14.64
5.93
7.45
-0.85
4.43
-0.98
13.22
2.72
-1.72
-4.26
7.77
-4.72
6.16
6.16
6.31
1.74
11.84
-1.9
12.8
1.77
2.79
7.03
7.87
4.95
10.07
4.48
3.75
1.77
11.3
13.32
7.29
-6.07
10.08
11.73
14.56
8.12
13.88
3.08
9.07
4.68
4.16
-7.05
3.01
3.45
5.72
8.57
9.26
3.62
4.03
5.99
8.6
3.69
9.42
20.79
17.81
1.31
7.18
10.47
17.5
7.61
6.9
4.23
-0.9
2.99
10.48
3.93
12.5
9
8.5
6.46
20.76
4.76
18.65
5.69
7.46
9.65
6.58
10.96
8.83
4.33
8.77
9.67
12.51
8.99
4.17
15.27
5.87
-0.57
8.33
4.08
11.37
8.88
5.74
10.85
10.96
8.15
9.41
-6.98
8
8.01
13.47
11.1
5.73
2.91
4.34
1.12
10.9
5.53
6.02
5.31
2.59
-7.43
7.35
10.07
21.39
9.05
5.09
-4.87
8.75
8.06
1.72
21.7
12.95
3.69
14.74
-5.13
3.73
15.61
12.14
5.17
3.75
4.67
-1.73
5.26
4.26
0.49
6.69
-1.77
6.69
2.67
10.44
3.61
3.59
13.54
8.02
9.09
6.7
13.39
-0.39
16.67
2.31
9.1
1.47
5.28
8.96
9.54
2.07
-6.92
7.87
8.62
5.85
7.66
6.95
-1.18
10.79
0.51
17.94
11.47
11.86
13.06
-1.58
3.47
0.13
9.67
3.35
0.09
6.29
12.32
9.58
12.1
8.34
0.51
-1.83
7.99
-0.72
2.58
6.1
7.46
4.79
13.71
-5.97
-1.93
2.65
1.95
6.1
8.39
14.29
8.65
-6.29
5.11
2.13
9.5
15.21
9.1
14.07
10.53
-0.12
-1.99
3.71
-0.73
12.56
6.83
1.37
11.36
6.13
15.35
10.7
-7.11
10.61
9.65
-2.67
14.82
3.21
3.99
2.71
-1.24
-8.67
8.56
3.56
4.69
-5.51
1.96
16.07
14.3
-1.85
-1.87
8.2
9.56
13.87
13.24
18.64
-7.28
11.27
8.32
10.96
8.52
-1.06
8.71
11
17.94
9.71
-3.27
7.78
9.93
4.95
-6.48
-1.59
6.23
0.26
14.58
1.71
-4.64
4.89
2.3
-0.67
2.75
12.35
19.81
3.48
-7.48
13.13
13.18
3.62
7.4
3.46
8.35
-2.77
5.32
15.08
6.48
5.39
-0.04
10.37
-1.8
11.92
-2.84
1.07
7.03
18.67
-0.07
3.31
-2.44
8.26
6.32
-5.19
0.99
10.81
8.99
9.3
-1.95
8.67
-7.23
7.57
4.07
-6.36
2.95
16.86
-6.13
0.94
6.96
19.42
9.05
13.63
6.26
15.08
3.82
16.87
-0.44
6.71
6.74
14.14
8.51
8.01
2.44
25.5
-4.93
8.73
13.88
-11.03
4.12
9.46
-6.89
13.22
3.25
13.36
16.51
13.73
-0.5
10.78
10.12
11.31
5.8
0.19
11.85
9.37
5.77
18.08
11.77
7.32
16.1
7.71
16.23
22.27
5.66
2.4
8.04
0.92
9.01
2.07
1.96
1.91
6.54
9.62
17.93
11.12
3.91
8.91
-6.47
2.86
6.61
3.03
13.76
-3.89
2.67
-0.59
17.77
12.28
0.04
8.69
3.23
12.3
11.42
4.23
19.03
10.81
9.9
5.17
17.46
-4.98
5.94
1.42
10.08
11.22
1.79
4.82
5.28
1.57
-3.08
-3.06
1.6
13.91
22.69
2.21
17.59
8.39
6.43
10.65
9.42
9.71
-3.99
6.39
-7.24
11.81
5.64
7.57
1.41
5.62
-1.21
8.73
7.4
5.55
-0.94
18.46
9.62
11.38
7.28
9.53
12.2
16.28
13.8
0.07
-0.45
16.17
12.04
6.74
3.55
4.45
4.67
4.34
1.8
12.8
1.12
18.22
-11.23
11.35
-2.04
7.06
-2.57
-0.05
11.55
-3.38
-0.03
10.05
4.6
2.19
12.27
11.44
0.99
15.17
1.99
3.76
10.88
4.98
4.63
20.48
4.79
7.98
-5.2
14.59
2.9
7.4
10.12
12.33
0.4
10.5
1.93
15.69
1.05
3.66
11.87
9.01
12.1
9.31
10.63
10.87
12.74
-1.23
-0.38
13.21
9.75
11.77
10.59
7.73
10.63
2.3
9.03
2.2
5.53
-0.77
5.45
-2.13
0.68
4.25
8.64
-1.83
7.42
6.81
-2.12
7.7
2.19
14.12
12.11
0.92
1.92
9.6
11.25
3.32
11.61
4.09
10.39
7
4.79
9.97
1.45
14.89
12.61
-3.21
-0.35
7.27
-0.63
-3.33
3.8
12.05
10.97
-2.34
4.11
6.66
7.07
-4.27
4.32
11.73
-0.75
4.73
1.52
1.06
4.39
4.05
0.5
5.9
10.62
2.74
11.91
5.34
2.96
-5.9
5.88
2.5
-0.41
7.95
6.27
9.68
10.52
7.81
-1.12
1.85
13.95
5.62
8.76
19.51
-4.27
-8.65
6.27
9.06
8.83
-9.76
1.29
-1.29
14.8
-1.74
18.14
7.75
4.8
-8.86
7.06
2.42
-0.13
-2.75
-2.67
6.3
14.01
-2.51
4.6
7.33
14.83
2.7
13.08
-4.43
12.42
6.62
13.32
11.08
0.44
11.78
8.75
-0.07
6.72
10.1
18.64
4.68
10.62
5.31
1.05
11.77
11.14
4.4
15.01
0.59
5.41
8.72
1.03
-0.86
9.68
1.62
9.03
-4.87
19.59
2.7
18.61
2.99
1.49
6.28
13.13
10.63
11.72
1.27
17.72
17.72
13.1
-0.86
9.84
2.57
-1.09
12.54
10.87
7.66
11.77
4.57
2.42
2.06
16.02
8.05
13.47
10.2
5.21
10.35
6.27
13.19
7.39
13.27
-0.78
9.93
10.22
13.61
8.07
-2.09
13.57
9.34
16.84
2.46
9.71
5.39
21.38
-4.71
7.72
18.75
14.83
2.07
4.3
4.03
10.22
9.59
12.17
2.78
13.1
13.2
11.34
4.35
-1.36
-0.23
11.21
16.75
6.43
7.15
2.12
7.89
8.91
9.47
17.61
9.13
5.84
-5.36
14.41
9.64
9.91
7.17
10.47
-2.06
-4.4
4.34
7.47
8.12
7.22
4.95
1.79
3.82
2.46
12.78
5.8
7.85
5.29
9.17
11.96
6.15
2.77
-1.31
13.03
6.45
21.93
3.29
9.29
8.32
1.92
15.7
19.32
8.73
1.59
12.59
13.95
10.6
8.19
9.35
14.78
0.91
17.96
-1.4
20.75
6.19
7.23
-0.08
5.01
-2.92
10.68
11.14
6.63
6.36
0.36
4.72
1.53
5.38
4.56
7.33
5.82
7.85
-0.42
8.36
3.4
11.19
9.25
9.09
-1.54
6.12
3.77
1.55
6.8
13.77
5.1
11.79
-3.28
6.81
12.05
1.6
19.97
19.3
3.68
9.31
1.95
-4.63
6.04
9.23
-0.59
5.07
6.48
8.23
18.79
8.85
-1.61
18.34
11.1
-2.27
15.79
7.69
-1.05
18.78
13.65
13.07
15.42
-1.3
10.22
15.81
-2.11
9.06
12.53
-3.6
-0.39
7.05
5.23
8.12
0.97
1.24
-0.06
22.54
12.62
2.94
3.66
12.49
7.71
6.08
10.9
14.86
6.36
7.84
6.2
12.73
1.01
8.13
6.78
5.6
2.02
11.74
7.55
6.55
10.96
14.78
6.88
20.34
0.92
0.83
6.43
1.04
10.45
3.39
8.9
0.48
19.35
-0.34
11.87
-1.1
10.22
1.57
5.98
13.18
11.19
9.52
-1.4
4.07
9.64
6.49
7.48
4.15
11.57
4.48
18.4
-8.21
8.31
3.18
5.24
3.6
15.49
8.64
21.98
15.02
19.17
0.86
3.58
2.07
4.48
2.54
17.41
-3.79
19.67
8.12
6.65
2.35
7.68
2.79
11.28
6.95
7.16
6.16
9.89
1.35
9.7
2.89
7.83
7.88
2.89
-1.88
7.93
6.38
2.3
9.54
-2.33
1.05
7.4
11.13
4.56
0.32
3.02
4.37
1.91
-0.69
13.11
6.21
5.77
1.36
8.73
5.95
10.97
14.25
-0.16
-1.16
4.44
11.69
-0.66
7.67
2.25
-3.73
12.96
2.6
12.58
11.5
0.47
0.76
7.94
8.4
5.33
5.28
5.21
11.04
11.49
10.69
10.34
2.14
0.97
9.65
9.5
0.44
12
3.55
8.03
6.97
7.7
20.52
21.76
3.89
-0.52
3.2
12.07
2.85
8.43
4.73
14.34
12.99
16.98
9.78
16.57
11.47
2.88
1.48
1.87
12.37
17.26
11.62
6.46
4.16
8.18
-0.63
11.54
6.09
12.64
2.82
7.78
11.09
2.25
-7.7
7.51
-1.98
8.14
8.1
5.57
19.76
5.19
-3.27
5.76
9.12
-0.47
-4.15
7.77
-3.72
12.75
12.4
8.73
-1.4
0.52
4.5
-1.77
-7.57
6.18
8.4
4.26
6.81
8.25
4.92
4.32
-7.34
8.71
0.92
3.99
4.62
3.25
1.41
1.29
-7.03
3.4
-7.02
9.43
0.21
10.74
-1.38
-8.04
11.62
1.87
8.65
7.57
-5.39
-3.93
-2.08
-11.79
5.9
11.21
1.45
9.14
2.1
1.78
-12.12
-8.44
1.86
4.32
-2.62
7.07
1.64
5.52
-3
12.2
3.95
-1.71
2.16
-2.7
7.99
-1.26
7.03
9.39
7.72
5.71
14.81
1.78
-0.93
-5.23
-4.97
16.87
12.37
10.29
-0.7
-6.45
5.04
11.1
1.53
4.27
6.76
-2.63
4.27
8.19
-2.48
-0.13
7.03
5.07
5.73
-4.73
-2.22
1.2
13
-7.54
11.81
-0.07
12.16
-2.87
4.35
10.13
6.07
4.58
2.82
11.83
8.37
2.49
0.2
6.61
6.01
6.95
3.03
15.54
18.24
8.21
17.33
-1.47
1.56
6.6
18.58
7.42
14.08
2.09
0.75
10.3
4.1
15.46
6.18
5.22
7.69
14.06
13.16
6.67
3.46
9.12
10.34
18.52
7.02
1.82
-1.02
4.09
14.16
1.85
13.86
10.43
0.41
-0.47
9.21
-12.69
3.59
13.11
1.7
20.21
1.27
-1.81
9.74
8.64
6.39
-3.9
7.48
10.23
8
-1.77
9.01
8.21
1.49
-0.14
-3.49
17.89
1.77
14.49
7.58
-0.58
22.68
0
9.96
7.13
8.44
-2.64
20.19
10.54
10.11
14.62
9.75
8.7
3.22
9.7
-0.46
0.31
-1.45
2.47
1.67
3.4
5.61
2.46
-3.31
4.88
11.83
-0.06
8.12
-0.22
6.56
-7.86
9.23
17.91
3.13
5.79
3.25
3.86
9.57
-4.12
-4.07
8.3
13.93
14.59
8.7
11.11
0.23
8.13
10.6
8.8
11.69
2.15
11.23
13.39
5.41
12.21
10.87
5.97
3.64
9.98
7.64
10.38
6.45
21.76
8.45
18.53
18.62
7.25
9.98
4.9
8.63
5.58
13.01
11.05
-2.49
-3.62
12.02
-5.5
14.38
18.65
13.34
8.01
14.6
-0.67
-10.1
11.14
7.22
7.69
12.4
8.3
2.07
6.31
12.55
4.26
8.52
9.9
15.51
6.65
11.6
-0.52
1.72
0.88
6.52
11.33
0.76
4.79
4.61
-1.16
-3.81
14.75
7.76
0.51
8.9
10.85
7.71
10.2
10.06
8.85
-2.3
5.54
1.36
8.01
-7.72
3.53
-0.27
6.24
11.23
12.46
1.86
7.77
4.29
1.33
6.19
9.36
8.06
9.93
9.7
-0.05
2.16
-3.98
5.34
2.96
1.08
4.81
21.24
10.42
-4.24
11.55
17.55
9.5
6.13
8.92
7.62
7.32
-1.36
11.98
3.33
11.73
8.42
0.61
8.35
5.28
0.87
13.93
15.17
7.91
-6.59
0.71
10.61
10.62
12.12
4.19
-3.01
5.1
5.7
13.72
14.96
9.51
25.68
-13.4
6.85
13.92
0.87
5.4
-0.3
-4.14
2.48
16.82
4.15
-9.45
16.22
-1.43
3.7
10.11
-6.72
14.56
-3.18
5.66
6.81
15
4.87
6.89
8.95
-9.48
13.85
15.62
2.04
15.47
0.51
11.44
20.22
12.47
9.7
6.37
22.11
0.71
6.74
15.4
3.7
15.65
16.35
19.06
-1.82
9.52
4.36
5.76
12.23
9.51
1.01
17.54
9.19
11.35
7.13
19.9
12.29
14.17
5.64
-0.84
0.08
9.43
7.09
7.63
14.9
12.21
2.47
3.57
12.36
8.31
5.21
11.93
6.62
-12.17
4.62
9.83
18.52
18.09
3.28
-5.39
0.76
17.19
12.83
-5.93
6.77
-6.6
14.18
9.89
2.53
-0.84
1.72
-4.92
0.63
17.92
-8.71
6.71
1.67
2.55
3.58
6.6
11.13
1.82
14.87
0.13
-1.3
13.46
-3.1
7.76
1.58
-5.92
8.18
4.89
-5.59
5.98
-1.09
-12.97
13.81
14.29
-1.02
7.63
7.14
8.61
3.38
16.93
12.39
1.36
17.89
-4.51
-6.98
14.69
-2.28
8.29
7.4
-0.48
-3.56
1.55
-3.78
15.69
4.95
3.05
6.39
9.19
-0.23
15.84
2.57
9.3
8.44
12.4
-1.32
5.48
-2.76
3.61
10.43
6.85
6.83
5.4
15.87
-2.99
9.43
13.61
2.09
-0.94
11.44
16.03
2.54
11
2.99
3.33
0.68
7.59
5.66
13.5
0.09
3.82
7.93
2.72
3.28
16.39
4.97
-0.03
12.15
-3.56
6.69
6.59
11.02
-1.89
7.91
3.45
3.58
14.62
-6.93
8.26
13.61
7.54
9.39
7.63
13.79
2.02
7.02
6.77
13.4
6.7
2.23
-0.86
12.64
8.97
7.49
10.45
12.28
2.87
11.68
7.96
10.09
13.89
5.21
10.07
3.75
10.22
9.06
10.31
14.91
-2.02
12.67
3.55
6.41
14.08
2.79
-2.72
10.1
4.06
7.58
8.85
11.59
4.44
6.86
-7.34
7.06
11.02
13.81
5.16
12.03
4.47
7.27
10.83
7.22
1.7
4.2
5.56
7.43
8.22
6.86
-1.96
11.14
13.2
11.93
2.52
5.96
9.62
5.95
16.13
3.95
13.2
7.31
11.63
1.39
16.71
16.97
13.43
10.12
6.14
13.99
13.26
6.8
12.82
17.83
8.86
7.82
15.51
20.23
14.07
6.17
8.62
3.05
13.4
27.16
8.41
16.2
4.76
4.78
8.19
6.5
11.61
7.57
13.1
14.82
8.77
0.76
11.77
-2.03
6.09
3.54
2.46
4.39
12.76
17.18
11.78
-2.87
2.54
12.09
5.88
6.3
12.69
12.91
-3.51
8.74
6.3
-1.27
11.44
8.69
7.4
-0.36
8.88
12.78
9.44
1.19
-19.61
14.14
-2.84
2.4
15.06
1.84
12.81
6.3
-1.28
-2.34
17.29
16.02
0.29
20.53
-0.32
-0.83
3.14
17.35
-0.52
-2.39
-10.24
4.21
16.04
10.2
6.02
-0.79
1.73
3.09
10.67
5.37
16.51
1.78
6.97
1.94
9.3
2.33
3.49
4.59
10.57
13.57
14.71
15.89
15.49
-2.27
1.96
13.67
5.36
-0.41
13.37
6.89
9.65
2.46
3.96
6.21
5.19
10.18
2.41
6.7
20.67
-8.54
15.37
6.57
2.75
-0.96
6.4
-3.34
5.88
-6.18
4.66
1.34
4.88
5.27
-3.21
12.14
2.59
0.13
9.24
-5.8
5.64
11.88
-4.1
14.68
9.96
8.56
5.86
22.94
9.86
-5.67
-2.02
3.21
7.43
5.97
-16.72
0.55
-2.19
-3.65
3.99
4.79
0.94
8.13
11.77
-5.4
7.17
3.6
0.74
10.98
21.89
-4.03
19.14
7.9
2.31
2.98
13.36
-5.05
5.09
13.12
1.34
9.51
9.94
7.65
3.37
2.45
14.62
3.1
13.91
3.04
22.9
4.98
5.34
13.23
16.14
5.41
13.22
6.81
3.68
13.34
-2.96
1.43
1.15
12.33
5.39
6.07
21.28
1.37
3.1
13.62
6.83
-2.53
9.8
8.48
7.68
14.93
14.7
4.7
9.56
9.84
7.61
9.6
6.49
4.89
19.2
-2.09
5
15.55
13.62
8.46
17.7
16.04
12.92
9.86
3.49
7.43
13.9
4.18
6.16
5.61
9.74
4.88
3.46
7.28
-5.38
3.06
10.66
-3.86
4.66
5.1
1.03
-0.66
4.54
3.47
11.57
3.52
0.78
8.74
8.38
14.44
12.74
8.28
6.56
9.33
6.95
-2.36
3.24
7.95
12.28
6.69
-0.02
1.68
13.65
-12.02
20.89
7.91
10.14
9.15
14.46
12.68
23.43
16.37
11.13
-4.11
-11.75
9.57
3.46
-14.89
15.78
-0.06
13.06
0.47
12.14
8.15
10.33
8.39
13.29
7.07
7.37
-11.8
13.73
5.96
12.21
12
13.82
-1.87
12.73
16.14
6.29
14.1
13.13
8.72
13
19.18
-1.56
5.19
8.03
12.59
4.49
3.6
15.68
9.48
16.35
15.39
13.49
2.81
10.47
10.48
16.64
14.49
7.56
3.66
9.82
7.1
7.99
2.1
13.34
4.24
4.76
11.96
11.38
12.76
-4.17
16.13
18
27.38
8.33
0.49
5.3
11.28
22.91
3.07
3.56
14.49
0.72
12.06
15.1
8.71
14.28
17.55
-2.73
14.97
9.66
4.75
3.46
1.84
2.1
17.45
1.93
13.56
2.09
4.15
-3.2
-0.16
11.14
2.57
1.98
3.38
2.53
0.39
22.52
7.66
11.45
11.07
-1.02
-2.63
12.5
13.58
3.37
1.47
6.15
6.97
10.53
16.06
17.94
19.25
-3.19
6.62
4.57
1.53
10.81
-4.13
0.81
12.13
8.93
3.67
1.96
5.77
5.32
-5.81
9.31
3.64
10.37
-3.72
11.74
11.45
3.93
0.21
-9.63
2.7
-4.24
12.07
14.07
8.46
-3.5
14.26
13.23
11.05
10.57
6.09
2.65
8.35
-5.48
3.85
0.1
-2.43
7.69
-0.08
13.55
12.8
7.4
7.12
2.05
7.32
4.69
2.78
19.6
4.5
4.73
6.51
16.91
11.92
-2.04
1.62
8.35
5.1
9.48
10.81
4.24
3.49
7.67
7.49
8.06
8.27
11.74
-9.74
-0.6
0.18
13.18
5.36
5.53
5.14
7.67
4.4
10.76
-1.38
11.41
14.89
3.41
0.37
1.41
4.12
-0.41
10.18
3.05
14.75
13.11
3.92
8.49
14.99
16.4
-4.43
3.27
10.61
0.67
4.5
-0.34
13.86
10.52
5.32
3.76
-6.59
1.88
5.56
17.19
4.12
16.21
5.65
-1.69
4.64
12.45
6.11
16.8
18.46
5.41
1.42
5.34
0.5
8.15
0.78
3.98
4.76
7.54
1.48
15.95
6.59
3.06
6.47
3.07
17.6
10.89
-2.21
12.42
10.46
4.33
1.8
15.17
3.05
14.29
17.55
7.36
8.52
11.25
-9.79
10.01
10.62
8.17
-0.43
13.69
2.09
2.38
0.5
4.51
5.51
4.59
-4.63
5.42
7.96
7.33
1.39
3.26
3.52
-2.15
1.02
9.26
7.11
15.73
-6.19
3.19
9.8
11.97
5.69
14.56
11.23
-0.33
14.65
4.74
5.85
2.09
12.59
0.36
10.67
7.11
-8.4
2.36
1.65
16.66
7.91
-5.88
1.5
10.21
0.69
20.23
-3.76
-3.79
2.51
5.96
18.62
8.29
-0.07
6.06
3.34
-1.46
14.55
6.7
15.7
-3.67
4.4
5.01
6.25
2.67
7.3
6.26
-2.04
7.7
5.58
3.52
14.96
-6.89
16.09
11.98
9.83
6.64
13.95
-7.53
2.11
-5.77
-1.53
0.58
1.43
-4.54
15.42
-12.12
5.05
-5.36
-5.1
6.96
3.75
-1.28
14.02
-1.2
1.64
11.4
6.32
12.02
-0.93
2.03
6.39
7.86
-0.94
9.78
-2.06
-3.62
13.03
4.01
-15.03
4.72
-6.95
9.94
9.13
6.65
0.27
4.36
6.08
12.36
0.17
0.14
2.39
-4.6
8.63
11.28
11.21
12.86
9.46
1.74
18.95
12.09
8.01
2.65
-7.42
12.11
12.02
12.66
4.07
-7.13
-3.7
5.7
9.11
13.31
1.9
-2.12
2.59
7.79
3.8
-6.71
4.7
13.42
-8
1.94
16.39
7.46
14.48
12.47
11.55
14.27
8.37
8.27
15.48
5.09
-1.53
16.25
6.63
19.89
4.91
7.67
17.88
7.32
4.9
6.02
10.4
6.59
4.57
3.42
9.27
10.43
3.89
-0.35
5.37
11.38
11.26
2.35
9.45
0.99
7.76
14.94
10.43
2.98
20.46
8.26
-2.14
15.99
5.41
9.18
2.6
17.63
5.74
1.61
0.98
4.73
4.44
6.75
7.59
5.59
4.36
2.01
11.46
22.27
-2.32
4.52
11.88
18.85
8.59
-0.14
5.07
5.7
3.19
1.9
19.65
9.62
25.52
10.96
2.92
7.9
15.03
9.45
2.6
10.38
3.96
5.46
1.05
14.01
2.91
8.21
2.76
8.6
9.46
2.03
14.19
14.02
2.44
4.08
6.48
10.14
5.12
8.26
5.49
6.68
-1
-0.87
10.4
7.66
6.96
19.41
16.02
9.33
21.13
9.95
9.71
12.86
3.19
14.15
-9.47
0.88
19.75
17.69
8.68
11.34
6.1
14.42
6.94
9.93
-1.32
-0.21
9.15
10.49
-6.83
11.72
11.51
13.12
4.18
13.63
2.27
6.61
9.24
5.37
8.74
15.37
12.75
3.56
5.98
-0.31
-4.27
17.51
4.09
0.94
5.17
-6.69
9.89
20.04
4.05
-1.95
7.61
10.77
6.61
9.34
7.3
14.61
4.8
11.92
0.06
8.37
9.9
6.6
12.29
13.07
-6.13
8.41
10.62
-0.68
8.95
5.02
18.5
16.04
1.24
0.66
17.55
8.36
0.8
13.92
1.98
9.67
14.1
-3.59
-3.44
16.8
7.55
12.54
12.73
13.51
8.5
8.46
5.53
3.47
8.87
17.06
0.07
9.19
13.78
7.16
12.81
8.95
11.62
2.32
0.08
3.48
2.92
6.4
14.2
15.8
-3.08
-0.47
5.36
6.88
4.38
17.5
-0.61
13.98
-2.51
2.57
6.37
4.2
-2.41
14.1
8.37
4.72
7.69
3.94
0.33
10.96
-2.74
5.33
-10.23
1.48
8
-7.18
7.11
12.2
5.69
3.19
-6.06
5.98
-2.09
11.04
16.03
6.74
6.31
10.33
6.58
14.44
3.55
0.53
0.95
5.26
0.05
6.08
-0.99
1.44
10.01
4.43
13.72
2.11
4.67
0.2
-6.62
7.92
1.48
5.52
2.72
23.12
5.4
2.32
8.5
11.4
-0.72
9.56
1.15
5.33
10.93
10.86
6.54
2.89
11.1
0.25
-3.97
6.84
-1.77
7.05
3.79
2.82
-4.01
7.74
-5.21
17.87
0.46
12.95
-3.03
3.34
9.74
18.85
7.22
4.38
8.14
12.25
8.3
12.8
5.32
10.85
1.68
6.41
-2.18
13.91
-7.7
9.99
14.16
7.6
-1.37
9.8
7.38
-0.8
0.16
7.79
0.24
11.62
11.37
-0.31
3.28
4.63
10.55
9.17
6.45
0.94
9.56
13.19
12.66
10.88
12.91
-3.65
-3.23
5.11
-6.69
-1.38
1.37
7.53
10.98
7.51
-5.13
-8.52
-1.63
5.03
5.05
3.3
1.85
5.67
-0.79
-5.9
-3.09
-0.19
15.54
7.12
6.42
0.66
-3.41
3.88
12.62
13.3
8.65
3.71
7.08
0.71
6.97
-1.26
6.71
2.3
2.98
16.21
15.49
8.44
9.7
14.15
0.23
5.35
6.32
-2.72
7.56
6.68
-2.12
5.91
-1.19
5.72
8.67
1.89
5.13
3.07
4.12
7.89
13.6
3.65
6.15
2.19
12.46
15.98
17.83
7.88
0.57
-0.64
7
14.43
10.04
1.49
10.86
0.89
2.81
1.81
-6.33
8.6
10.93
8.26
-3.46
2.56
6.5
13.12
9.54
8.69
4.46
7.3
8.95
21.08
11.11
1.38
6.06
1.19
7.5
4.56
9.47
4.13
9.2
13.57
14.07
12.19
-0.15
5.69
8.87
15.24
7.16
18.03
-4.78
7.9
1.21
8.5
5.79
5.86
-1.04
7.68
20.01
1.15
8.01
5.85
8.53
12.05
-0.95
5.23
10.24
7.27
14.56
11.31
8.2
-0.74
-6.34
3.54
10.44
10.77
6.68
5.47
2.15
9.45
9.08
12.74
-2.51
-9.25
15.98
7.3
4.64
18.37
-5.37
6.94
5.96
3.42
-1.23
4.21
10.26
1.06
2.46
12.45
8.08
4.75
0.2
17.79
5.45
14.47
0.32
13.07
0.28
4.65
1.1
-3.7
9.96
10.53
-1.13
4.66
21.15
15.08
19.34
-1.82
0.94
24.53
16.79
2.25
11.14
11.1
2.73
9.3
15.84
13.09
20.53
17.77
8.46
5.18
18.47
7.15
16.06
8.76
4.84
8.65
9.41
8.39
6.29
8.9
3.72
11.66
2.87
5.65
16.64
11.65
10.26
8.27
8.58
5.46
5.11
6.95
17.23
5.47
11.04
3.1
3.29
6.67
11.22
12.39
3.54
11.97
9.53
10.72
11.62
11.8
0.72
4.65
11.8
1.11
11.84
17.34
6.28
8.51
7.59
10.83
8.37
-7.81
6.51
2.87
3.94
9.88
17.39
14.63
16.3
13.69
6.99
13.47
26.09
9.69
8.01
3.84
15.38
8.1
10.66
6.68
29.87
6.51
8.19
8.19
6.04
-7.49
10.78
16.68
15.43
0.77
16.19
4.3
7.91
12.56
12.56
10.87
14.74
3.54
13.5
9.59
-0.04
12.97
13.73
16.15
10.06
-1.49
12.1
5.54
-2.22
25.44
6.16
3.68
7.2
10.21
8.12
25.41
-2.46
11.92
4.81
17.2
20.77
14.79
0.89
-3.39
7.78
13.56
5.17
10.62
10.09
4.05
20.94
7.24
2.93
9.84
0.6
9.89
5.02
13.5
7.64
12.09
3.11
0.18
11.68
2.92
3.46
16.53
14.05
0.85
6.52
13.34
3.26
11.03
6.83
0.04
11.7
6.57
5.21
7.71
6.05
-0.32
13.51
11.79
5.16
4.97
2.85
-2.04
12.66
1.87
5.72
18.13
5.85
11.64
6.76
13.69
20.58
6.29
10.44
4.06
8.23
1.97
7.15
19.13
2.79
10.98
13.06
5.57
12.29
15.58
2.12
4.71
11.73
0.86
15.2
6.48
16.97
2.93
11.78
2.45
8.93
5.11
15.39
-2.2
12.58
4.89
2.09
13.13
4.35
2.3
-1.64
6.7
9.39
10.03
2.73
8.33
15.81
9.09
6.01
18.96
6.76
6.5
1.22
8.26
-14.18
0.67
11.69
-2.39
6.92
4.17
3.58
7.27
3.36
5.61
11.35
-2.97
3.04
-2.88
4.81
7.89
7.71
8.25
4.01
8.83
11.77
5.92
11.48
3.82
12.48
9.16
9.79
12.32
12.36
-6.72
6
10.74
8.03
5.46
3.69
18.02
6.36
12.7
11.65
2.45
8.63
-0.31
2.92
-1.49
4.03
13.42
15.5
4.35
6.63
13.02
16.99
9.96
7.58
12.32
5.35
7.76
0.56
11.12
5.24
18.08
6.18
23.09
14.85
17.07
14.96
10.65
-0.04
12.08
17.5
9.59
12.81
14.48
-1.02
4.2
12.61
14.26
13.39
10.89
5.33
14.07
7.39
7.11
2.52
4.35
-5.43
5.84
0.28
0.16
9.48
1.04
9.44
13.93
8.41
9.09
4.47
21.4
7.51
1.22
-3.43
11.61
7.65
17.96
0.41
-14.61
12.13
-0.15
4.29
0.52
3.09
-2.84
3.91
15.62
11.66
2.24
-3.1
-2.99
6.96
1.48
6.21
8.08
10.15
11.56
5.9
8.61
4.01
1.32
-2.88
6.42
-3.47
3.38
6.8
5.96
-3.01
16.24
9.69
1.67
7.81
1.58
5.94
11.64
13.53
5.16
1.03
6.17
4.93
7.6
1.44
4.65
12.59
13.68
-12.59
6.81
-1.86
-10.52
6.14
5.11
2.52
9.79
9.86
3.76
4.72
6.24
0.61
1.57
4.41
10.09
12.1
8.91
4.36
5.13
11.92
4.52
10.64
6.2
-3.05
14.22
-4.34
-0.39
11.03
6.61
-1.91
10.46
8.3
3.94
3.84
1.81
-3.7
12.21
17.57
5.71
11.01
4.47
10.33
12.44
-3.34
3.68
3.18
6.88
6.95
4.27
12.02
5.21
-0.96
10.34
14.42
9.67
14.2
0.92
1.9
15.14
-0.68
2.54
-7.7
-3.71
1.84
-5.85
2.81
4.72
-0.43
0.91
8.48
0.85
-1.06
0.76
2.96
-5.57
3.54
6.8
7.69
15.39
8.54
10.48
8.29
5.47
10.73
13.74
14.19
8.44
2.27
-0.25
11.32
14.52
12.07
1.57
-0.22
12.21
1.55
2
5.36
0.96
-5.21
12.21
8.06
-9.62
14.34
5.48
9.96
13.5
-1.9
-4.33
6.14
-3.26
0.2
-0.98
2.58
-3.77
3.69
-0.61
8.14
-2.91
1.72
-2.03
8.16
6.08
10.36
10.28
6.02
8.13
9.47
7.5
0.68
12.09
9.39
17.27
0.26
-8.73
7.88
12.27
3.7
7.8
10.65
1.66
1.12
4.88
7.23
-1.01
13.09
-1.77
2.81
7.23
6.69
2.94
6.63
7.67
-3.28
9.53
3.63
6.57
20
17.18
-6.54
2.22
10.05
-2.13
8.43
21.65
-1.69
0.43
12.27
15.57
16.03
6.18
2.75
2.53
6.47
21.04
16.63
14.98
2.8
-1
12.99
5.34
10.67
0.59
10.53
9.85
1.29
20.55
3.93
8.32
5.81
3.05
11.05
7.05
-2.52
8.87
10.53
1.02
3.09
11.39
4.77
6.5
3.64
12.01
4.44
11.65
7.87
10.36
-5.26
9.13
-1.31
14.06
-1.24
4.94
14.03
-3.36
19.94
18.01
19.68
4.09
15.12
14.06
16.36
11.81
1.1
5.2
16.52
13.09
4.74
17.86
12.81
14.02
17.74
16.11
20.56
16.3
8.03
5.92
5.25
6.2
-2.36
24.38
-0.93
14.96
2.79
6.98
4.07
12.94
5.55
7.42
8.53
7.06
13.47
22.03
5.25
3.7
10.81
13.66
12.19
16.91
5.56
7.29
3.56
12.71
8.98
14.57
4.3
18.52
11.41
5.35
14.18
5.43
15.68
-8.11
6.29
3.66
1.85
7.94
8.94
7.59
0.71
19.38
5.07
9.93
21.78
-6.62
3.32
2.07
10.52
1.84
12.54
6.18
6.2
7.17
11.14
5.61
16.76
3.11
3.88
4.43
6.04
11.35
18.42
-1.58
14.22
5.33
13.86
4.99
7.45
9
2.81
1.59
7.96
10.36
3.21
-9.57
4.92
7.73
7.78
7.39
0.15
3.85
13.01
14.48
3.08
7.3
5.39
8.44
2.36
11.12
8.87
14.34
8.59
10.71
15.66
10.44
-7.05
-11.35
7.18
-1.53
17.25
18.16
9.77
8.15
7.76
-7.02
10.79
7.02
7.24
9.36
16.16
0.31
3.96
7.78
8.74
4.47
10.97
-1.47
-3.2
11.06
0.87
11.12
13.14
12.68
11.16
-2.48
5.79
-5.16
10.41
5.96
3.34
3.62
0.69
12.28
3.29
5.42
-0.75
4.89
16.84
15.22
6.37
11.47
5.68
-0.6
16.56
1.48
4.33
2.67
13.86
0.64
18.48
21.83
17.78
12.1
6.4
11.96
8.92
3.95
1.3
-5.63
4.21
12.7
10.53
7.92
2.82
6.24
-4.03
-1.39
15.73
8.47
2.94
0.25
-8.01
11.61
13.96
-1.29
1.65
12.87
7.66
5.25
5.11
20.16
-0.34
10.14
12.65
8.05
4.44
12.82
0.45
7.61
5.7
10.18
16.63
-1.08
1.57
7.4
12.47
3.49
4.41
21.55
-6.42
6.87
8.26
11.52
18.19
14.83
4.48
12.26
14.52
0.26
3.24
14.53
-2.71
2.15
11.62
11.56
16.37
10.65
4.93
8.34
5.42
0.31
14.62
9.22
9.54
4.57
10.28
1.77
10.07
9.46
3.12
-0.66
7.41
5.7
19
13.84
-7.41
-3.6
-5.23
3.42
14.82
8.76
4.32
-2.64
5.22
0.14
11.96
8.96
4.39
10.59
-4.89
13.83
6.65
13.99
4.52
14.58
6.31
0.09
17.79
15.38
12.46
12.96
12.74
-1.3
20.08
20.55
-2.43
19.09
11.24
-4.45
8.51
9.74
12.75
12.89
12.78
13.29
4.44
11.02
18.56
10.49
-0.97
0.43
12.34
14.04
12.5
-0.77
0.2
4.14
0.54
2.28
5.7
1.61
8.66
20.81
-0.62
9.49
5.2
7.27
7.31
1.29
3.66
11.61
0.34
3
-1.47
2.02
7.63
8.77
1.01
13.34
-0.67
14.17
8.95
12.94
3.67
16.43
5.66
8.58
9.04
6.24
9.44
1.32
3.86
11.03
9.69
9.07
15.95
6.13
6.94
13.87
4.66
3.28
11.47
7.93
8.29
4
8.99
4.38
15.59
7.47
0.47
9.77
12.66
5.44
0.32
5.61
-2.36
5.49
8.63
11.57
13.15
12.23
6.43
-0.7
6.59
7.08
3.47
6.05
9.44
11.24
4.99
3.84
-0.18
2.09
5.57
5.78
-1.3
15.95
-1.49
12.36
6.91
12.27
1.28
10.67
-3.71
8.41
11.27
6.28
4.52
17.04
15.19
-11.52
6.91
10.27
14.6
-1.75
2.76
5.26
-7.24
12.58
10.57
15
-3.95
9.07
1.96
11.37
5.94
3.66
4.24
9.8
19.43
-1.5
2.78
4.53
1.7
9.93
11
14.82
19.5
6.8
3.72
8.79
-4.15
19.94
6.29
2.34
10.89
3.88
9.23
6.27
10.07
4.17
13.18
7.5
-8.28
1.92
15.79
7.96
10.85
1.71
6.45
10.21
6.66
11.06
12.79
11.54
11.57
12.23
14.92
10.82
9.4
-1.71
14.55
9.77
3.69
12.42
15.12
11.77
3.49
3.38
7.76
23.19
1.43
8.78
4.66
16.72
12.79
7.39
8.18
9.69
1.87
12.14
-1.23
10.79
12.67
8.15
0.19
5.65
7.72
5.84
6.46
18.36
-4.36
9.23
7.65
10.86
6.04
2.72
3.11
13.39
5.37
0.12
-2.52
8.61
21.58
0.96
14.15
10.41
14.66
7.48
1.17
6.69
14.33
4.54
16.52
0.39
2.24
8.08
1.26
5.02
10.56
12.75
5.15
11.4
5.52
7.4
7.15
6.46
-2.02
11.81
0.22
9.77
12.09
7.07
0.4
10.42
14.19
9.27
6.84
-2.22
8.61
7.87
11.25
9.2
11.67
8.73
6.05
2.94
2.68
-0.21
10.48
3.48
1.8
-7.39
0.76
5.29
5
16.42
2.95
-1.36
-0.81
-5
4.52
3.44
-7.96
-14.34
7.56
7.3
8.91
16.82
8.52
-4.46
7.93
13.29
8.38
-2.91
7.04
-2.51
15.33
4.97
9.3
1.93
10.95
-8.09
8.63
9.83
6.8
11.06
4.37
-5.01
-0.49
-1.36
-1.81
1.07
-1.17
2.36
12.28
5.43
7.99
10.22
8.49
6.49
2.99
9.31
13.84
-1.7
-9.48
4.69
9.67
0.54
7.89
2.7
1.24
10.37
8.27
0.01
5.72
6.61
10.21
1.94
3.69
14.64
7.01
-6.1
4.36
5.7
4.12
4.65
8.02
10.78
6.68
-2.8
-1.76
1.95
14.68
5.2
4.6
11.26
7.11
10.08
13.71
2.41
19.54
1.72
8.45
16.92
2.48
13
1.07
1.85
4.77
9.07
-9.66
5.94
1.99
5.38
3.17
5.08
-7.05
-10.41
7.69
4.63
13.61
18.45
0.17
3.04
9.58
11.22
7.69
11.87
7.61
-1.23
6.81
-1.46
17.98
10.15
10.46
10.07
4.58
6.57
5.87
-1.2
4.1
7.24
-2.69
7.36
5.1
12.29
4.21
7.09
8.05
-1.92
4.15
8.74
8.55
8.11
0.79
10.76
3.17
4.68
5.02
-2.8
6.77
11.64
6.1
1.82
10.37
3.75
-2.4
-1.76
10.82
4.54
14.98
12.39
0.79
17.4
-2.36
1.32
3.36
12.01
2.42
2.17
3.99
1.73
-1.37
9.21
8.34
8.92
14.54
2.49
10.41
4.1
-1.62
2.25
15.15
10.47
-0.36
2.61
14.01
11.89
8.94
2.21
4.92
12.89
12.41
9.44
13.78
16.8
11.89
7.91
8.01
7.21
13.48
9.28
0.89
-2.54
7.07
11.11
12.95
5.05
-3.93
8.52
1.24
3.32
1.37
10.92
-0.42
9.09
6.86
1.46
8.42
14.63
6.08
-6.45
10.91
2.38
13.77
9.46
-0.2
7.13
2.02
5.03
-2.14
8.84
2.05
8.01
5.84
4.89
9.54
13.55
12.73
11.45
9.27
8.85
3.1
6.57
2.72
11.57
19.95
6.98
10.48
1.68
-3.82
13.35
10.06
-4.3
18.46
2.12
-1.71
8.13
6.22
7.54
4.53
10.51
0.84
13.6
10.69
2.97
9.72
11.82
7.81
17.25
-2.13
12.91
12.21
1.86
-2.15
11.49
9.77
9.27
10.9
4.57
-6.21
5.3
11.23
6.93
14.37
-3.03
3.3
7.87
3.4
-2.21
-1.07
-3.33
0.63
5.04
0.19
5.71
9.15
10.99
9.39
4.37
1.56
14.43
9.38
10.68
7.11
12.54
5.8
3.05
-0.34
12.86
0.12
9.13
0.22
0.84
14.73
-4.23
5.63
13.33
5.85
12.09
9.43
5.66
9.42
6.49
6.82
6.75
7.23
2.3
12.11
11.19
17.76
15.66
5.69
15.12
-4.17
12.76
4.37
7.08
-1.25
15.69
5.09
12.77
8.43
12.57
10.42
16.91
1.53
4.75
15.94
13.19
9.76
6.57
1.17
5.31
5.21
2.69
14.53
5.59
4.72
-3.03
5.98
8.4
0.02
22.02
-5.66
14.65
13.73
5.45
25.98
0.01
-1.95
23.33
3.34
2.73
1.57
7.07
0.43
-1.49
8.13
11.56
7.35
14.4
4.58
7.47
11.96
12.6
11.7
15.94
5.02
6.96
17.74
5.86
5.32
6.4
-0.51
4.78
-5.13
10.89
7.55
-5.37
8.03
10.9
12.5
9.99
8.91
3.92
-4.31
13.05
10.62
9.68
2.36
5.09
4.49
9.81
9.94
7.16
-6.42
8.63
-3.17
7.94
4.72
3.02
13.29
18.56
-8.16
4.02
0.1
12.21
4.9
10.9
-3.24
9.39
3.61
9.47
11.63
8.08
-3.36
12.41
11.65
8.55
4.9
-0.64
-5.55
9.85
12.72
12.03
-0.1
13.39
9.3
10.13
17.54
7.32
8.16
10.39
12.99
7.34
5.13
27.01
2.96
0.51
3.44
3.63
13.73
4.89
8.1
13.41
1.2
10.03
16.51
10.17
15.36
4.88
4.17
0.83
22.25
0.35
9.27
4.97
1.76
4.84
-0.65
9.15
1.24
7.49
-4.22
3.29
-0.31
8.97
12.78
2.6
-6.35
12.08
0.05
9.93
2.69
8.52
7.46
6.67
5.06
6.07
-1.25
-1.09
-1.38
14.45
-3.97
4.37
13.63
0.28
2.26
12.88
2.23
12.93
10.76
11.48
3.13
-2.72
2.76
10.89
1.14
3.92
7.75
10.99
1.27
8.91
9.76
4.52
-9.34
6.02
2.42
7.62
16.07
1.94
12.63
4.1
7.28
5.79
-1.54
6
16.79
11.68
12.51
9.46
10.02
4.66
-0.84
13.2
12.14
8.06
3.06
-2.21
8.54
9.75
7.45
13.46
1.21
0.97
27.28
7.37
2.06
8.05
0.22
5.97
12.39
18.75
3.95
12.93
11.95
2.34
10.31
7.32
5.17
4.4
0.13
-1.42
7.56
5.68
8.22
-0.8
6.85
18.71
2.23
9.76
9.75
11.5
5.56
3.24
15.75
4.43
1.32
11.25
13.81
-6.49
7.71
7.29
4.81
10.06
17.4
3.73
16.53
-2.35
3.04
-3.73
17.65
7.53
16.75
12.07
16.61
9.89
2.94
6.88
13.71
6.06
11.85
-4.12
-2.36
10.74
8.77
7.54
-2.02
4.62
8.93
13.64
-0.05
1.72
3.1
7.26
8.94
16.53
0.76
7.09
8.38
5.99
12.74
3.04
4.01
12.68
4.28
0.02
5.33
10.04
12.04
7.12
4.09
-6.9
15.91
14.17
9.55
3.03
5.81
6.53
7.86
-9.26
8.7
8.11
9.98
12.07
15.33
11.97
0.41
22.5
9.07
5.73
-1.46
6.37
9.97
0.58
9.45
16.52
12.26
3.41
7.79
11.94
10.03
2.93
17.25
22.44
7.61
15.18
11.35
8.43
9.24
5.53
5.1
3.44
5.15
17.96
16.24
-2.19
11.64
12.15
8.44
8.47
7.05
-0.27
5.77
4.33
-0.69
11.02
4.04
4.35
15.91
11.1
7.87
0.56
9.9
4.89
16.96
10.99
10.69
16.98
12.7
1.3
7
8.47
14.67
7.1
11.93
12.58
16.19
19.06
12.86
5.25
2.13
4.96
22.19
8.09
12.22
20.44
-6.02
18.01
11.73
4.48
9.16
11.51
20.31
9.69
5.17
9.05
3.88
5.91
-1.13
-5.75
17.04
7.11
3.08
3.13
12.85
11.87
0.4
11.51
10.39
9.29
22.97
6.32
8.13
20.73
5.79
10.29
5.78
12.22
0.83
6.85
11.14
6.72
4.97
8.58
12.89
11.92
10.54
13.37
2.83
12.69
-4.19
3.69
9.38
9.22
12.18
4.65
-7.68
-6.07
6.18
3.32
0.83
0.86
-3.42
11.89
9.9
0.16
6.84
9.77
11.26
14.07
-1.57
-5.69
6.12
6.22
6.23
-3.31
11.64
10.82
14.18
6.03
13.31
5.18
9.19
3.74
6.99
6.41
1.75
6.35
4.4
-0.66
16.44
9.91
5.71
7.99
4.12
13.82
13.97
16.33
8.18
2.7
3.98
10.49
9.9
6.83
5.5
7.2
4.57
-1.93
18.91
16.12
13.53
17.29
9.07
1.82
13.61
4.79
13.71
12.89
8.82
12.48
9.94
8.05
10.92
16.03
6.14
18.46
12.46
19.12
12.99
10.31
11.5
1.71
16.33
13.49
1.39
10.49
5.09
5.49
5.28
5.77
8.65
6.9
10.56
13.09
-1.45
8.27
6.6
2.22
13.49
10.83
2.85
16.54
12.1
-1.1
13.3
4.59
13.88
-3.04
5.24
11.61
7.27
-1.95
0.3
-4.56
3.86
4
1.64
7.02
3.53
-5.73
8.62
7.4
15.28
11.66
-2.92
1.11
0.78
11.95
14.85
12.75
4.85
4.14
7.24
6.24
8.67
9.1
9.84
-0.07
11.92
7.89
8.11
4.5
-0.15
-8.52
7.73
3.07
7.03
12.85
-6.14
12.81
-1.46
9.73
4.15
16.43
2.34
4.52
2.95
12.78
11.07
13.57
7.58
2.47
11.68
11.01
11.66
9.52
5.44
4.19
15.82
0.4
7.16
3
17.84
10.82
16.19
18.47
2.68
2.92
5.86
-6.01
14.86
23.06
11.77
5.57
-2.34
10.24
6.8
12.05
15.39
-1.47
-2.05
9.56
4.61
15.01
3.52
8.46
2.35
-3.16
1.96
4.19
17.86
5.96
2.63
-8.92
16.53
8.78
9.05
8.41
0.82
0.66
3.54
7.89
4.95
0.44
-4.79
11.52
2.59
7.33
4.83
12.92
6.32
7.52
-0.59
5.87
-0.6
10.58
-1.92
1.61
6.47
0.47
10.9
6.96
3.05
0.1
-7.44
4.16
4.22
10.34
1.18
11.6
-6.53
-4.44
4.27
11.46
5.03
0.43
10.53
5.48
13.22
10.39
-6.86
7.51
10.11
3.37
11.19
0.07
-1.28
9.04
9.31
11.3
0.44
3.54
5.18
8.98
-0.47
5.45
7.5
12.71
6.41
-0.93
-0.43
8.34
8.48
0.41
-0.87
14.52
0.42
3.47
7.5
11.16
1.97
8.08
2.08
13.28
6.76
-0.14
-0.43
10.03
8.05
0.15
5.35
-4.25
10.39
1.32
5.14
-0.26
-9.96
10.85
5.19
6.05
6.87
-10.2
-1.66
7.71
16.38
13.66
-0.11
8.45
3.34
-1.48
10.83
9.51
4.68
-2.34
-8.21
10.04
3.18
7.04
-2.1
-12.31
-0.74
8.04
14.29
10.59
-0.32
-1.14
9.42
7.57
20.01
-2.59
-7.08
1.31
5.82
0.54
10.83
15.21
-6.15
11.83
-3.99
11.07
4.34
5.48
11.77
3.06
9.51
14.32
-8.09
1.14
16.86
5.24
-4.42
13.78
15.86
7.82
10.8
-3.18
2.98
9.88
-0.99
8.06
4.71
0.48
0.05
13.1
3.41
3.47
15.96
6.69
11.74
16.68
-1.43
4.44
11.35
10.3
4.18
10.74
5.89
7.09
7.31
18.25
15.47
10.06
6.5
-3.84
0.69
-1.11
3.58
16.96
11.13
9.36
10.22
6.6
2.65
8.41
17.34
11.82
27.24
12.77
10.15
0.29
6.2
9.65
1.27
7.33
-1.89
9.07
13.93
2.95
5.68
2.79
14.73
10.73
24.44
17.16
4.65
2.83
15.43
11.4
13.98
5.03
13.83
15.52
14.28
-0.47
-2.93
1.97
7.59
-2.52
10.21
5.6
12.45
2.71
19.46
3.27
7.81
6.18
12.58
9.31
13.87
5.45
7.97
12.42
8.91
11.73
18.01
6.7
19.53
1.71
6.03
5.6
11.68
3.15
16.04
9.92
10.41
1.83
2.46
7.7
3.04
3.99
5.53
6.54
2.23
-3.25
11.18
6.18
5.83
-5.06
10.55
4.64
2.73
2.34
6.43
11.39
8.02
9.19
19.1
2.43
0.95
5.49
13.75
-7.16
13.95
4.54
-3.88
8.22
11.29
10.58
10.22
-9.05
-7.18
5.08
14.06
-2.13
14.87
-1.1
-0.41
0.27
15.88
-8.52
8.25
8.36
3.6
-4.66
17.77
-5
5.37
7.28
10.97
2.75
10.05
-3.53
11.57
11.26
6.59
5.37
8.5
3.16
10.23
-0.67
12.05
6.02
15.48
8.08
-1.92
1.45
5.63
19.89
15.08
5.33
9.11
0.72
10.82
0.4
11.42
10.48
1.73
13.42
8.8
4.29
15.35
-8.77
0.43
4.88
7.98
5.13
16.03
16.47
13.79
9.22
11.93
16.5
4.86
9.58
9.35
1.8
-2.99
6.59
14.91
2.45
1.96
13.32
2.68
2.23
7.97
15
9.91
1.04
11.68
-1.06
8.92
10.7
5.76
17.61
9.31
-15.57
9.83
8.9
3.99
17.5
-0.81
-4.05
12.88
9.85
10.42
3.54
13.79
-4.02
7.06
11.06
11.91
13.7
4.38
3.29
0.55
1.69
11.77
17.61
-2.87
10.81
-9.14
-4.87
17.9
6.46
4.31
-3.94
-3.17
1.25
0
7.09
13.14
5.33
10.74
1.56
1.05
7.86
8.05
5
12.74
3.89
-0.78
7.43
13.26
7.8
10.5
2.27
10.86
2.66
5.12
1.79
-5.54
3.55
10.12
3.19
18.46
2.87
13.84
1.57
22.06
3.22
-1.25
5.14
2.5
0.52
10.43
5.9
9.48
8.09
5.4
-0.94
5.99
2.25
8.73
6.61
1.41
0.54
10.06
16.01
12
-16.42
1.96
-6.23
12.74
25.3
9.62
13.83
5.68
2.6
5.75
12.91
1.62
14.31
2.74
4.59
0.3
6.22
-3.37
14.61
5.17
-0.36
-0.7
6.94
15.05
6.7
5.75
-2.23
-3.5
-5.84
13.38
2.34
1.92
16.05
4.92
11.47
6.89
-2.87
7.16
4.91
3.06
9.06
-0.36
7.9
-1.38
-2.06
7.47
14.15
9.33
11.36
-10.1
-3.91
3.12
13.41
4.01
15.06
11.55
2.22
9.22
7.26
7.59
21.42
-6.2
0.25
2.92
8.91
7.01
4.7
8.6
1.73
5.97
5.85
8.48
-0.4
3.73
1.11
4.14
10.11
2.79
14.23
12.15
8.78
10.68
-3.81
9.26
2.7
21.55
5.18
7.33
7.83
6.89
13.18
-1.61
7.25
7.06
-1.81
2.34
3.57
-1
2.39
0
4.07
1.39
0.7
-7.63
9.05
13.12
5.95
0.01
12.7
5.33
3.79
11.31
4.38
-5.77
7.25
-0.43
6.53
16.34
-3.87
16.63
1.85
5.19
9.22
12.06
6.85
5.46
-10.21
4.85
11.4
14.2
8.67
10.59
9.54
-0.28
8.97
11.69
9.69
-2.7
-0.67
7.96
12.91
6.99
9.04
-3.1
-0.39
-2.24
0.75
7.49
7.37
-6.81
6.41
2.11
16.88
9.94
7.86
-3.09
-4.68
0.48
6.2
7.68
15.35
4.03
7.44
5.72
1.33
6.79
-0.58
-3.28
11.2
2.5
9.6
9.31
10.06
2.26
8.15
-3.76
9.82
14.98
7.46
12.37
14.8
1.63
2.62
1.39
9.14
14.52
8.27
5.96
7.04
2.94
16.62
10.97
5.8
9.96
7.92
13.16
6.89
8.61
10.8
0.53
10.46
12.07
5.71
9.74
10.83
7.8
6.87
1.12
3.21
-10.58
-0.76
5.08
4.87
2.07
1.63
-7.28
3.25
8
4.76
5.26
9.81
-7.92
1.72
7.46
8.05
7.41
-0.35
-1.13
10
3.03
13.97
5.6
-1.01
2.6
0.38
10.15
-1.31
2.81
10.27
3.77
7.22
10.71
-2.62
0.83
8.4
0.61
6.71
7.7
-0.94
1.7
3.44
-6.22
17.26
11.04
-5.08
3.12
13.85
0.38
3.58
4.01
-0.22
5.36
11.79
-4.51
9.27
-4.38
5.81
0.03
-4.34
8.05
8.43
-2.35
7.32
4.34
14.96
-0.95
6.74
1.7
3.14
4.64
6.97
18.82
10.65
3.85
6.44
-3.37
-1.69
1.32
5.46
1.68
14.66
9.51
12.54
3.56
8.03
0.86
10.67
6.14
9.78
-7.06
4.66
6.75
15.86
9.61
6.75
2.28
7.57
8.82
8.12
5.51
4.2
9.82
-0.29
7.24
16.12
1.68
5.53
1.04
6.17
5.7
11.06
0.79
10.71
-0.75
4.3
5.95
1.27
6.9
9.22
3.06
1.19
10.95
0.7
-2.39
2.17
11.92
0.09
7.38
-3.8
5.36
0.36
8.3
3.13
8.28
0.8
-4.82
-2.97
19.63
9.07
2.19
1.8
0.41
0.74
9.71
7.9
-8.52
7.63
5.51
5.28
14.85
-1.35
-4.42
0.28
-4.63
9.94
6.25
3.96
-2.82
14.31
-0.62
7.7
-4.15
8.24
-2.18
7.86
7.18
16.18
-0.07
10.83
4.33
3.79
-8.81
9.56
6.72
9.85
-3.18
7.89
1.48
5.13
8.47
16.41
-2.74
10.57
9.14
3.03
0.04
10.85
6.42
11.87
2.16
5.48
1.39
8.67
-3.69
7.72
11.01
11.25
9.43
0.79
-2.26
14.81
-8.25
2.87
6.66
-4.56
-1.42
7.63
11.83
5.92
12.39
0.06
0.72
4.11
-6.55
14.87
15.9
9.82
9.76
8.93
10.25
0.16
11.22
4.39
5.88
4.16
-1.29
2.87
2.44
2.92
7.16
3.93
11.38
4.7
14.73
11.53
6.42
8.11
0.57
12.84
9.94
1.26
13.22
9.46
0.37
9.28
17.68
13.68
12.86
3.73
-0.07
6.17
11.53
16.45
7.75
12.41
6.67
15.76
1.37
7.9
17.5
6.46
8.98
9.04
6.96
5.75
5.72
14.56
2.91
7.75
5.53
15.61
19.07
1.28
4.3
13.7
7.93
9.12
16.61
16.65
-1.06
4.75
-0.36
18.23
8.59
3.3
-0.95
28.31
8.22
-3.72
9.24
13.16
-9.48
16.14
13.81
12.08
12.46
5.8
-4.56
7.57
19.08
28.54
11.6
-1.49
-1
28.85
22.41
10.14
12.43
13.48
-0.51
17.62
23.74
18.33
10.13
21.22
-4.03
10.91
12.82
-1.24
13.54
11.45
1.38
13.14
25.23
9.88
5.88
15.52
16.09
14.67
7.32
2.44
4.3
11.97
0.81
16.57
11.89
11.34
5.24
13.18
-4.48
13.44
0.62
11.46
18.39
7.56
-0.36
11.08
7.39
13.07
13.22
12
6.21
4.14
5.07
10.58
8.51
10.84
9.01
15.11
8.03
3
7.27
2.06
-7.97
9.3
1.61
14.87
4.8
12.86
0.92
-3.14
8.67
9.05
6.01
6.56
5.91
18.31
1.73
6.89
13.8
13.36
4.43
17.03
3.79
6.26
6.15
11.16
11.12
-0.34
5.11
18.4
15.38
8.84
10.78
8.55
-2.08
7.3
-0.75
7.68
1.59
15.26
4.41
9.51
10.49
6.41
7.78
4.78
11.45
2.18
14.67
3.42
-3.45
5.81
9.3
6.99
9.05
3.23
4.14
8.88
11.72
-5.1
18.17
-3.12
2.25
1.93
8.25
1.81
16.75
11.26
4.7
8.45
3.96
13.22
11.75
13.05
0.02
2.35
2.91
7.11
-10.7
7.55
6.9
2.6
18.22
3.33
16.19
13.78
14.95
12.58
16.68
16.22
12.55
6.41
12.03
7.41
9.49
7.6
7.4
10.07
7.34
2.39
13.96
13.88
10.78
13.84
0.51
8.97
7.41
5.73
13.39
9.2
14.18
3.76
17.61
10.35
12.92
-2.15
8.01
5.29
3.9
19.02
9.11
8.74
8.21
4.62
8.75
11.92
10.93
1.8
10.67
12.46
0.06
3.36
10.94
6.17
5.31
10.16
16.86
2.03
8.82
-4.41
4.67
-6.36
19.81
6.17
3.67
-5.06
2.65
-3.12
1.87
10.62
12.48
7.71
7.98
-12.69
1.97
14.66
13.72
4.9
-2.62
5.04
2.6
14.57
12
2.92
5.87
16.61
10.35
9.33
12.8
5.85
9.34
9.67
8.6
19.34
12.75
1.85
8.25
7.25
12.06
10.51
9.13
1.78
15.82
2.24
9.98
11.9
11.22
8.92
5.55
10.93
9.91
9.38
-6.58
7.81
8.55
-2.84
8.06
10.17
11.38
-1.33
8.72
10.7
6.11
8.81
11.83
5.04
-0.84
1.58
3.69
-1.24
7.78
-1.48
11.45
9.78
9.48
-2.19
9.33
13.06
8.92
1.25
6.28
-1.36
-5.67
-0.6
11.1
12.7
0.99
-4.66
16.49
-6.93
3.42
9.13
4.94
14.09
9.79
2.59
-1.34
10.82
10.19
11.9
6.24
8.53
-2.36
18.97
8.08
-2.63
3.08
0.78
4.72
1.68
3.73
13.97
17.16
8.41
11.27
-1.98
7.42
3.19
4.98
3.63
7.38
-3.62
3.04
6.3
9.09
-0.09
4.2
6.19
7.37
5.39
3.59
10.93
6.14
13.89
14.56
9.15
13.23
-0.15
12.74
7.68
1.2
4.66
5.35
5.94
10.04
1.42
0.66
2.36
-0.51
1.93
2.2
8.1
14.92
9.7
13.54
20.29
12.52
4.58
11.97
8.14
6.83
15.48
0.84
15.13
2.96
7.21
-1.98
5.27
3.2
3.86
-3.26
4.71
-3.53
-8.74
2.38
4.19
8.52
5.36
-4.26
5.48
5.07
5.66
6.62
3.81
5.99
4.61
8.35
5.27
-0.99
7.14
-2.06
10.29
2.46
4.22
-4.09
10.79
2.89
13.48
14.84
10.6
2.54
5.33
6.48
14.9
5.43
11.26
20.31
-4.86
6.36
9.89
4.04
7.02
17.72
12.48
5.97
14.15
3.25
7.32
9.06
9.88
11.29
14.02
9.85
6.51
4.32
6.81
9.45
9.51
11.72
18.13
14.6
1.77
10.14
9.36
11.27
10.17
14.64
-0.25
2.2
21.59
4.48
0.5
6.12
5.6
1.31
12.52
3.79
7.93
3.22
0.37
9.22
8.15
10.33
-12.87
1.55
5.39
0.73
-1.4
6.07
-0.99
-2.36
9.81
-5.46
19.8
13.11
17.3
5.21
2.15
13.25
12.47
5.98
-0.74
1.92
6.02
2.21
4.9
3.69
4.01
3.34
7.14
3.35
9.96
-6.27
12.67
8.47
-0.27
4.19
4.06
3.18
5.2
4
-3.72
13.59
-3.94
3.78
8.59
10.54
15.3
9.61
1.15
-2.52
4.03
4.63
0.05
8.69
10.29
6.9
2.41
6.66
7.05
10.66
2.16
-3.3
0.85
4.57
13.51
6.5
5.71
5.84
10.47
13.79
4.88
9.71
11.5
-1.14
14.79
1.32
24.29
8.39
-3.59
6.4
8.04
-1.21
7.36
3.59
-20.34
-4.29
8.16
3.93
1.17
15.51
8.3
7.17
4.43
-3.51
9.4
6.33
5.96
-1.77
8.55
-0.05
9.57
5.52
7.59
14.14
14.54
11.36
6.18
8.64
2.71
0.52
16.41
12.38
0.01
1.65
-4.37
0.59
1.04
3.57
-4.22
-1.39
12.17
12.51
6.84
-9.19
10.49
5.39
-1.29
8.41
8.09
-4.77
5.57
9.06
-5.12
1.21
2.12
2.92
14.51
12.25
8.59
13.05
2.51
4.15
10.93
9.71
0.52
3.61
14.01
-6.72
9.06
6.42
6.08
-0.67
5.45
0.19
7.84
-0.63
7.64
4.29
6.26
-0.43
6.06
4.69
-5.18
8.33
10.52
12.86
9.43
0.01
-1.23
0.86
3.43
6.15
12.71
15.23
-3.17
7.34
2
7.8
14.44
9.51
6.8
-6.79
13.3
2.62
14.05
8.74
2.52
1.44
20.75
15.66
13.39
2.04
-1.26
-1.64
10.99
10.79
4.2
12.24
2.16
13.67
12.8
6.31
7.91
7.57
3.34
11.16
12.8
0.73
12.83
2.83
-0.36
11.95
10.71
14.19
12.68
9.29
12.64
8.97
13.06
10.33
6.96
4.13
6.44
10.36
10.47
10.23
5.42
8.12
1.51
4.51
7.58
8.78
0.39
8.9
8.84
4.03
3.41
12.26
9.39
21.09
-1.27
-4.68
0.07
10.96
4.33
14
-1.49
8.78
7.04
6.2
0.45
6.78
4.92
1.89
1.83
17.75
16.63
5.09
8.57
2.97
4.94
-16.02
-4.15
7.24
6.33
8.64
11.75
7.47
8.79
8.51
5.07
7.53
1.29
3.99
4.75
8.39
2.91
2.6
9.26
4.57
3.42
4.04
5.36
16.79
18.25
-0.82
0.25
12.06
15.64
15.74
14.11
20.22
5.56
16.45
20.28
-3.93
8.08
12.59
2.47
0.87
7.14
9.76
14.42
20.83
4.99
-2.73
6.58
4.4
14.12
13.42
-3.05
3.55
3.75
16.07
1.84
13.61
4.09
6.08
8.22
13.9
15.18
17.29
2.17
13.78
10.02
6.81
12.67
-2.42
6.52
0.22
12.71
4.15
10.27
10.15
12.72
4.88
14.08
15.2
22.46
2.25
-2.13
-5.42
10.97
9.01
4.16
15.68
7.37
-0.02
11.68
14.06
11.95
18.07
5.57
10.65
6.47
5.77
12.76
11.14
-2.03
6.51
11.09
2.39
10.51
0.27
5.83
-6.85
6.93
4.44
14.51
10.85
10.62
7.33
16.36
1.72
3.41
13.88
8.53
12.6
11.61
15.57
0.81
11.1
14.68
8.32
6.48
10.16
4.04
1.29
1.01
1.15
4.2
10.21
1.95
10.81
12.45
13.18
5.26
18.25
9.5
10.57
-6.83
21.56
1.5
15.62
13.44
8.39
14
9.86
11.13
10.32
12.27
10.45
12.83
9.74
11.98
7.91
7.03
16.17
11.01
13.02
11.26
9.07
14.78
-0.43
19.58
6.62
10.6
15.09
11.32
14.45
10.51
4.1
8.6
3.87
8.97
11.73
17.61
13.11
11.07
22.09
14.76
7.67
9.44
3.53
3.72
16.86
15.45
12.68
1.29
7.5
13.13
11.28
14.15
11.79
-7.44
-1.73
13.48
10.39
5.63
10.52
10.48
6.75
15.06
5.7
9.36
19.68
7.83
9.44
5.42
8.92
13.88
12.37
4.22
5.81
9.44
13.06
4.34
17.65
6.22
3.67
14.45
5.36
20.75
6.82
0.14
2.27
4.83
8.58
15.05
13.42
9.84
10.83
15.16
4.24
10.16
2.5
7.8
7.54
15.28
-11.24
21.65
10.05
12.5
11.01
-4.19
7.87
7.83
7.72
3.34
11.53
4.27
-4.83
15.09
-4.07
-1.2
0.05
3.91
0.83
4.01
9.74
2.96
6.24
-0.39
6.77
-0.57
7.15
13.58
8.97
4.11
10.89
3.24
3.85
2.07
-5.41
2.3
5.77
-6.9
11.64
10.45
-0.13
10.13
9.94
10.19
9.15
1.72
10.63
17.93
9.62
15.39
14.42
2.86
10.47
1.43
13.39
-3.54
12.75
3.77
7.05
-0.74
8.49
7.22
8.92
-5.1
13.48
0.65
11.16
-0.25
4.92
6.91
10.98
-0.45
-10.77
3.59
3.82
8.34
15.07
5.23
1.2
6.55
2.87
4.82
12.65
15.88
-0.54
-7.42
16.05
-10.83
10.33
0.86
5.81
7.24
7.13
9.98
3.93
-7.18
4.73
-0.59
2.29
3.99
8.27
11.34
0.21
14.01
13.27
-2.16
5
0.73
9.14
11.91
-11.73
-0.17
7.23
18.18
5.89
11.57
8.6
11.77
17.6
5.04
16.98
11.16
1.04
8.05
2.14
-5.57
5.23
4.9
8.82
-8.88
7.83
10.02
16.78
-0.23
10.73
22.44
9.61
3.91
6.59
-1.77
0.82
-1.4
8.35
5.61
2.77
-2.41
15.39
-1.03
7.49
5.77
12.69
-0.46
17.96
3.64
18.22
5.16
-1.27
-4.16
0.4
0
-4.44
-1.71
9.67
7
13.54
-3.81
6.72
8.19
6.26
10.98
7.19
3.87
8.36
5.26
15.14
11.6
-1.56
6.25
9.9
4.25
12.93
6.09
0.74
7.68
-5.07
11.45
13.8
-3.95
8.48
7.56
-4.8
14.51
11.13
-0.29
9.21
7.43
7.18
14.81
10.63
17.71
4.21
-1.07
17
5.08
-0.9
7.72
0.59
15.8
2.62
6.52
3.54
6.4
9.1
7.1
-1.03
5.15
11.48
-0.85
14.85
4.33
-3.61
-4.16
15.24
2.13
12.56
-1.05
-3.08
-4.15
7.23
14.12
6.69
11.41
4.18
4.31
10.47
11.67
16.21
-2.93
8.32
1.06
9.55
0.72
-1.59
13.23
3.98
9.21
7.06
10.47
5.24
21.36
6.79
10.12
1.28
7.05
18.46
7.1
4.38
-1.77
9.59
11.17
5.21
7.04
3.12
1.23
8.56
12.12
2.69
5.85
14.32
-2.66
8.54
8.34
-4.43
1.36
5.1
-5.6
23.24
13.71
-2.17
12.41
10.61
3.22
2.6
13.28
9.04
4.02
8.53
7.88
3.61
10.99
0.47
5.08
-3.79
8.25
17.65
11.21
6.46
2.61
15.02
8.21
9.15
11.72
0.64
12.56
3.2
10.09
17.04
9.82
-1.24
8.24
-4.96
8.45
11.64
8.94
9.34
18.48
2.61
10.83
7.64
9.23
7.25
15.21
1.44
15.76
6.7
13.16
-2.25
8.13
0.36
3.37
16.2
13.02
9.21
7.72
10.03
11.52
8.02
21.9
6.08
-2.68
-6.77
13.21
2.24
10.83
7.47
26.48
1.52
-2
6.83
21.91
11.83
-5.97
12.95
6.45
2.91
15.91
18.26
4.74
8.56
4.66
10.79
15.13
20.53
-3
9.94
12.19
11.71
6.24
10.6
7.26
-4.83
10.41
7.39
18.83
2.88
4.04
10.92
3.95
11.26
27.62
12.02
-7.39
4.99
13.51
4.1
10.7
-0.22
10.67
13.34
-0.03
11.12
3.78
9.96
10.17
4.79
5.52
15.33
9.52
-3.72
-3.14
2.7
0
12.51
6.09
23.42
-1.72
9.85
9.81
5.78
-9.65
-14.74
8.5
9.26
6.2
8.41
-4.3
6.24
-9.3
-9.71
13.15
14.23
4.85
7.58
-5.43
8.68
9.22
0.03
-4.53
14.95
4.01
8.6
12.67
4.61
-4.24
4.37
4.18
5.82
0.71
1.61
8.94
-9.65
2.55
4.75
10.33
3.77
3.38
-1.74
10.38
-4.12
8.71
3.47
12.47
-6.68
1.04
2.7
7.4
3.7
3.32
8.66
4.12
-0.2
-1.88
10.9
19.07
9.76
3.06
0.38
15.25
5.34
11.62
9.9
13.17
0.98
9
3.16
11.11
-0.71
8
10.46
6.23
4.95
-5.49
10.26
-4.05
12.64
6.33
-3.51
16.27
11.82
-3.4
0.6
11.51
16.51
-4.62
2.91
8.72
-1.25
10.41
7.01
-4.05
3.95
5.61
1.3
2.66
4.53
6.92
-0.24
3.51
4.32
-1.95
20.89
1.62
7.84
6.2
13.92
13.25
16.3
4.43
1.26
8.87
5.96
14.16
17.65
8.76
26.96
4.71
8.88
7.34
16.13
4.47
5.63
9.27
14.18
15.08
8.07
1.98
9.39
13.4
2.46
11.65
7
12.19
-3.95
-1.31
7.3
19.45
4.6
9.62
15.33
21.17
5.81
14.28
12.72
17.8
15.57
-6.88
0.21
11.37
11.85
1.68
6.91
6.33
13.75
3.44
1.59
1.99
5.92
9.51
2.27
8.23
8.91
13.75
14.24
-1.28
-3.66
-4.43
10.62
10.11
9.4
11.94
13.41
8.55
5.22
10.49
4.13
12.36
10.57
3.52
6.55
9.03
3.01
11.3
-1.46
13.63
4.43
13.14
14.98
9.77
8.89
9.64
15.72
15.11
9.06
4.82
4.63
10.76
7.82
7.9
6.56
4
16.8
12.19
10.12
3.95
8.23
21.98
6.79
5.84
12.98
13.35
4.61
10.09
18.09
12.58
9.91
3.4
10.36
6.34
6.61
14.41
7.07
2.73
9.22
7.39
6.41
19.6
7.85
-5.78
3.45
11.09
1.95
11.65
11.53
9.94
15.81
11.8
1.51
15.64
17.35
22.59
10.59
6.1
-0.63
5.05
12.53
9.09
12.79
15.62
4.88
12.63
0.1
3.79
12.59
6.77
14.28
1.02
-2
8.21
8.17
12.74
6.04
12.28
14.03
9.63
3.94
10.42
11.67
1.87
8.17
14.26
12.52
8.23
7.79
5.54
6.74
3.61
4.46
10.16
6.87
16.04
10.06
5.13
4.2
6.96
13.91
20.02
4.57
4.06
7.46
10.56
4.45
10.79
10.24
15.71
10.66
12.75
4.99
4.73
10.44
15.16
8.75
4.76
8.12
7.85
6.35
15.42
16.49
11.43
6.75
14.4
7.36
14.89
15.58
4.69
-0.67
9.72
19.2
10.62
5.45
6.97
7.42
6.94
7.74
17.19
5.41
2.8
10.34
8.19
14.09
12.07
4.6
10.64
2.11
9.21
16.12
13.37
11.41
13.76
13.12
9.78
9.65
8.75
4.08
13.27
6.61
11.34
-6.57
9.54
1.68
8.17
6.5
9.62
-1.74
10.66
7.65
3.95
-0.73
11.59
12.08
8.52
7.96
7.41
9.09
18.67
22.24
3.59
7.9
16.53
14.15
11.21
10.52
14.83
11.83
4.57
10.7
5.4
13.21
12.83
5.38
6.11
2.89
18.34
11.66
17
8.31
6.74
0.65
16.11
4.62
12.16
13.59
9.07
-2.05
14.82
15.88
12.15
6.5
11.86
3.74
10.33
2.31
21.02
12.23
10.14
11.98
6.91
13.73
10.8
7.51
7.95
6.94
14.63
9.52
9.18
16.76
2.86
11.34
8.47
6.01
1.53
7.21
1.36
-1.99
14.5
10.37
12.78
9.99
3.28
5.76
8.05
15.39
6.54
12.82
9.24
13.81
18.08
8.9
8.79
12.02
-2.95
10.15
2.87
3.28
-1.45
3.3
10.43
9.89
6.29
-0.75
1.71
5.43
7.33
4.02
9.1
7.7
2.31
19.84
-2.57
13.36
13.54
4.1
3.4
3.32
2.52
-2.11
18.56
11.76
14.14
12.95
2.73
11.88
8.19
6.68
4.92
10.44
13.81
4.74
8.99
2.98
3.62
5.08
15.84
1.15
3.84
14.47
-4.26
21.44
4.48
13.76
10.69
10.26
8.3
6.04
4.12
-2.11
1.61
14.53
0.07
17.69
4.65
7.6
8.22
15.91
11.85
8.96
9.33
8.31
6.35
11.92
5.42
22.31
14.56
9.22
6.78
1.9
10.77
7.43
10.08
0.58
4.58
1.35
4.04
10.49
10.43
8.39
14.06
-7.88
13.65
13.4
14.28
5.73
13.35
12.89
18.32
-5.66
15.28
0.32
13.01
-2.75
2.47
6.52
11.87
11.92
14.47
15.21
10.63
1.15
17.04
12.34
10.27
5.37
7.47
8.62
8.77
7.52
19.81
-4.65
9.74
15.47
10.05
14.42
16.28
11.15
10.13
14.41
12.75
0.6
12.44
2.82
5.95
0.29
-0.63
10.42
7.9
8.32
5.55
4.83
10.35
1.75
14.43
8.18
14.07
7.13
10.98
11.85
2.74
4.33
10.67
9.04
14.54
19.22
13.66
3.65
8.97
5.57
7.62
6.07
14.33
4.78
11.67
18.32
1.47
10.86
12.68
6.69
5.99
15.46
5.56
8.39
9.7
-2.14
9.62
7.59
5.36
6.92
18.15
11.74
9.32
1.95
2.15
1.22
0.86
6.26
8.23
7.72
9.9
4.28
8.6
12.81
9.45
18.7
13.21
19.72
11.75
5.59
12.89
11.57
11.43
4.18
7.94
4.92
5.88
3.46
17.41
15.85
7.85
1.88
7.21
12.65
13.05
12.29
11.62
-5.66
7.86
4.21
11.13
13.21
7.99
0.21
-4.59
8.21
16.81
4.17
11.1
-7.51
-5.17
3.58
16.12
8.11
11.78
-6.21
7.07
10.16
18.91
10.9
5.43
7.01
1.18
10.12
10.67
19.12
10.56
8.54
2.39
16
14.76
3.12
-2.88
11.23
-19.98
3.49
8.54
10.58
20.9
8.76
5
9.71
-2.63
9.95
7.96
-7.96
-6.37
21.03
15.6
22.86
10.26
6.81
-4.65
5.11
18.85
-2.11
8.48
6
-2.03
14.02
-5.68
5.62
4.86
-4.67
1.51
5.52
6.1
7.37
3.15
10.18
9.37
5.63
6.14
6.48
10.3
8.42
-3.48
6.14
7.07
13.65
7.06
3.49
3.49
10.49
15.42
9.91
11.18
3.9
3.87
14.32
3.89
16.82
13.73
9.95
15.01
3.01
0.8
1.58
13.45
4.65
8.11
10.85
2.16
-1.12
10.71
9.56
9.03
7.93
1.83
8.08
7.15
3.89
18.8
5.73
14.05
4.65
4.47
3.95
14.13
12.91
0.88
12.24
9.92
6.79
5.84
-1.15
-10.79
0.99
13.18
10.28
0.07
9.77
-5.66
10.62
7.73
14
-1.54
2.78
-0.61
11.62
2.16
9.18
-3.2
10.49
12.85
4.76
5.9
10.23
4.77
17.43
2.54
8.06
7.66
12.01
2.04
7.67
8.52
4.08
2.78
9.23
-7.55
2.41
4.8
4.44
8.1
9.44
11.68
23.17
-2.69
0.89
9.02
7.44
0.47
13.63
5.86
1.8
13.89
6.64
13.96
10.55
1.25
9.8
5.68
6.15
4.5
5.55
13.74
3.91
1.99
13.26
3.25
11.87
12.54
2.17
9.66
9.19
-1.53
10.78
-2.45
1.16
5.8
8.94
-13.41
6.5
4.75
2.03
3.84
4.95
8.99
-1.34
-7.1
6.16
5.6
12.62
5.19
12.26
7.5
12.88
13.97
14.15
8.9
0.8
9.09
13.41
5.69
3.43
2.68
9.95
16.15
6.75
2.81
10.52
4.26
3.78
7.39
12.95
-1.82
4.4
-3.71
9.77
6.86
-0.65
-5.93
-7.91
1.68
12.57
3.6
9.55
9.59
14.56
4.23
11.55
1.94
6
-2.65
18.49
2.06
4.7
10.34
7.2
-7.62
12.83
7.23
11.64
5.16
23.29
-8.08
9.62
-4.43
1.86
1.46
10.62
11.87
2.8
6.02
2.01
-9.02
-4.26
14.28
19.03
14.7
0.91
4.88
7.98
-1.66
17.08
11.34
1.02
3.4
3.06
-3.37
3.16
12.92
12.94
-1.57
11.01
-0.39
9.75
7.67
9.65
2.41
14.9
-8.92
6.7
5.18
0.9
-6.93
9.46
-1.25
15.79
10.69
0.71
8.84
14.01
8.32
14.89
18.56
5
4.86
17.99
9.6
16.85
8.24
17.88
4.91
3.06
6.73
12.2
7.23
20.15
0.96
15.48
9.9
7.91
4.06
11.41
21.27
8.32
1.34
18.47
1.75
6.79
12.31
9.61
15.16
2.31
2.98
3.12
-2.65
10.32
-2.46
11.02
6.63
8.87
6.76
10.62
1.08
3.61
-0.06
17.77
6.91
2.51
6.49
21.31
8.4
11
9.33
14.5
5.97
1.09
3.65
-1.29
7.55
19.66
10.77
12.26
1.74
1.71
1.2
8.91
12.68
22.58
6.32
15.67
15.16
15.34
10.19
-3.37
17.94
3.94
4.5
15.52
3.79
1.84
11.47
11.37
0.76
5.46
12.58
-0.56
8.55
15.35
-3.88
1.82
14.24
7.49
5.04
11.76
13.02
11.07
16.52
2.37
5.22
7.04
-8.29
10.72
9.14
7.5
1.91
8.47
-2.33
8.17
4.53
1.32
3.83
14.58
7.64
3.88
9.58
-4.03
8.18
3.25
8.27
4.01
5.82
9.14
6.44
5.48
6.34
17.58
10.08
7.73
-1.83
3.27
9.43
3.12
13.12
7.91
3.58
17.25
6.68
-2.02
13.82
-3.64
-3.77
-4.91
5.84
-8.26
13.12
10.68
4.67
4.38
0.94
-4.25
16.63
11.04
-3.65
9.23
9.96
14.02
6.27
6.69
0.47
9.43
17.62
3.87
7.16
-0.01
5.73
9.38
18.29
7.33
3.91
9.02
6.52
6.45
14.64
12.26
-0.13
10.04
1.19
9.46
7.72
15.73
8.82
7.05
0.61
-2.53
12.56
12.07
5.33
16.17
0.44
13.03
15.5
-1.41
12.73
15.03
-2.89
9.5
4.65
1.11
12.31
21.14
1.62
11.09
2.93
9.8
8.75
2.97
14.33
10.98
12.05
4.66
11.77
6.75
10.71
10.16
10.14
15.17
6.82
15.79
8.15
8.33
19.64
10.6
-0.24
15.76
10.62
2.92
22.1
11.53
-6.01
13.1
4.6
15.63
18.28
4.78
-11.65
8.18
-0.14
13.21
22.53
4.44
7.44
1.6
9.57
9.2
16.58
-0.93
0.85
14.1
8.58
6.38
8.46
-2.63
0.89
4.77
14.66
11.89
0.77
-3.83
9.78
21.09
11.14
8.61
6.44
9.91
10.99
10.57
-1.23
11.01
6.26
14.18
0.55
7.2
0.16
7.62
-0.78
1.67
11.22
14.39
9.56
18.31
4.37
-6.51
8.5
9.44
5.89
11.01
-0.89
4.73
5.38
6.24
-3.87
7.72
14.12
2.05
-0.58
7.73
7.3
12.59
6.91
3.63
13.99
14.89
9.04
0.67
-3.27
5.75
8.87
2.46
18.31
14.12
6.26
8.39
14.56
17.94
14.08
10.64
18.79
-5.19
19.66
-0.64
7.57
16.38
15.66
-3.59
17.24
9.82
14.23
20.37
-0.44
7.88
9.27
5.3
7.56
9.55
12.72
7.53
7.62
5.06
2.64
14.87
6.39
15.03
6.23
13.6
20.58
1.59
15.14
-4.37
17.75
8.6
3.5
5.03
12.89
12.7
16.66
0.56
0.84
0.55
16.06
2.99
11.26
13.46
4.52
12.42
17.9
9.16
10.16
6.84
3.35
19.16
3.42
8.63
10.84
0.64
-1.55
19.21
14.3
18.11
9.22
1.02
10.32
12.1
12.6
9.44
0.11
-2.16
7.6
10.8
14.72
4.52
8.72
11.97
11.82
3.82
2.33
17.34
2.04
4.12
5.25
15.32
10.69
-0.53
6.99
11.93
10.92
6.88
-6.22
3.72
12.37
8.84
-3.7
16.31
5.35
12.79
8.19
13.43
3.03
1.5
5.53
11.67
9.96
1.64
4.73
11.48
-2.66
5.41
11.27
23.33
12.55
6.5
1.85
10.91
8.25
6.96
-7.16
11.8
8.78
8.37
-6.65
26.63
1.06
7.92
7.94
18.21
6.04
11.27
21.98
14.62
-0.53
10.83
-2.38
0.42
6.89
9.58
9.99
1.28
2.81
14.82
22.11
2.6
-5.08
13.08
10.73
11.21
-1.14
-0.21
1.55
5.28
-1.23
0.52
-1.6
-1.22
10.1
13.32
1.67
5.18
-1.86
5.9
2.51
-1.78
1.27
7.06
8.76
7
2.57
6.06
9.82
12.85
7.03
6.54
3.9
1.9
4.99
11.43
8.87
9.87
11.68
7.76
12.1
6.38
4.06
20.98
4.98
5.95
5.87
11.5
13.26
15.12
-5.84
8.56
9.27
7.89
14.11
11.43
15.34
16.81
4.83
10.24
4.57
2.01
-0.29
20.21
3.66
2.66
6.16
12.99
5.47
7.7
-0.98
-14.47
10.07
12.57
7.02
1.68
5.97
1.72
6.93
16.36
1.77
6.76
12.42
1.73
2.25
-0.7
14.48
7.05
4.93
-2.39
16.32
4.05
8.89
12.2
11.05
10.54
18.34
5.73
2.55
12.94
14.7
-2.81
16.2
10.72
12.43
10.29
16.3
-3.5
-0.61
11.5
-0.71
6.97
6.69
8.79
4.18
9.48
12.31
1.03
7.87
1.54
-5.22
16.92
12.02
6.37
11.41
2.54
7.81
2.27
11.44
-7.01
-4.25
3.64
2.77
15.84
13.33
8.44
9.55
-4.1
5.74
12.1
7.52
7.34
3.26
14.34
9.04
3.81
6.79
14.32
9.94
2.63
2.96
12.49
13.73
5.53
5.55
9.27
15.26
8.32
-3.86
7.61
12.04
12.46
13.29
8.09
8.2
10.25
20.12
7.42
7.03
15.81
16.23
2.27
15.18
14.75
14.46
3.91
8.47
6.16
8.09
6.04
14.89
-4.16
-1.53
6.61
14.09
13.68
7.11
7.14
12.35
10.81
12.95
20.07
4.02
13.75
6.17
4.14
2.25
-0.62
11.45
11.24
11.63
4.83
11.82
4.83
17.73
20.85
4.7
-4.05
9.42
5.58
16.41
14.34
10.97
0.04
15.14
6
8.67
6.89
15.29
16.21
8.64
14.18
13.36
13.7
9.47
12.74
3.3
14.62
11.64
6.71
14.82
9.06
5.22
10.34
3.31
11.91
12.88
13.49
8.38
8.57
18.99
17.62
5.53
6.63
9
7.13
-0.09
4.73
10.02
6.98
0.11
15.48
8.59
19.69
10.74
4.62
6.81
10.47
11.95
3.56
7.51
6.77
12.72
11.26
3.37
8.99
7.08
0.63
11.5
9.18
1.82
8.97
10.94
13.65
6.37
13.66
-0.47
9.72
7.17
6.14
8.17
11.4
4.17
9.32
3.19
0.12
3.64
-0.77
-6.05
19.24
7.89
-0.26
5
11.78
8.44
11.22
1.27
8.6
-4.3
0.87
13.86
7.64
9.21
8.57
0.71
6.91
7.66
5.71
11.68
9.31
5.28
1.04
4.87
7.49
1.7
-2.97
0.8
14.69
14.9
9.6
10.08
5.36
1.76
17.25
10.5
-7.08
-5.09
9.88
9.08
10.33
11.23
-0.09
2.96
8.06
-1.38
3.69
5.8
19.66
3.24
22.74
0.81
-3.31
-0.63
5.22
18.73
12.43
9.5
7.36
-1.83
7.78
24.9
-2.49
-3.22
7.24
11.71
5.92
0.73
12.98
-0.74
10.55
7.98
2.62
11.15
1.08
4.43
13.3
-0.79
6.18
7.16
13.86
3.64
9.48
4.86
4.43
17.66
2.87
13
11.22
5.41
11.93
8.63
5.19
11.13
7.22
0.73
11.25
4.59
7.36
8.29
2.68
8.7
7.66
7.66
7.15
2.44
10.36
-8.13
8.95
-3.25
14.16
-0.6
16.54
4.37
-2.48
6.3
13.6
3.72
8.43
6.19
-3.21
0.67
11.48
-0.42
15.68
10.5
0.89
0.65
9.68
8.62
9.14
10.78
7.47
-1.29
-2.65
-5.23
7.97
14.46
20.57
7.83
9.18
10.58
8.23
-1.45
4.73
1.68
10.27
12.98
7.09
0.71
-4.53
-0.74
9.79
-5.2
7.68
4.32
16.69
6.37
11.44
8.35
10.14
6.48
3.66
-2.83
11.74
0.17
-1.24
2.34
5.52
4.3
7.47
-2.31
10.81
2.84
0.61
3.51
5.35
-2.5
4.44
3.11
14.83
9.62
9.5
1.12
16.54
11.22
19.39
8.06
5.27
11.97
16.38
3.09
4.18
14.46
10.09
2.82
2.06
-1.66
5.82
4.52
7.77
11.82
-0.5
-0.76
10.29
5.05
6.33
9.11
-2.82
6.18
12.61
12.67
10.22
4.05
-0.83
7.84
12.31
4.14
-0.28
5.92
10.01
8.98
-2.28
15.82
10.84
2.45
7.9
17.79
4.37
6.92
18.33
7.96
10.65
15.45
4.14
13.26
8.55
-3.03
3.12
6.07
7.59
8.3
12.45
13.97
-2.52
8.73
6.33
-5.28
10.21
5.91
2.12
14.77
4.9
2.36
7.77
2.28
-2.64
4.58
17.28
0.44
4.1
15.88
10.27
10.12
12.89
-2.9
11.14
9.75
4.69
5.74
16.35
-2.35
10.19
20.7
13.95
5.51
4.51
-3.27
11.85
14.24
3.95
14.57
15.78
6.76
7.77
10.74
7.76
18.04
6.17
16.2
-0.2
7.46
11.73
3.81
6.27
-6.14
2.88
10.88
-9.83
5.2
16.2
-8.47
-2.99
4.84
0.34
7.54
11.2
6.09
6.84
2.46
10.78
13.24
7.18
3.51
15.03
-0.11
-4.99
6.17
8.73
10.23
-1.57
5.12
13.98
0.19
10.93
7.55
9.75
10.17
9.33
6.29
2.5
3.53
9.99
15.92
-1.54
14.89
8.73
4.84
-1.21
3.04
8.61
-6.52
13.83
-5.93
7.9
5.8
9.59
10.42
-6.08
0.62
13.28
15.5
-4.29
-0.13
-1.49
13.46
12.13
12.75
8.87
11.02
10.23
8.17
7.42
13.75
12.92
10.22
12.89
10.87
2.24
4.29
7.05
4.16
13.92
5.77
2.61
14.62
16.59
11.68
4.21
10.34
16.27
14.89
13.39
13.94
5.91
11.13
-1.78
2.85
9.01
-1.17
9.89
8.78
-6.15
7.28
7.86
-0.04
4.24
7.66
9.8
-4.11
9.75
3.67
5.96
16.68
6.85
6.94
-10.81
-1.08
10.26
15.74
0.36
10.56
10.17
8.37
0.87
8.14
7.44
16.08
12.38
8.05
1.95
3.74
-1.15
3.48
-0.3
7.45
6.93
1.41
7.28
14.34
10.16
-4.68
9.3
4.4
-3.59
12.74
15.8
6.78
6.89
10.86
2.1
13.41
9.73
5.79
4.24
9.66
3.74
17.65
10.12
6.75
10.75
10.27
3.58
16.64
6.78
6.17
9.22
6.4
4.35
11.98
13.09
-1.08
14.51
11.85
20.8
8.66
8.34
1.82
6.41
3.98
-5.23
7.63
19.06
0.23
13.84
-3.21
6.75
3.1
7.85
1.72
13.29
11.08
10.78
14.18
-2.62
-6.43
10.98
7.76
-5.48
-1.07
9.7
7.03
3.18
16.12
10.49
11.93
-8.13
9.54
12.11
9.44
19.96
-3.11
12.45
22.14
14.35
-0.96
17.57
14.66
7.96
15.12
-6.63
9.56
19.07
10.49
16.76
21.43
5.54
16.34
5.76
4.4
10.72
12.21
7.39
-1.3
11.24
6.66
13.43
11.96
10.22
16.36
3.08
3.39
3.11
-3.09
13.37
11.39
17.42
4.42
5.76
-4.47
11.06
-4.84
6.7
5.4
8.06
22.26
-0.15
20.58
20.07
13.54
8.64
8.41
7.29
2.22
4.44
3.88
16.39
7.88
12.51
6.09
14.27
10.73
4.63
15.49
4.1
3.48
9.12
5.06
5.81
4.98
5.63
-1.04
2.05
13.8
16.25
-4.11
15.41
-3.99
-0.6
5.1
-5.57
-2.8
7.85
14.12
8.77
8.91
2.82
3.22
-3.18
5.75
-1.28
13.99
7.94
8.36
5.88
11.59
5.05
11.39
2.96
14.94
22.03
2.03
9.9
9.11
6.61
9.05
11.64
4.82
11.34
10.8
21.69
7.22
4.05
-5.35
11.97
3.88
9.44
12.72
8.83
-0.52
9.77
8.31
12.86
11.64
6.16
11.6
2.74
1.57
9.12
0.7
15.54
9.84
10.42
12.77
6.94
7.35
14.5
4.86
-6.66
-1.48
6.7
7.04
3.71
10.86
6.96
11.51
9.94
5.15
4.03
0.36
5.29
11.98
12.52
9.5
9.27
10
0.9
15.14
11.62
5.52
9.98
6.63
1.24
8.18
19.24
10.4
9.63
5.37
7.3
14.91
-4.36
2.66
9.91
20.25
13.24
15.43
16.06
16.78
14.46
10.93
14
3.29
8.49
4.48
5.65
9.64
6.41
5.54
8.37
-0.97
10.16
4.77
11.22
0.34
7.15
5.89
-3.6
6.48
-1.37
17.4
12.39
14.94
20.68
11.31
7.14
12.96
5.66
13.46
0.92
2.09
7.19
17.35
11.72
11.31
2.08
5.3
5.3
4.82
5.58
12.72
-3.8
6.21
-1.36
11.77
9.51
8.21
16.01
7.07
10.25
14.51
6.81
11.65
4.57
15.71
12.81
-1.34
11.02
12.99
5.07
18.05
17.98
7.12
2.8
8.24
-6.4
-3.53
7.72
-2.28
-3.03
10.51
15.47
-0.6
0.03
-0.1
-7.74
9.83
-3.45
10.26
0.99
-1.56
2.98
-4.29
11.72
15.03
-4.4
23.71
1.05
9.23
7.52
8.64
-1.86
10.1
-0.84
-6.29
10.95
-5.87
-2.19
9.6
2.11
-1.14
11.22
-0.18
-0.35
8.68
7.05
4.43
4.19
-1.14
6.33
7.57
-7.66
-4.19
11.95
5.37
5.98
11.37
-2.16
0.54
3.02
18.62
-6.99
1.42
7.91
3.12
3.41
8.37
6.66
9.89
6.99
13.81
5.65
2.13
14.4
17.96
1.49
13.34
10.95
1.47
-8.11
2.45
12.26
6.51
14.23
-3.4
10.91
0.18
12.63
3.8
-0.22
-0.24
-4.23
6.66
9.95
-2.58
9.41
8.9
5.48
10.06
9.99
10.24
6.16
-3.34
19.07
-6.29
-1.21
8.71
2.7
6.24
5.94
3.31
14.82
10.58
13.21
8.04
12
14.22
2.96
7.13
18.47
13.93
11.79
10
16.96
18.1
-0.12
11.86
3.81
10.57
4.36
13.01
20.53
8.17
-2.77
17.88
7.97
2.21
9.06
11.99
-0.93
5.99
5.2
2.67
9.76
4.06
8.4
8.14
-3.8
3.46
8.45
8.66
-2.35
8.51
-2.07
-1.36
1.2
-3.21
4.97
4.62
3.37
-13.99
12.68
6.97
13.99
9.76
4.38
8.87
16.91
-1.27
7.35
6.18
11.57
6.23
15.87
4.59
5.91
15.87
7.98
-0.42
-1.88
9.81
5.12
4.84
17.64
9.6
-4.08
10.19
7.03
6.32
15.68
5.51
15.24
5.3
7.71
8.07
9
7.39
8.94
12.33
6.2
4.42
14.76
7.6
9.94
6.26
-4.51
5.62
6.45
2.61
6.06
10.02
-5.41
8.73
9.95
4.13
12.77
9.13
0.19
16.05
8.58
2.5
10.34
9.04
1.09
3.84
14.63
-0.56
4.17
17.94
8.28
-1.15
2.22
2.27
12.56
10.66
2
3.04
13.92
2.1
12.08
6.38
-0.18
0.59
2.3
5.85
10.35
5.47
-13.09
1.37
6.45
3.26
3.18
15.12
2.48
3.03
18.92
3.47
2.83
3.77
5.98
15.79
3.83
9.05
3.96
16.8
11.73
7.07
7.32
-0.31
4.17
17.58
-9.41
4.64
9.74
1.45
4.67
24.96
1.72
-2.69
12.03
6.07
9.81
4.17
17.24
15.68
15.69
3.99
12.65
20.2
5.9
-0.07
1.42
3.21
15.77
0.75
5.6
6.93
-2.13
9.96
5.81
3.97
1.74
8.14
9.6
1.13
9.01
5.31
12.28
-1.53
-7.11
0.68
17.23
16.25
1.41
6.73
11.44
-11.1
8.73
10.38
-0.08
15.69
2.17
1.9
13.71
3.96
-2.4
11.36
14.69
2.11
14.66
1.51
6.65
10.53
5.05
-5.72
7.99
15.39
0.22
15.25
2.87
-12.42
15.04
-4.8
-9.78
11.62
2.44
-4.36
-4.09
6.16
-3.22
1.78
2.69
7.83
11.09
7.66
4.53
4.68
7.37
1.51
8.3
18.59
-1.6
8.45
13.09
5.03
14.29
10.96
-4.56
7.16
10.61
6.11
10.85
1.61
0.65
18.69
4.12
0.3
5.84
15.54
9.87
12.37
13.67
4.75
13.36
3.88
7.93
9.55
6.36
3.94
9.02
11.59
6.97
-1.35
21.38
-4.92
10.66
16.54
-2.23
18.57
-0.8
-2.07
13.55
12.74
6.62
6.59
21.06
2
10.94
7.53
13.67
11.34
5.87
0.66
-5.64
9.09
-4.6
0.87
19.64
8.22
15.5
14.42
6.39
8.38
18.46
8.65
-1.03
15.03
11.41
-0.81
3.43
20.65
20.73
13.41
16.34
7.55
8.62
13.02
7.02
7.39
5
14.71
13.57
17.62
9.61
5.9
2.86
-1.09
10.56
10.04
9.39
14.78
18.14
10.81
11.22
5.2
1.44
-1.95
8.95
11.58
9.15
10.77
16.42
12.73
9.67
13.5
3.83
-1.64
13.11
1.06
6.18
7.66
1.02
6.66
2
15.43
14.49
5.62
5.56
15.56
5.55
11.61
16.34
7.46
0.71
14.65
8
-4.08
17.89
11.64
9.36
13.3
10.55
16.09
9.66
14.26
7.55
8.34
15.1
3.15
9.34
12.65
15.49
6.14
-0.5
3.41
6.15
2.49
16.07
10.62
7.97
5.78
20.25
17.12
13.54
15.06
12.83
7.32
11.64
-0.27
3.84
7.45
11.8
11.74
21.64
7.07
11.27
3.39
12.85
6.14
16.89
9.28
-3.54
-5.44
16.61
-1.22
7.55
6.93
3.71
14.17
6.79
-4.11
6.12
6.43
4.89
0.46
4.82
-0.54
15.1
6.02
9.91
5.85
-4.17
10.08
6.03
2.89
2.3
4.25
5.39
4.08
17.01
2.04
5.29
4.02
18.93
15.46
12.77
16.33
-5.5
8.26
5.06
6.86
-9.11
6.81
12.65
0.85
-1.44
15.04
1.44
6.05
8.42
6.96
0.46
13.31
9.72
7.09
5.66
-0.41
-3.2
4.67
8.8
7.79
12.84
-1.64
6.5
3.11
13.82
4.82
7.22
2.32
-2.89
9.64
14.28
3.35
5.08
17.08
-2.31
6.89
2.54
8.38
5.06
5.44
10.9
4.88
11.91
6.34
4.87
5.02
8.65
0.78
7.28
12.46
1.74
7.12
6.69
10.08
11.27
8.34
11.26
5.46
10.2
0.87
4.12
5.82
11.02
3.33
3.01
1.65
4.69
7.18
7.15
1.04
9.65
13.5
8.3
12.55
11.37
13.67
0.35
17.45
20.65
7.71
2.82
11.37
2.6
18.31
4.7
3.98
23.39
3.02
2.48
21.51
11.43
6.34
5.55
1.69
8.04
1.57
10.25
17.9
0.72
3.7
4.22
14.4
-1.9
16.12
20.23
3.64
16.63
13.2
9.19
4.91
12.95
0.14
8.66
8.45
19.01
7.31
3.59
15.13
5.98
10.46
3.63
-1.49
18.43
3.06
-5.24
17.53
10.43
4.95
16.94
16.2
11.33
0.31
8.7
-0.69
3.76
3.71
5.8
6.26
6.89
7.25
19.64
6.03
16.58
1.95
4.99
-5.18
16.69
6.62
9.23
3.98
9.92
2.92
1.36
3.23
1.06
21.24
14.09
16.55
11.42
6.89
7.92
10.24
4.26
8.6
-2.04
11.54
-0.29
11.73
6.59
8.95
13.9
9.72
5.01
9.47
11.83
11.89
3.29
5.35
15.05
7.08
6.55
10.12
15.31
-1.61
3.98
2.76
8.3
2.46
16.28
12
12.07
6.06
5.68
4.74
22.2
10.24
9.03
11.17
11.39
3.98
2.36
8.67
8.33
19.72
5.54
8.28
7.01
11.78
-3.55
10.57
11.54
9.67
9.29
14.28
1.21
8.47
14.14
16.98
5.42
3.22
8.16
13.86
5.65
1.41
19.22
10.22
-2.07
11.39
16.57
10.49
7.13
9.42
-1.86
8.83
12.95
9.44
18.42
15.96
15.73
1.49
5.96
6.86
-2.93
3.58
12.32
1.35
4.57
10.82
6.92
8.82
17.85
7.08
2.91
8.75
13.63
11.44
6.65
13.82
2.93
3.38
21.11
6.25
6.56
11.63
11.37
8.72
18.87
-0.61
3.32
22.12
7.97
10.04
5.8
7.26
12.74
8.89
0.56
11.94
8.49
7.46
6.26
4.89
9.57
9.11
7.63
4.8
14.53
7.61
5.58
11.91
10.7
-2.09
7.72
16.34
13.61
15.3
8.2
-0.74
18.07
15.19
3.56
4.65
14.44
4.57
13.7
20.49
-1.33
9.82
14.98
12.49
-3.52
10.04
12.95
-3.16
13.93
5.3
-0.45
9.95
10.9
3.16
16.09
3.6
-5.37
6.57
1.69
-0.94
6.81
4.7
0.71
5.04
8.92
2.06
-2.76
11.24
13.29
7.65
7.19
-4.06
5.92
8.83
-1.31
12.04
17.74
10.69
2.53
1.98
-6.57
8.98
5.45
6.92
10.59
15.54
14.17
11.5
8.51
2.43
6.19
9.98
2.27
3.23
5
4.53
1.45
0.84
0.36
2.25
11.57
12.17
7.24
5.92
-3.44
12.47
9.26
3.67
15.82
-9.31
7.25
7.63
11.89
7.52
3.69
4.23
8.78
2.49
4.48
7.85
8.45
1.6
18.36
-2.96
9.1
-0.17
7.86
5.94
13.56
7.93
7.11
11.66
7.21
14.2
3.65
-4.02
-1.21
3.47
5.68
6.89
11.08
2.04
12.12
14.58
-2.22
12.03
10.4
12.37
5.74
12.08
0.49
6.45
-2.1
1.66
13.72
3.85
0.86
13.71
1.34
15.67
7.09
3.19
8.53
13.51
14.9
10.01
4.42
11.93
4.34
3.05
12.87
12.59
6.55
2.31
13.8
11.05
9.91
6.28
5.29
13.1
17.87
7.85
1.23
1.72
1.17
2.68
10.71
5.19
9.26
3.01
10.4
7.52
14.53
12.26
12.25
13.2
15.32
-1.42
1.77
16.67
1.45
10.26
0.97
2.41
3.25
5.41
6.66
9.71
14.11
-2.29
22.19
5.4
3.56
10.32
