19.76
7.44
-4.36
4.5
3.19
3.66
14.22
26.07
4.24
7.61
1.89
4.88
4.35
16.25
-24.67
7.15
6.12
4
5.43
0.85
4.91
4.82
9.36
6.74
2.1
1.66
4.49
3.89
3.8
1.34
-5.53
6.48
1.65
3.73
3.04
5.3
2.6
6.6
2.9
3.6
4.08
4.57
2.96
3.31
8.61
2.45
1.62
4.57
3.29
4.29
5.8
9.86
6.62
3.03
3.89
3.66
5.63
4.07
-0.21
5.45
3.65
5.38
6.19
4.27
7.17
6.19
2.45
2.03
3.67
10.89
4.14
5.03
1.78
2.71
2.7
2.39
14.75
5.96
6.36
-2.63
2.81
3.91
4.02
3.71
14.22
4.89
7.6
2.78
2.12
1.43
6.34
13.6
5.72
2.3
6.7
1.8
6.13
2
23.3
3.19
-1.75
3.5
3.06
4.18
3.89
-9.42
3.99
5.27
1.6
3.63
6.32
5.38
3.1
4.42
7.46
4.66
4.26
4.39
4.08
4.19
4.49
-2.19
3.32
5.93
23.49
4.57
3.88
4.35
5.19
4.5
5.69
-1.34
2.38
5.13
5.07
-2.23
-0.28
4.9
4.49
3.4
3.44
5.98
2.93
0.94
6.23
5.78
2.82
2.09
5.46
1.29
2.46
5.02
3.53
3.38
7
6.14
-0.97
4.31
7.16
4.44
5.34
-2.66
4.28
11.64
1.42
2.95
4.15
2.43
4.69
3.03
5.11
3.25
5.27
3.73
3.51
4.49
5.53
7.5
5.35
4.27
1.75
3.17
3.88
5.27
-2.15
3.46
4.37
5
2.58
5.48
6.26
1.08
4.71
4.26
5.04
3.65
5.26
4.84
6.33
2.56
4.85
4.96
3.73
4.67
6.97
8.18
1.05
4.08
4.23
2.14
6.15
4.48
-4.14
-0.2
5.37
10.09
2.72
0
5.89
9.13
4.19
6.06
12.08
3.65
0
4.38
1.42
3.06
4.23
18.59
2.7
0
5.76
1.27
4.95
5.55
6.98
6.18
4.81
5.55
8.9
6.17
3.09
5.33
3.58
4.29
5.77
5.09
0
4.4
3.54
3.59
6.74
4.96
-0.48
0
4.03
6.48
6.75
4.7
3.81
1.6
0
1.76
5.87
3.07
4.97
4.62
-1.04
3.03
2.55
2.98
2.94
4.06
4.45
-0.66
3.71
2.63
4.79
3.45
3.96
4.72
0.28
3.22
4.06
6.18
2.95
-2.87
5.79
10.61
3.23
2.38
1.11
6.27
14.36
6.09
-3.2
3.58
2.25
5.56
4.28
13.1
5.48
10.84
1.4
5.18
3.61
3.06
13.77
5.26
3.1
0.78
3.08
4.68
4.36
13.47
5.04
7.73
2.76
3.41
4.03
3.34
14.02
5.61
-4.44
2.69
2.49
1.27
3.23
12.37
4.77
6.78
2.41
1.33
5.3
3.57
12.14
5.97
7.89
2.61
4.03
2.86
6.61
11.73
5.36
6.91
5.71
6.07
2.53
3.47
6.36
6.83
-2.07
2.14
28.29
4.98
3.35
4.1
3.7
7.61
6.19
27.21
0.94
3.52
4.23
4.41
-0.63
7.12
14.19
3.72
5.25
5.12
16.85
-1.55
6.07
6.27
2.94
1.29
-51.69
11.86
8.33
3.91
5.62
20.29
1.53
25.53
14.57
-1.12
5.07
5.6
-4.64
6.27
33.35
5.35
-3.29
4.68
4.76
5.7
2.57
32.51
3.62
9.07
6.05
3.95
4.2
4.33
10.28
5.59
6.72
6.12
3.12
7.14
2.15
6.37
8.25
-0.79
4.16
6.22
18.46
4.81
2.8
8.08
8.23
7.22
4.77
19.78
2.43
3.22
8.8
3.08
3.54
2.55
6.23
2
6.49
3.02
2.56
10.37
14.2
4.92
5.91
2.42
3.41
6.19
0
13.01
6.63
2.49
-2.97
2.54
10.21
0
8.2
3.16
3.83
4.11
7.42
0
14.35
4.9
4.28
5.29
-2.22
4.91
12.38
0.87
4.85
6.29
5.7
8.37
18.11
3.23
4.74
5.05
-2.76
4.54
7.36
4.43
5.28
5.85
9.37
3.75
7.42
5.62
5.46
5.42
5.23
4.96
7.6
2.95
1.18
4.69
5.16
3.44
4.93
4.14
5.35
5.72
2.09
6.19
5.15
3.42
3.92
5.36
6.94
12.4
5.41
4.33
3.53
4.71
5.75
12.38
4.69
4.86
6.56
4.2
6.54
16.83
5.41
2.68
4.35
3.71
0.33
13.88
5.67
3.32
3.54
2.12
3.25
14.48
3.9
4.35
6.82
1.73
4.1
3.87
6.06
5.24
3.91
2.62
6.53
4.56
4.51
1.21
2.83
2.61
6.07
5.18
4.48
2.8
8.01
15.24
2.44
2.18
4.34
5.62
0
13.05
1.3
5.59
6.55
2.58
0
12.86
-3.39
4.52
4.36
4.14
0
15.5
7.46
2.17
5.4
3.88
6.32
14.08
2.77
4.76
5.09
1.17
4.75
10.02
-0.05
3.26
4.48
5.25
3.17
13.14
1.84
4.57
3.37
1.11
3.49
1.85
7.45
4.25
4.02
3.29
4.2
0.87
7.01
2.79
1.14
2
-0.89
8.31
-3.47
-0.47
3.21
2.44
15.23
5.1
-2.37
0.21
5.19
3.62
13.76
-1.88
3.57
4.02
2.23
2.62
12.56
-0.59
5.23
3.36
6.62
2.33
12.23
3.91
8.05
4.36
9.86
3.97
12.13
9.23
-3.18
1.46
2.63
1.81
12.2
4.16
6.07
5.17
3.35
2.3
17.6
4.17
8.49
5.72
4.95
2.09
16.02
-0.63
5.78
4.58
7.31
2.5
16.28
-2.84
6.46
3.5
5.51
2.52
69.43
8.26
-2.9
4.66
4.78
3.74
-4.86
0.87
9.81
0.24
3.54
5.03
0.51
4.24
12.41
0.84
9.82
3.33
8.07
1.86
-1.62
1.72
6.32
5.07
5.88
-3.8
8.76
3.98
2.31
4.44
5.93
-1.22
5.31
3.69
3.74
4.46
6.36
5.73
9.06
0
7.3
3.77
7.14
13.34
-1.41
0
6.24
4.31
7.66
9.94
-6.09
0
1.16
1.72
7.63
7.02
-3.88
2.89
1.89
3.87
7.47
5.43
-15.2
4.34
4.76
3.59
2.68
-10.04
2.77
1.96
3.71
3.17
9.99
6.09
4.87
14.34
6.02
9.3
2.6
4.04
12.33
4.7
9.26
6.17
2.53
18.22
3.63
-0.93
2.66
3.08
4.24
4.32
7.72
5.47
3.36
5.33
3.82
7.01
2.78
2.97
5.36
5.21
8.13
2.46
3.61
3.94
2.92
-4.36
3.16
2.14
6.55
5.85
-1.02
3.35
1.69
5.6
2.88
8.73
1.93
4.36
5.44
2.4
1.24
4.65
1.47
5.41
4.7
-2.17
2.04
1.85
4.4
5.37
0
4.33
4.2
2.89
5.44
2.22
3.29
2.54
-1.54
4.87
4.49
5.35
3.28
0.67
4.04
7.2
6.9
5.87
5.27
4.88
8.02
5.04
4.26
9.3
5.82
11.4
4.69
4.28
11.57
4.48
10.71
4.36
4.18
9.9
5.25
5.14
3.98
1.93
3.02
5.77
-3.74
4.71
4.29
10.58
5.48
5.93
5.53
3.82
8.1
4.73
0.19
5.05
3.03
5.94
2.77
5.89
16.73
5.67
-0.44
2.89
1.37
0
2.87
-0.09
5.25
7.86
0
5.93
0.21
2.48
-0.54
0
5.11
0.05
4.84
3.54
4.76
6.26
15.86
4.2
1.72
8.12
3.67
14.51
5.46
7.88
5.25
2.47
1.5
5.76
2.58
3.24
5.65
10.17
5.52
6.98
5.17
3.36
16.64
5.56
7.81
3.49
2.83
14.29
5.24
8.27
4.36
4.13
22.27
5.51
2.1
12.84
1.85
11.17
5.09
-0.27
12.62
3.37
4.74
5.05
0.57
14.95
4.03
5.69
5.95
-0.6
15.61
2.01
3.06
3.91
5.22
13.71
5.09
5.5
3.68
0.49
1.01
2.16
3.79
6.87
-2
2.67
3.98
5.49
10.98
1.52
2.74
13.49
15.02
3.85
2.92
12.24
5.94
2.06
7.38
18.2
-2.69
2.61
4.69
6.02
-2.34
8.73
4.68
4.08
34.64
4.03
4.66
22.07
1.27
8.27
4.31
1.11
7.96
5.25
5.56
8.36
6.01
3.61
2.34
5.33
2.37
5.28
5.5
2.1
4.35
1.47
5.16
5.12
4.98
4.26
4.6
6.74
2.76
5.43
15.56
4.56
4.99
10.83
3.03
4.65
18.22
3.51
4.13
12.37
2.07
5.74
14.16
3.89
6.15
6.64
4.1
4.93
7.84
4.75
5.16
7.39
3.18
5.26
4.22
1.9
4.73
5.63
6.71
5.38
5.84
2.99
5.24
5.28
4.21
4.48
4.49
3.37
4.54
5.38
1.98
4.86
5.42
5.98
6.26
5.92
4.39
6.7
5.57
2.96
6.44
6.42
4.38
6.11
5.19
3.09
6.33
5.64
1.9
5.98
6.01
6.62
6.06
5.08
3.08
5.93
5.36
4.53
6.03
4.47
1.83
6.3
3.36
4.3
4.9
5.35
4.49
4.91
5.56
2.59
4.22
4.28
3.07
11.62
5.19
4.35
6.57
3.7
3.1
4.76
3.93
1.79
1.34
3.91
6.38
-2.62
3.31
3.02
-1.16
1.5
4.3
7.53
3.16
6.72
6.42
5.21
4.69
5.36
5.48
4.09
1.38
7.86
3.42
1.36
3.99
1.95
-1.38
1.96
5.49
-4.58
2.54
4.43
2.34
0.83
4.54
5.79
6.78
2.7
9.3
5.01
4.33
9.3
10.62
3.95
12.1
7.95
5.63
-2.53
6.17
4.42
-1.57
4.98
2.65
2.88
0.89
6.35
-0.57
1.77
1.8
10.7
2.93
2.92
3.95
6.25
2.88
9.44
9.9
6.16
-3.19
6.96
1.32
3.62
0.16
3
-3.85
1.76
4.48
-0.19
1.77
4.09
-5.24
1.31
4.15
-4.73
7.35
2.32
4.97
8.79
3.72
3.16
6.61
4.43
-3.83
6.16
2.28
4.07
8.11
3.64
4.56
4.86
2.1
3.47
2.2
6.46
3.48
4
5.33
1.32
6.82
4.08
8.31
2.4
7.13
6.44
11.24
5.11
1.8
1.12
35.65
4.74
-15.85
4.18
3.55
2.59
6.33
6.43
-0.94
4.92
1.65
2.59
2.64
7.09
4.95
2.24
3
2.87
6.11
5.59
1.66
3.29
1.96
5.97
5.28
1.79
4.18
3.05
2.99
6.05
5.25
2.47
2.95
3.79
2.31
6.22
4.48
1.24
3.26
4.53
2.74
6.57
5.07
6.21
3.48
-0.14
2.36
3.02
1.07
6.05
5.5
3.12
2.1
1.63
2.74
5.52
3.09
2.32
2.41
2.64
5.24
5.8
3.84
1.51
4.93
1.78
5.5
3.78
2.6
1.25
7.14
5.75
5.39
4.6
4.13
4.38
5.88
6.17
4.72
4.23
3.69
6.09
5.66
4.57
3.89
2.2
3.2
8.81
4
4.38
3.12
4.03
2.79
2.82
6.84
5.66
2.35
3
3.37
5.16
18.22
12.33
14.12
5.6
5.3
4.42
4.76
5.77
4.66
4.46
5.47
5.34
2.8
3.45
5.18
6
4.36
4.95
5.71
4.33
5.68
3.22
3.49
1.32
2.35
8.11
11.27
10.52
7.79
6.28
10.13
4.54
8.08
-0.09
-0.03
0.08
-1.51
13.4
4.36
3.73
3.85
4.04
1.35
16.02
14.71
13.75
13.84
16.69
-30.7
14.24
-32.11
-5.5
