2.1150
2.1434
1.9698
1.9639
2.0790
1.9470
1.9688
1.9694
1.9659
1.9727
2.0929
1.9729
1.9475
4.1186
1.9662
1.9717
2.0409
1.9683
1.9660
1.9637
3.2066
2.0018
1.9551
1.9783
2.8683
1.9807
1.9623
1.9947
2.9443
2.0527
1.9676
1.9721
2.1747
1.9652
1.9678
1.9576
2.3660
2.8875
2.5773
1.9613
1.9483
1.9742
2.0569
2.7580
3.0248
1.9552
1.9579
3.0302
1.9749
2.5231
1.9729
1.9869
1.9777
1.9705
2.6812
1.9642
1.9627
1.9732
1.9512
2.5812
1.9643
2.4127
1.9716
1.9431
1.9659
2.2493
1.9688
1.9738
1.9582
1.9620
1.9714
1.9566
1.9620
1.9617
2.6921
2.1789
1.9685
1.9492
1.9659
1.9553
2.5525
1.9705
1.9462
1.9593
2.5009
1.9581
1.9531
2.3564
1.9664
1.9756
1.9534
1.9731
3.2795
2.3652
1.9631
1.9693
1.9803
1.9605
1.9662
1.9641
2.0865
2.6668
1.9805
1.9604
1.9649
1.9590
1.9686
1.9832
1.9748
1.9685
1.9671
1.9539
1.9710
1.9652
1.9658
1.9642
1.9720
1.9470
1.9721
2.0192
1.9671
1.9631
1.9620
2.2962
1.9731
1.9660
1.9693
2.8380
1.9593
18.5317
1.9709
1.9510
1.9569
1.9654
1.9701
1.9800
2.3498
1.9653
41.4062
1.9635
2.1095
1.9440
1.9669
1.9695
1.9561
2.2128
1.9619
1.9657
1.9552
1.9571
1.9617
1.9625
1.9687
1.9713
1.9490
1.9475
1.9684
1.9669
1.9627
1.9744
1.9578
1.9669
1.9532
1.9712
1.9648
1.9532
1.9535
1.9464
1.9654
1.9758
1.9469
1.9647
1.9610
1.9470
1.9631
1.9584
1.9770
1.9691
1.9724
1.9708
1.9741
1.9566
3.3544
1.9685
1.9618
1.9520
1.9728
1.9604
1.9581
1.9575
1.9671
1.9751
1.9610
1.9626
1.9530
1.9592
1.9717
1.9657
1.9498
1.9803
1.9702
2.2529
1.9604
1.9606
1.9660
1.9605
1.9452
1.9745
1.9666
1.9688
1.9519
1.9586
1.9601
1.9674
1.9723
1.9621
1.9601
1.9629
1.9701
1.9592
1.9700
1.9645
1.9742
1.9504
1.9547
1.9677
1.9768
1.9487
1.9528
1.9520
1.9630
1.9741
1.9654
2.5087
1.9490
1.9588
1.9450
1.9646
3.2231
1.9663
1.9643
1.9632
1.9735
1.9519
1.9609
1.9463
1.9744
1.9471
1.9478
3.3673
1.9556
1.9666
1.9734
1.9777
1.9457
2.9812
1.9676
1.9568
1.9713
1.9724
1.9477
1.9650
1.9507
1.9789
1.9693
1.9535
1.9794
1.9669
4.8466
2.0332
1.9551
1.9659
1.9515
1.9654
1.9659
1.9731
1.9626
1.9857
1.9547
1.9719
1.9677
2.2403
1.9619
1.9746
1.9745
1.9679
1.9598
1.9660
1.9636
1.9577
1.9509
1.9504
1.9682
1.9573
1.9474
1.9675
2.0017
1.9619
1.9703
1.9562
1.9617
3.2877
2.0384
1.9475
1.9682
1.9719
1.9667
1.9515
1.9662
1.9637
1.9520
1.9643
1.9694
1.9700
1.9466
1.9615
1.9667
5.3283
1.9587
1.9615
1.9460
1.9528
1.9524
1.9695
1.9573
2.0304
1.9717
1.9647
1.9600
2.0641
1.9681
1.9695
1.9577
1.9729
2.0117
2.1505
1.9638
1.9801
1.9480
1.9515
1.9716
1.9720
1.9653
1.9549
1.9615
1.9774
1.9730
1.9732
1.9670
2.0171
1.9761
1.9735
1.9639
5.5058
1.9523
1.9557
1.9619
2.6303
2.7664
1.9678
1.9648
25.8937
1.9673
1.9797
1.9532
1.9688
1.9654
1.9692
1.9595
1.9664
1.9685
1.9696
1.9619
1.9534
1.9661
1.9742
1.9748
1.9547
1.9678
1.9978
1.9654
1.9483
1.9673
1.9708
1.9726
1.9573
1.9641
1.9653
1.9465
1.9515
1.9707
1.9710
1.9457
1.9682
2.9259
1.9701
1.9777
1.9605
1.9660
1.9901
1.9726
1.9754
1.9682
2.2680
1.9636
1.9633
1.9506
1.9750
1.9841
1.9673
1.9956
1.9692
1.9726
2.0011
1.9503
1.9654
1.9565
1.9673
2.1221
2.3074
1.9567
1.9691
2.1196
1.9527
1.9592
2.0078
2.0173
1.9739
1.9669
1.9683
1.9551
5.4086
1.9546
1.9504
1.9695
7.4898
1.9667
1.9686
1.9724
2.0136
1.9640
1.9621
1.9766
1.9417
1.9660
1.9663
1.9512
2.4591
1.9756
1.9672
1.9657
1.9671
2.0027
1.9615
2.6216
1.9657
5.4232
1.9776
1.9720
1.9640
1.9674
1.9711
1.9513
1.9641
1.9777
1.9649
1.9781
1.9577
1.9746
1.9533
4.8911
1.9768
1.9643
1.9675
1.9738
1.9571
1.9610
1.9892
1.9743
1.9601
1.9728
1.9746
1.9466
1.9743
1.9665
1.9758
1.9629
1.9536
1.9670
1.9513
5.4337
1.9710
1.9745
1.9743
2.3846
1.9650
3.0140
1.9633
1.9742
3.6041
1.9587
2.8861
1.9671
1.9592
2.7451
1.9653
1.9749
1.9735
1.9698
2.0177
1.9600
2.0013
2.3567
1.9695
1.9755
2.7231
1.9788
1.9670
1.9675
1.9643
2.0032
2.6113
1.9684
2.2681
1.9701
1.9630
2.2520
1.9624
2.8246
3.2708
1.9660
2.1065
1.9661
1.9865
1.9594
1.9755
2.5341
1.9685
1.9674
1.9618
2.0099
1.9776
1.9681
2.6164
1.9615
1.9660
2.3976
1.9718
2.6231
1.9636
1.9600
1.9670
1.9684
1.9609
2.7319
1.9667
1.9635
1.9597
2.4200
2.4280
4.0540
1.9626
2.0136
1.9759
1.9437
1.9686
1.9636
1.9623
1.9555
1.9783
1.9672
1.9604
1.9702
1.9602
1.9702
3.5488
1.9638
1.9579
1.9581
3.0369
1.9647
1.9736
1.9516
1.9765
1.9629
1.9560
2.4192
1.9793
1.9638
1.9517
1.9719
3.4440
5.4392
1.9731
2.7919
1.9507
2.0947
1.9619
2.7496
1.9575
1.9475
2.9953
1.9773
1.9567
1.9685
1.9447
32.7262
1.9631
1.9714
1.9639
39.9676
1.9564
1.9504
1.9823
1.9645
1.9504
2.9613
1.9725
1.9497
2.3456
1.9623
1.9761
2.2797
1.9607
1.9494
2.4326
1.9489
1.9645
1.9540
1.9517
2.1895
1.9710
1.9498
4.0433
1.9660
1.9439
1.9755
1.9546
2.4963
1.9666
1.9619
3.7071
1.9490
2.7623
2.7909
1.9459
1.9685
1.9568
1.9633
2.6193
1.9668
2.8120
1.9563
1.9601
1.9510
1.9746
4.7110
1.9606
1.9701
3.7299
1.9517
4.0239
4.3801
1.9617
1.9508
1.9677
1.9662
1.9562
1.9734
1.9613
2.6440
2.0851
2.5219
1.9740
2.2783
1.9568
2.6691
3.5783
3.2836
1.9672
3.6973
3.3272
1.9623
2.4922
1.9726
2.5187
1.9688
2.5890
1.9725
3.4164
1.9568
3.2906
1.9528
1.9468
1.9745
1.9720
1.9612
1.9725
1.9657
1.9833
1.9735
1.9670
1.9735
1.9636
1.9724
1.9680
1.9572
1.9627
1.9633
1.9656
1.9609
1.9610
1.9602
1.9642
1.9634
1.9625
1.9784
1.9737
1.9706
1.9709
1.9644
2.0019
1.9835
1.9742
1.9698
1.9658
1.9684
1.9608
1.9630
1.9650
1.9698
1.9699
1.9644
1.9690
1.9627
1.9669
1.9711
1.9670
1.9705
1.9624
1.9606
1.9780
1.9786
1.9644
1.9609
1.9608
1.9643
1.9734
1.9631
1.9681
1.9673
1.9684
1.9720
1.9634
1.9528
1.9637
1.9681
1.9810
5.4230
2.5874
1.9722
1.9650
1.9662
1.9675
1.9781
1.9689
1.9831
1.9756
1.9720
1.9636
2.7589
2.9715
1.9966
1.9722
1.9656
1.9762
1.9690
1.9704
1.9648
1.9696
1.9640
1.9663
1.9720
10.7942
16.2401
12.8487
1.9619
1.9635
1.9648
1.9632
1.9938
1.9659
1.9576
1.9601
1.9622
4.5666
1.9636
1.9579
1.9577
1.9572
4.3597
2.0900
1.9725
1.9595
1.9723
1.9693
1.9733
1.9666
1.9674
1.9598
1.9615
1.9610
1.9701
