96.35
95.98
96.66
99.48
0
99.8
91.05
95.86
99.96
98.52
98.24
99.26
99.3
100
99.98
99.6
99.98
85.3
97.4
99.96
99.98
99.7
99.52
61.28
98.05
98.82
99.96
97.88
99.86
94.44
99.96
99.92
99.98
96.34
0
89.4
99.08
94.5
94.36
97.4
99.8
44.12
88.76
99.72
99.92
98.16
99.98
95.84
97.84
99.98
100
99.86
99.96
0
88.06
96.26
99.92
92.94
99.7
99.94
99.8
100
100
98.84
99.7
99.8
99.54
100
100
99.32
99.58
99.96
74.94
99.68
99.98
92.28
99.9
99.96
94.7
99
99.94
98.9
93.88
96.76
99.66
94.78
99.98
82.62
99
0
99.96
98.9
99.98
95.48
98.04
52.2
97.52
100
99.9
95.92
99.7
89.1
99.36
99.5
100
98.86
99.98
0
99.94
99.14
100
99.44
99.74
99.98
94.3
77.92
97.48
85.48
98.62
98.62
98.2
99.96
99.94
91.94
98.42
99.94
99.98
100
99.76
93.84
93.82
97.46
76.44
99.72
100
98.9
99.98
91.84
99.98
92.4
99.94
84.14
99.94
1.58
98.76
100
99.98
83.98
0
95.34
95.28
99.96
99.98
98.32
95.38
99.98
98.3
98.42
100
99.4
99.94
99.82
99.92
97.6
99.96
99.4
99.98
94.06
99.6
100
99.98
94.74
99.72
98.38
0
100
99.74
98.14
99.98
89.58
96.46
91.28
100
99.86
98.62
98.2
95.9
99.98
99.96
100
100
97.96
97.92
100
99.96
99.66
99.98
100
96.46
99.98
99.94
99.96
87.7
99.98
96.74
99.4
98.84
93.32
99.9
92.22
84.02
99.96
99.98
100
98.56
93.18
99.86
99.92
100
99.14
98.1
98.02
95.18
95.5
100
99.98
99.8
96.56
98.66
99.22
95.74
100
99.34
99.04
96.8
98.62
99.84
100
97.02
99.52
93.66
99.98
100
97.44
99.98
97.68
89.98
98.36
99.98
99.86
99.94
99.88
98.74
94.58
99.98
71.28
95.18
99.94
95.62
100
100
99.32
99.98
98.62
83.94
95.44
100
98
96.42
99.68
99.52
98.16
99.98
94.1
99.98
99.42
98.18
88.88
99.98
98.7
96.66
98.88
99.24
99.96
99.98
100
99.96
99.98
87.74
97.18
100
99.98
89.84
96.52
0
100
80.78
99.98
99.44
95.96
97.22
99.98
80.68
100
86.16
95.7
97.8
97.92
100
100
99.98
95.16
100
99.06
100
99.98
99.96
96.24
99.9
99.98
99.94
89.04
99.18
95.32
97.86
99.96
100
96.36
99.42
98.26
89.42
86.18
99.94
92.38
99.64
99.94
99.34
99.88
98.4
98.5
99.98
96.56
99.98
99.94
80.82
98.74
73.76
98.02
81.3
98.56
99.42
91
99.83
92.38
94.68
99.98
95.06
100
90.41
99.34
99.94
99.94
99.08
99.98
100
99.96
99.94
100
99.96
99.98
99.19
98.14
99.42
99.98
100
99.86
98.54
99.18
98.5
100
100
99.78
82.34
98.46
99.98
100
97.6
95.56
97.84
99.98
100
99.82
99.98
99.1
98.57
97.8
97.24
99.76
99.96
97.08
90.22
99.2
94.32
100
99.36
100
98.74
99.22
99.96
100
99.98
99.86
99.66
99.2
100
100
99.98
98.92
99.78
99.92
100
100
98.1
100
95.01
95.5
97.78
99.98
97.44
99.26
98.71
99.76
100
100
99.98
100
99.44
92.14
100
99.92
99.98
99.38
87.64
99.08
96.26
99.98
87.88
99.96
96.38
99.98
97.54
99.26
99.14
94.66
100
99.3
90.86
99.96
42.46
96.58
98.49
97.32
99
99.96
100
99.96
97.81
99.9
94.86
99.82
99.66
99.04
99.94
98.1
98.66
99.12
100
99.98
100
96.66
97.92
99.12
99.98
71.2
99.2
95.84
98.82
99.84
99.96
100
77.28
98.6
97.64
99.96
100
100
100
99.3
98.5
100
92.64
100
99.68
99.26
99.1
100
78.18
100
100
93.68
99.34
100
100
91.48
97.12
99.98
99.64
99.92
99.96
98.88
99.84
92.84
100
97.58
99.98
93.22
100
99.98
0
100
100
96.5
97.6
99.72
0
96.1
99.24
98.1
97.2
76.28
82.5
99.82
99.98
99.32
100
98.72
93.98
100
99.92
94.12
100
94.82
95.94
91.1
100
98.98
99.38
91.56
94.22
100
99.62
99.98
99.92
99.18
99.5
100
99.94
99.8
81.66
91.66
99.98
99.56
100
69.56
100
96.54
97.86
88.14
99.58
99.9
96.06
96.7
99.72
89.54
96.62
62.86
98.28
99.82
100
100
98.62
97.26
68.5
98.48
99.98
81.24
99.46
100
99.96
97.76
88.02
97.8
99.58
100
100
100
95.8
99.02
99.58
96.96
96.82
99.1
99.9
100
99.8
99.2
92
96.9
99.98
75.6
99.36
100
100
92.22
99.66
99.98
99.04
99.1
100
50.84
99.88
99
99.92
93.18
99.86
99.98
99.86
100
100
100
98.3
100
99.96
100
98.04
90.04
99.22
100
100
99.98
99.92
100
100
97.9
100
90.06
100
99.88
98.94
100
98.24
99.9
99.98
100
94.18
99.46
99.02
100
89.62
100
100
0
99.7
99.98
98.86
99.1
98.72
92.4
99.98
100
99.84
95.32
84.58
96.64
82.4
98.72
100
99.98
95.92
94.92
96.78
99.68
94.94
88.14
99.96
91.2
76.24
75.4
99.62
99.98
99.82
98.84
98.86
99.98
95.78
99.44
98.36
99.7
100
99.14
88.26
75.78
99.98
99.34
100
97.22
100
99.82
98.9
99.78
97.68
99.94
98.18
0.06
100
99.48
99.78
97.62
99.92
100
99.44
100
99.96
99.98
99.44
100
100
100
98.84
0.22
99.98
100
99.52
99.96
86.86
99.98
97.56
100
83.34
92.8
96.3
99.86
99.18
99.3
99.94
99.98
99.98
95.2
94.46
100
99.96
94.56
99.9
100
99.94
98.68
99.22
99.94
99.46
96.52
99.66
98.36
92.96
97.46
99.98
99.98
100
94.62
99.4
100
99.96
99.9
98.06
82.12
99.98
90.6
99.86
100
100
99.82
99.92
99.92
98.5
100
97.9
99.96
67.78
99.68
98.58
100
99.98
99.96
93.28
99.92
72.7
100
98.22
98.68
99.76
100
93.76
100
87.26
99.98
99.98
99.96
92.82
95.38
99.82
99.34
99.22
92.4
98.5
100
98.5
92.1
99.8
99.88
99.96
99.18
99.62
97.26
77.52
95
99.66
100
99.58
92.22
99.16
99.84
100
97.5
99.08
99.92
100
83.68
99.8
100
100
97.6
98.84
99.98
0
98.58
91.22
98.9
97.32
99.98
99.94
99.96
99.96
99.96
91.72
88.28
99.98
98.9
100
99.68
99.88
99.98
72.96
97.86
99.98
99.92
99.7
96.22
99.98
98.74
100
92.42
98.56
98.64
100
87.98
100
96.52
96.56
94.96
99.92
99.8
99.98
75.56
98.32
100
100
99.34
99.94
99.98
99.7
100
99.92
99.74
99.98
100
93.72
99.84
99.96
90
99.98
99.64
99.98
100
99.94
98.12
99.98
99.92
99.3
99.94
97.04
100
94.92
100
99.98
99.96
95.12
98.98
0
99.38
97.52
99.86
99.98
99.96
99.98
98.14
97.16
100
97.2
99.96
98.16
99.1
100
91.84
97.46
99.98
91.08
99.96
99.98
99.98
96.84
99.92
99.94
100
99.38
99.96
99.92
99
99.48
99.94
94.16
99.92
85.6
99.9
97.44
99.96
99.28
99.96
87.26
96.12
99.38
99.98
88.08
99.98
99.88
99.94
87.62
99.98
96.78
100
97.74
99.98
99.96
99.94
100
99.86
99.94
100
97.34
86.42
99.98
97.54
100
99.98
49.62
100
97.94
95.62
99.64
96.66
99.92
99.94
99.98
99.78
98.02
95.98
99.96
98.44
99.98
52.74
56.5
100
98.06
99.92
99.06
