5.1270
5.6935
5.6960
5.9103
5.6570
5.7591
5.7940
5.4790
6.0460
5.2915
13.8070
5.8952
6.0344
5.8947
6.0904
5.8598
5.7830
5.8302
5.6584
5.8384
5.8173
5.9905
5.7063
5.4343
5.8665
5.5164
5.9965
5.7933
5.7828
5.5889
5.9054
5.5765
5.3382
6.2102
5.5889
5.9509
6.1376
6.1974
5.6875
5.6017
5.9796
5.7246
6.1145
6.2025
5.6187
5.9518
6.0696
5.5676
5.9532
6.0873
5.5527
5.9237
5.5471
6.0340
5.6344
5.8023
5.6359
5.8352
5.7694
14.4547
4.9875
5.8524
5.7288
5.6436
7.1919
5.7967
5.7535
5.7668
5.7697
5.7675
5.7015
5.8516
6.1753
13.5985
5.7293
5.4602
13.6246
5.8866
5.6646
5.5077
5.7902
12.8379
5.5315
5.7310
5.7269
5.8004
5.8364
5.7990
5.6412
5.7945
13.8344
6.2131
6.2777
5.6533
5.1834
5.8356
5.2950
5.5174
5.5075
5.7546
6.0341
6.0444
5.4368
5.8530
5.7378
5.5697
5.3000
5.1021
5.3713
5.6024
5.4079
5.9663
5.8283
6.1438
5.9863
5.9241
5.8212
5.9692
6.1197
5.8569
5.9416
5.3727
5.5224
5.3213
5.3193
5.3580
5.4134
5.7520
5.9014
5.6040
6.0129
5.9895
5.7371
5.4567
5.5998
5.3093
5.8144
5.1982
5.7248
5.5140
5.8458
13.7844
5.4441
5.7548
5.4000
5.9157
13.4367
5.4154
5.8030
5.7325
5.1105
5.8910
6.1394
5.5100
5.9978
5.2548
5.7753
5.8872
5.4648
5.1016
6.2207
5.5279
6.0680
6.1020
6.1311
5.6399
5.7986
5.4135
5.0227
5.8279
6.0737
6.0426
5.3747
5.8509
5.8271
5.6716
5.6446
6.0994
5.2466
6.1359
6.0838
6.1483
5.6964
5.8653
5.2663
5.1257
5.9043
6.1060
6.0230
5.2960
6.1809
5.2527
5.8005
7.5710
5.8098
5.3867
6.1877
5.4580
5.8435
5.8171
5.9598
5.9744
5.3435
5.8450
5.7844
5.6888
6.0917
6.3784
5.0512
5.4689
6.0032
4.3535
3.5963
5.1702
5.9066
5.7624
4.9643
7.0536
5.9326
5.5586
5.8380
5.6927
5.9875
5.6798
5.9128
5.8715
5.8973
5.5348
5.0031
6.1513
6.0820
5.9804
5.6722
12.5633
5.4751
5.1807
6.1128
6.0884
5.9710
5.9116
6.7680
5.9308
14.1828
6.0630
6.1326
5.9864
5.2874
6.7082
5.9913
5.3222
5.3344
5.8023
12.0420
5.5243
6.0197
5.8001
5.5691
12.9410
5.6853
5.4781
5.7852
5.5594
12.4975
5.8146
5.5239
5.9074
5.4844
5.8911
5.4520
5.1011
5.1343
5.3891
5.6899
5.8573
5.5940
5.8951
5.9492
5.9367
6.0577
5.6209
14.0168
5.9844
5.9948
5.5222
5.8588
5.5902
5.8705
5.7224
5.7673
5.7918
5.6816
5.7465
5.3944
13.4101
5.8019
5.9458
14.0218
5.7646
5.2481
5.9712
14.0280
5.8301
5.3288
6.0363
5.4991
5.9301
5.8615
6.1552
14.1186
6.1458
6.0915
6.1218
13.8513
13.3384
5.7651
6.1687
6.1931
5.9554
6.1669
6.3266
6.1642
4.7908
5.1903
5.5992
5.4782
5.7796
6.1165
5.4139
5.9118
6.1396
5.1587
6.2598
6.2616
6.2333
6.2111
6.1740
4.8512
5.1250
5.9168
5.0903
5.9217
5.7489
5.6676
5.9360
6.0706
5.3291
5.8042
5.7662
6.0153
5.5872
6.2079
4.9559
5.9496
6.1065
6.1037
6.0625
5.9100
6.0735
5.9584
5.9173
5.4073
5.1232
5.9639
5.7951
5.8917
5.4420
5.0587
5.8821
5.9739
5.5558
12.5793
5.9185
6.0476
5.5966
5.4647
5.6140
5.2913
6.1911
5.9349
5.4967
5.5886
25.6016
5.5994
5.8751
5.7392
5.5513
5.9883
13.9588
5.7451
5.7584
5.7756
5.7939
5.8006
5.7538
5.7673
14.4811
5.7553
5.7619
5.7589
5.7838
5.7601
2.8422
5.8283
3.1850
5.9088
5.4981
5.4474
6.0102
5.8981
5.9112
13.1489
5.6547
5.3628
5.7077
5.9290
14.0908
5.9849
6.1187
5.7772
5.2265
5.9645
5.5725
6.1341
5.8392
5.4262
5.9034
6.1113
5.4839
6.1060
5.0483
5.8930
5.6332
5.8391
4.9414
5.1319
5.9630
6.0751
6.1076
5.5637
5.8702
5.8343
6.1465
5.9730
6.1148
5.5979
6.1495
5.4510
5.1157
5.9664
6.1353
5.9838
5.4739
4.6630
5.8815
5.6211
6.1800
6.0562
6.0679
5.4490
6.1514
5.4335
5.3221
6.1064
5.8168
5.9255
5.7625
5.6784
5.4895
5.8667
6.0140
6.0890
3.3711
5.0599
5.9573
6.1386
5.4885
5.6082
5.3323
5.6692
5.8489
5.1757
5.9933
6.0656
5.2792
6.0995
6.1283
6.1039
5.7272
5.8698
5.5731
5.0135
5.7909
6.0908
5.9833
6.0678
4.9432
6.2665
6.2528
6.0352
5.0240
6.1545
4.6936
5.8017
6.1189
6.1762
5.9675
6.1578
6.1913
14.0075
5.9828
5.6993
10.7136
5.6028
5.3816
5.5719
5.9795
5.7594
6.1136
5.6529
5.9486
6.0581
5.8959
5.6169
5.9660
5.2196
6.1122
5.8617
5.6600
5.5863
5.9800
5.8689
5.2548
6.1155
6.0433
5.8494
5.4525
5.5905
5.9250
6.0501
6.1921
6.1274
5.7337
5.8127
6.1768
5.8813
5.7291
5.8742
5.6971
6.1845
5.5798
5.9339
5.9075
5.7622
6.1570
5.7270
5.8577
6.1613
5.7230
6.1128
5.6765
5.8807
5.6662
5.8239
5.8824
5.7304
5.8639
5.7753
5.5875
5.7835
5.5943
5.8328
5.5978
5.7478
5.6387
5.7639
6.1209
5.8283
5.6922
5.8508
5.7110
5.8803
5.8129
5.7563
5.7870
5.8868
6.1158
5.3753
5.9354
6.1102
5.7516
5.7739
6.1221
5.8671
5.7423
5.8021
5.6168
5.9744
5.7915
5.7816
5.6322
5.7711
5.8629
5.7724
5.6089
5.9903
5.8014
5.8145
5.6690
6.0541
5.4824
5.6916
6.0745
5.5549
5.9572
6.1061
6.1555
5.9099
5.7129
6.1556
5.8060
5.7457
5.5912
5.9020
5.7602
5.8425
5.7415
5.8330
5.7522
5.7993
5.3374
6.0058
5.2088
5.7066
5.9022
5.7307
5.4072
6.0602
5.4522
6.0114
5.4542
6.0847
5.7116
5.6816
5.9863
5.3059
6.7448
6.0270
5.3279
5.5586
5.7712
13.2665
5.4484
5.7145
6.0247
5.7096
13.8389
5.7240
6.2052
5.7663
5.4758
13.2704
5.8208
5.6573
5.8047
5.5269
6.1365
6.1783
6.1603
6.0289
5.9164
5.7264
2.5107
2.5934
3.3390
6.3662
5.6928
5.8948
6.3138
6.1257
6.0910
6.0661
6.0268
14.0001
6.0814
6.0728
6.0694
6.0651
5.9319
6.0635
6.0525
6.0445
6.0244
12.4361
6.0344
6.0811
6.0452
5.8828
5.8508
5.8448
5.9901
13.6175
5.8819
5.8475
5.8652
6.0124
13.9459
5.7508
5.6774
6.1947
6.1252
5.7964
5.8034
5.8494
5.2394
5.8098
5.2437
5.5982
5.3856
5.7992
5.9725
6.0532
5.5824
5.8418
5.7368
5.4131
5.2881
5.1640
5.2855
5.6456
5.3103
5.9792
5.8370
6.1245
5.9630
5.7104
5.4407
5.8818
10.7633
5.4528
5.8019
6.1063
5.4238
13.5843
5.8847
5.1879
5.7266
6.1160
5.4548
13.8005
5.7527
6.1290
5.3545
5.8270
5.4907
7.6024
5.7011
5.3535
6.0829
6.0896
13.9015
6.0807
6.0826
5.1748
5.9101
13.3998
5.3307
5.9445
5.7407
5.3610
6.0081
5.2991
5.9662
5.2723
5.8422
6.0239
5.7925
5.9276
5.9093
5.8633
5.9087
5.5769
5.8226
13.8492
5.7290
5.7325
5.7558
5.4676
13.3938
5.7665
5.4406
5.8663
5.8393
5.7456
5.5354
14.0322
6.0235
5.6022
5.2693
6.1098
5.8722
6.4486
6.3826
5.8169
5.8367
5.7478
5.7645
5.6731
5.8257
4.7906
5.7043
6.1603
5.4118
5.9611
5.9031
5.7392
5.9512
5.8148
5.9715
6.1828
5.1730
6.1201
5.3633
5.2295
5.9204
6.1661
6.1550
5.7685
5.4595
6.0841
6.1802
4.8841
5.9835
6.2892
4.9637
5.9523
5.9366
5.0102
5.4954
5.9699
6.0636
6.1525
4.9805
5.6809
12.9381
5.5428
5.9837
6.0385
6.1481
5.0642
5.7307
5.5963
6.0658
5.8063
12.0016
5.4624
6.0288
5.6490
5.9235
5.3987
5.2763
5.2254
5.7087
5.9814
5.8131
5.7743
5.7893
5.8419
6.0351
5.8126
5.8110
5.8319
5.7032
5.5027
5.7814
5.7562
5.8290
5.2808
5.8655
5.8353
5.7142
5.9540
5.8336
5.7988
5.6676
5.0610
5.2974
5.9300
13.7242
5.6879
6.1412
5.7744
5.5589
13.4742
5.7968
5.5364
5.5643
5.6599
13.7308
5.6531
5.8739
7.0688
6.2345
6.3237
5.9816
6.0335
5.5427
13.7906
5.8727
6.0003
5.4684
5.5071
5.9315
13.1422
5.3532
5.7239
6.1281
5.9702
11.6408
6.0846
5.8638
5.7615
5.8397
5.8253
5.8290
5.6473
5.0363
6.0738
6.0140
5.1701
5.6736
5.8915
5.9967
5.8778
13.5320
5.6455
5.0418
6.0768
5.9063
5.1894
5.4898
6.0118
5.9756
5.7848
5.5195
5.9552
5.9738
5.4877
5.2065
6.0859
6.0172
4.9716
5.4413
13.7670
5.8283
5.9637
5.9815
6.0288
5.2739
6.0820
6.0373
5.2927
5.7669
5.8883
5.7466
13.8059
5.8121
6.1052
