3.8662
3.8917
3.6827
3.9143
3.6560
3.0453
3.8869
3.8648
3.8077
3.8820
3.8984
4.0088
3.8715
3.7778
3.8131
3.9297
3.7786
3.4338
3.9397
3.7812
3.7791
3.9124
3.8573
3.3708
3.8614
3.8537
3.8972
3.9260
3.9571
3.8172
3.8367
3.8961
3.8816
3.8983
3.5648
3.5094
3.8187
3.7839
3.8752
3.8973
3.2994
3.8553
3.7841
3.7864
3.8790
3.9080
4.0463
3.0318
3.8965
3.8619
3.9641
3.9026
3.8883
3.5218
3.8331
3.6756
3.7532
3.8550
3.9229
3.7165
3.7504
3.9668
3.8323
3.8047
4.0359
4.0382
3.9139
3.8570
3.7985
3.8925
3.9646
4.0129
3.9256
3.6395
3.2534
3.8385
3.9433
3.9754
3.9418
3.2687
3.8563
3.9151
3.9181
4.0292
3.9169
3.9310
3.8591
3.9092
3.8823
4.0222
3.8466
3.7196
3.8681
3.8844
3.7940
4.0283
3.8409
3.9073
3.8694
3.8756
3.9292
3.6011
3.8613
3.8081
3.9199
3.9185
3.9316
4.0262
3.9284
3.9257
3.8820
3.8278
3.5767
3.9026
3.9225
3.9617
3.8499
3.8368
3.4813
3.8956
3.8087
3.6829
3.8941
3.7865
3.8746
3.8100
3.8281
3.8946
3.8103
3.9231
3.9429
3.8604
3.8626
3.9380
3.9506
3.5358
3.8838
3.9279
3.8623
3.6316
3.8452
4.0270
3.9359
4.0690
3.8322
3.9681
3.8539
3.9356
3.9576
3.9553
3.8450
3.8998
3.9435
3.6092
3.9077
3.9418
3.8055
3.8319
3.9114
4.0001
3.9321
3.9087
3.9689
3.8296
3.8410
3.9109
3.8893
3.9532
3.9261
3.8370
3.7309
4.0255
3.9464
3.8081
3.8006
3.8229
3.9119
3.9074
3.9479
3.8159
3.9970
3.8645
3.8688
3.9218
3.9110
3.8772
3.7828
3.8634
3.8345
3.8918
3.9517
3.8672
3.8978
3.8419
3.9325
3.8848
3.8249
3.9184
3.9407
3.8591
3.6924
3.9139
3.8735
3.9242
4.0011
3.8470
3.8752
3.9035
3.9251
3.9386
3.9310
3.8252
3.8972
3.8905
3.9030
3.9091
3.6864
3.8584
3.9632
3.8909
3.9188
3.9151
3.9602
3.8660
3.7656
3.8576
3.9006
3.8565
3.9725
3.8529
3.7602
3.8918
3.8272
3.8820
4.0010
3.8161
3.8628
3.9050
3.7860
3.9147
3.9524
3.7918
3.9165
3.9002
3.8582
3.9436
3.8473
3.8300
3.7241
3.9309
3.9023
3.9029
3.8880
3.7158
3.8099
3.9064
3.8881
3.8901
3.7782
3.8668
3.6761
3.8983
3.9086
3.8673
3.9421
3.9126
3.9564
3.9074
3.8989
3.8763
3.6342
3.9007
3.7647
3.9298
3.8441
3.8970
3.9451
3.9057
3.9428
3.7960
3.8403
3.9439
3.9605
3.8838
3.5981
3.8482
3.8417
3.9110
3.7375
3.8524
3.8671
3.9065
3.8677
3.9169
3.8946
3.8597
3.8894
3.8342
3.8334
3.8697
3.8913
3.8506
3.8267
3.7890
3.8461
3.9184
3.9624
3.8306
3.5382
3.8953
3.8644
3.9181
3.8643
3.8351
3.9318
3.9332
3.8647
3.9443
3.9973
3.8461
3.9696
3.8837
3.8730
3.9087
3.8138
3.8342
3.9062
3.9008
3.8551
3.8536
3.8848
3.8750
3.9511
3.8652
3.8325
3.8945
3.9719
3.8526
4.0078
3.8734
3.8659
3.8881
3.6080
3.8312
3.9016
3.8628
3.8592
3.9094
3.9125
3.8463
3.8111
3.9040
3.8318
3.9115
3.7459
3.8456
3.8740
3.8871
3.8014
3.9140
3.9373
3.8175
3.7372
3.8766
3.8002
3.9117
3.9489
3.9014
3.8515
3.8568
3.8341
3.9520
3.9722
3.9046
3.8104
3.7639
3.8028
3.8930
3.9238
3.8879
3.8260
3.8113
3.8583
3.8705
3.7917
3.8907
3.8361
3.8452
3.9058
3.9205
3.8787
3.8933
3.9075
3.7299
3.8725
3.9219
3.7919
3.7335
3.8922
3.8410
3.9082
3.9476
3.9682
3.8403
3.8439
3.7864
3.8800
3.8530
3.6043
3.8255
3.9184
3.8149
3.9007
3.8509
3.9597
3.8323
3.9092
3.6951
3.8744
3.8942
3.9175
3.8518
3.9716
3.9610
3.9152
3.9158
3.8620
3.8532
3.7922
3.9481
3.9200
3.9529
3.9546
3.8684
3.8714
3.8936
3.9021
3.8652
3.8581
3.8663
3.8974
3.8975
3.9220
3.8636
3.9637
3.8527
3.8499
3.8995
3.8639
3.9286
3.8307
3.8634
3.7946
3.8584
3.9323
3.9276
3.8846
3.8340
3.9016
3.8217
3.9256
3.9456
3.8717
3.8690
3.8479
3.8256
3.8631
3.9147
3.9194
3.9255
3.8178
3.8560
3.8309
3.8707
3.7949
3.8519
3.7467
3.8276
3.8410
3.8804
3.9265
3.9066
3.9454
3.8191
3.8542
3.9175
3.6577
3.8339
3.7879
3.8651
3.7885
3.9504
3.6270
3.9307
3.8807
3.8247
3.8830
3.8580
3.9954
3.9351
3.8379
3.8719
3.8102
3.8931
3.8575
3.7786
3.9427
3.8004
3.7637
3.9291
3.8710
3.7462
3.7048
3.7577
3.8447
3.9538
3.9002
3.7838
3.9170
3.8186
3.9244
3.9172
3.8678
3.7501
3.8489
3.8574
3.8309
3.9087
3.7307
3.6890
3.8029
3.8810
3.8178
3.9019
4.0059
3.6997
3.8639
3.8304
3.8407
3.8647
3.7173
3.6921
3.7860
3.8855
3.8436
3.8910
3.8640
3.7024
3.8076
3.8685
3.7319
3.9326
3.9266
3.7304
3.5783
3.8947
3.0565
3.9235
3.9287
3.7282
3.8922
3.8911
3.9741
3.8907
3.8751
3.7362
3.7339
3.8985
3.1544
3.8501
3.9591
3.7254
3.9265
3.8974
3.5311
3.9741
4.0302
3.8491
3.5689
3.8861
3.8763
3.8967
3.9611
3.9157
3.8911
3.8802
3.8910
3.9006
3.8501
3.9130
3.8350
3.8953
3.8741
3.9097
3.8876
3.9182
3.8795
3.8703
3.8752
3.9552
3.7517
3.8622
3.8493
3.9119
3.8644
3.9412
3.9032
3.8492
3.8678
3.9158
3.8362
3.8881
3.7358
3.8828
3.7823
3.9292
3.8681
3.9330
3.8373
3.8737
3.8046
4.0177
3.8820
3.8193
4.0144
3.8688
3.8539
3.9339
3.9248
3.9223
3.9194
3.8765
3.9599
3.9076
3.9128
3.9559
3.8717
3.8747
3.8739
3.9414
3.9361
3.9305
3.8384
3.8816
3.8526
3.9384
3.8729
3.8609
3.8429
3.8962
3.8766
3.4586
3.9454
3.7880
3.9796
3.7858
3.9025
3.7735
3.9267
3.9136
3.8625
3.9600
3.9519
3.3397
3.7324
3.9498
3.8811
3.8217
3.8464
3.7857
3.3246
3.9264
3.8964
3.8088
3.7097
3.9603
3.9341
3.8842
3.8756
3.8586
3.9036
3.2442
3.4457
3.7836
3.9203
3.7923
3.7898
3.8753
3.7604
3.9286
3.9211
3.8017
3.9526
3.8578
3.7374
3.9493
3.8951
3.8102
3.8964
3.8184
3.7570
3.9273
3.9124
3.8416
3.7354
3.8540
3.7337
3.9477
3.9216
3.7905
3.9735
3.9330
3.7484
3.8000
3.8937
3.7962
3.9209
3.8870
3.7274
3.8143
3.8708
3.8722
3.8592
3.9372
3.7652
3.8794
3.9209
3.9106
3.7577
3.9590
3.7395
3.9256
3.9167
3.9954
3.8457
3.8887
3.9329
3.8890
3.7939
3.8512
3.8935
3.9048
3.9335
3.8523
3.7913
3.8940
3.8827
3.9026
3.8527
3.9052
3.9007
3.9013
3.9162
3.8586
3.8931
3.8810
3.9275
3.9322
3.9743
3.9446
3.8886
3.8300
3.9177
3.9295
3.7925
3.8839
3.8486
3.9106
3.8092
3.9099
3.8811
3.8857
3.9053
3.8785
3.8980
3.9116
3.9108
4.0094
4.1237
3.8665
3.9212
3.8603
3.9294
4.0222
3.8190
3.9358
3.8763
3.8200
3.6489
3.7331
3.9037
3.9031
3.8408
4.1306
3.9326
3.9114
3.9325
3.8933
4.0453
3.9710
3.8685
3.8710
4.0155
3.2027
3.8521
3.9178
3.8888
4.0184
4.0162
3.8132
3.8949
3.8735
3.9700
4.0539
3.9635
3.8799
3.9148
3.8535
3.8603
3.7543
4.0330
3.9198
4.0043
3.9056
3.9275
4.0125
3.8224
4.0254
3.8059
3.7685
3.7300
3.8314
3.9795
3.9326
3.9236
3.8750
3.8567
3.8620
3.8839
3.8174
3.5765
3.8536
3.9723
3.6336
3.8573
3.5966
3.8413
3.5611
3.8888
3.9251
3.2955
3.8708
3.9688
3.8182
3.6377
3.7007
3.9156
3.8033
3.8267
3.8442
3.2696
3.8603
3.9302
3.8485
3.8921
3.7715
3.7986
3.5794
3.7134
3.8553
3.8249
3.8396
3.9840
3.9190
3.9075
3.8441
3.9287
3.8743
3.8849
3.5977
3.6732
3.8106
3.9120
3.7918
3.8444
3.8961
3.8638
3.8878
3.8856
3.5054
3.7710
3.9380
3.9158
3.6942
3.6800
3.8804
3.8944
3.9278
3.9451
3.7875
3.8796
3.9402
3.8783
3.7860
3.8860
3.9112
3.8922
3.8820
3.6952
3.7438
3.7396
3.8899
3.8900
3.8161
3.8018
3.6487
3.8560
3.8830
3.9108
3.8370
3.8087
3.8667
3.8248
3.8876
3.8124
3.8316
3.8854
3.8526
3.9161
3.8107
3.6920
3.8277
3.8152
3.7913
3.7891
3.8342
3.8611
3.9194
3.7480
3.9177
3.7067
3.8475
3.9488
3.7941
3.7696
3.8029
3.8264
3.9321
3.5542
3.8751
3.8538
3.8491
3.8948
3.7934
3.9230
3.8705
3.8434
3.9111
3.7775
3.8082
3.8495
3.8355
3.9996
3.9424
3.9292
3.8975
3.8460
4.0137
3.7530
3.9171
3.8230
3.8725
3.9559
3.8088
3.8316
3.7551
3.8783
3.9275
3.7341
3.8250
3.8310
3.8403
3.8818
3.9399
3.8103
3.8243
3.8678
3.8407
3.9146
3.8908
3.7148
3.9229
3.8907
3.7913
3.8648
3.8353
3.8427
3.9053
3.7180
3.8961
3.7923
3.8613
3.9203
3.7230
3.9047
3.9203
3.9036
3.7470
3.7261
3.8344
3.7372
3.8958
3.8058
3.8173
3.9426
3.9095
3.5974
3.8572
3.7816
3.9619
3.7677
3.9278
3.9154
3.8690
3.6982
3.9414
3.9292
3.8076
3.8005
3.9378
3.8953
3.6303
3.7604
3.9408
3.7239
3.9168
3.8721
3.8881
3.9053
3.6232
3.8939
3.9425
3.5679
3.8594
3.6540
3.9376
3.6558
3.8615
3.6285
3.9322
3.8931
3.8254
3.7771
3.8767
3.9046
3.9287
3.5179
3.9418
3.7821
3.8170
3.8349
3.9198
3.8436
3.8742
3.6914
3.9305
3.6666
3.7888
3.8735
3.7501
3.7041
3.9071
3.7237
3.7839
3.9455
3.9040
3.8644
3.8775
3.8196
3.8577
3.9367
3.8608
3.6282
3.8897
3.6898
3.9106
3.7012
3.9021
3.7953
3.8758
3.8830
3.8595
3.9589
3.8609
3.8203
3.8381
3.8587
3.8490
3.7549
3.8438
3.8664
3.8840
3.8608
3.9048
3.6503
3.9150
3.9152
3.8943
3.7425
3.8452
3.8614
3.8528
3.3134
3.7388
3.8728
3.7623
3.9383
3.7409
3.9078
3.7708
3.6295
3.8752
3.8136
3.8803
3.8419
3.8856
3.9380
3.8521
3.8339
3.9266
3.7982
3.9125
3.8701
3.8845
3.8060
3.8594
3.9530
3.8820
3.8645
3.8763
3.7948
3.8687
3.8522
3.8766
3.9414
3.9122
3.7718
3.7717
3.9193
3.7907
3.6791
3.7935
3.5326
3.9697
3.8685
3.9133
3.8844
3.9429
3.8523
4.0560
3.8599
4.0535
3.4964
4.0474
3.7774
3.5339
3.9116
3.6963
3.9305
3.5115
3.9513
3.8360
3.8538
3.7399
3.9132
3.8374
3.8030
3.1001
3.8929
3.7998
3.6795
3.8585
3.7917
3.9561
3.8777
3.7982
3.8242
3.8233
3.7053
3.9297
3.8661
3.6599
3.5458
3.9470
3.5490
3.9348
3.5694
3.7840
3.8735
3.7037
3.9970
