2.8570
2.8459
2.7146
3.2965
2.8852
2.8655
3.0185
2.8928
3.4411
2.7208
2.8585
2.8947
6.0497
2.8761
3.0267
3.1484
5.9340
2.7016
2.8901
5.8137
2.8054
4.5281
5.9950
2.7867
2.6625
2.6938
7.1577
2.7434
2.6494
2.9686
4.5062
3.0409
2.8027
6.0401
2.7755
2.8854
5.6692
2.6642
2.7423
2.7839
2.7200
3.1264
2.7915
2.9119
2.9875
2.8253
2.8134
2.7356
2.7495
2.7102
7.0583
5.9271
2.5658
3.8284
2.5674
4.3742
2.6036
2.5932
2.6212
2.7553
3.4985
2.5237
2.8919
7.1286
2.9302
2.9590
2.7515
2.9263
2.8497
2.8106
2.8864
2.7970
2.8039
2.6505
2.8920
2.8530
2.6633
2.5949
2.8849
2.6553
3.0701
2.6650
2.8318
2.5455
2.7980
2.5885
2.7571
2.7644
2.6893
2.6924
2.7843
3.1433
2.6232
2.7386
2.7777
2.6746
3.0729
2.8696
2.7177
2.8404
2.2521
2.9663
2.8788
2.7824
2.5953
2.8518
2.7880
2.9268
2.5749
2.8225
12.6687
2.8303
2.8664
2.7899
2.7234
2.7313
2.7859
2.9683
3.0393
2.9060
2.6676
2.8201
2.8323
2.8368
3.0391
2.6994
2.8311
2.6350
2.6932
2.8783
2.7813
2.7790
3.0687
2.7668
2.8415
2.8541
2.6113
2.7850
2.7659
2.9279
2.7005
2.8156
2.8814
2.8346
2.7535
2.5553
2.6328
2.7418
2.7873
7.6213
2.7117
2.8878
2.8188
2.4482
2.8404
2.8924
2.7659
2.5655
3.0109
2.7559
2.9106
2.5937
2.7476
2.8547
2.8873
2.7683
2.7597
2.8250
2.8771
2.8352
2.7130
2.8137
2.9586
2.7627
2.8545
3.0872
2.8490
2.6519
2.8184
2.1940
2.8081
2.7879
2.4412
2.7908
2.8757
2.9860
2.7988
2.5822
2.7736
2.7921
2.8320
2.8660
2.9045
2.7041
2.8185
2.7055
2.9960
2.8405
2.9878
2.8002
2.7774
3.0231
2.8449
2.7974
2.6423
2.7807
2.7838
2.8070
2.8511
3.1337
2.7943
2.8281
2.8665
2.6045
2.8309
2.9889
2.7805
2.4983
2.8419
2.8676
2.8478
2.9445
2.9551
2.8039
2.7935
2.8764
2.8449
2.9412
2.7972
2.7701
2.6583
2.9482
2.7713
3.0466
2.8726
2.7136
2.7068
2.7399
2.8315
2.7039
2.8741
2.8420
2.6720
2.9085
2.9594
2.7531
3.1095
2.9545
2.8344
2.7735
2.9146
2.7202
2.7558
2.9102
2.7453
12.4196
2.6990
2.8188
2.7560
2.8496
2.8472
2.8533
2.8528
2.9064
2.9555
3.1538
2.8384
2.8468
2.7351
2.8135
2.8973
2.8401
2.7109
2.5986
2.8445
2.7210
2.7825
2.7953
2.7417
2.7030
2.7141
2.8513
2.7076
2.7851
2.5922
2.8128
2.8566
2.9876
2.9094
2.7611
2.7027
2.7133
2.7743
2.7621
2.6043
2.6508
2.8750
2.8972
2.6135
2.9387
6.8377
2.7411
5.9700
6.8975
5.6552
2.7231
2.8644
6.3378
3.4503
2.9365
9.6609
6.9352
2.8029
7.5422
5.9537
9.5365
2.6616
2.9247
6.8096
2.7087
2.9159
2.7598
2.7478
2.7318
2.8284
2.7948
2.8983
2.7385
2.7188
2.7892
2.6784
2.9113
2.7717
2.8060
2.9024
2.8047
2.7083
2.6411
2.7979
2.9004
2.8972
2.6177
2.8865
2.8745
2.7944
2.7290
2.8666
2.7966
2.5628
2.7715
2.8586
8.4772
2.8646
2.8916
8.0558
2.6467
3.0553
2.7309
2.9490
2.8314
2.9334
2.6579
3.0055
2.7061
2.8319
2.9035
2.6112
2.5530
2.8501
2.7151
2.7605
2.5832
2.7515
2.9570
2.7538
2.7104
2.7651
2.8083
2.6675
2.8917
2.8878
2.7976
3.2739
3.0196
2.7214
2.8055
2.8728
12.4355
2.8675
2.8167
2.9107
2.8843
2.8928
2.9254
2.8781
2.9163
2.9305
2.9025
3.1018
2.9036
2.7457
2.9645
2.9086
2.7779
2.9499
2.9119
2.4801
2.6794
2.9107
2.5038
2.7102
2.8681
2.8162
2.9033
2.8865
2.7120
2.9110
2.8088
2.8718
2.9427
2.8481
3.0879
2.8035
2.7901
2.5949
2.6417
3.0207
2.8990
12.3886
2.7459
2.8276
2.6376
3.3358
2.8765
3.0591
2.9870
2.6987
3.0811
2.8623
2.9525
2.8186
2.9357
2.5536
2.8626
2.7496
2.8608
2.6661
2.8601
2.5055
3.1345
2.6832
2.9768
2.6706
2.7911
2.7809
3.1691
2.6005
2.8245
2.7807
2.8542
2.8756
2.6468
2.6856
3.1008
2.5047
2.8311
2.7203
2.8462
2.6409
2.9800
2.7636
2.9606
2.6612
2.8105
2.7877
2.8372
2.7759
3.0068
2.6072
3.0427
2.8575
2.7551
2.7669
2.8417
2.7075
2.7002
2.7163
2.6858
2.8590
2.8392
2.8494
12.4182
2.5584
2.8910
2.7251
2.8238
2.8899
2.7622
2.8870
2.4872
2.9066
2.8788
2.9145
2.7120
2.8942
2.8937
2.9068
2.7693
2.9110
3.0267
2.8216
2.7352
2.8497
2.7235
2.8412
2.7601
2.9646
2.9141
2.9157
4.7111
2.6177
2.6243
3.2531
2.9627
2.9517
2.8298
2.8225
2.8140
2.8354
2.8881
3.7629
2.8522
2.8000
9.1641
2.7030
2.8797
2.6145
2.7905
2.9616
2.8755
3.1834
12.3504
2.8450
2.7658
2.9638
3.0988
2.9241
2.9183
2.5250
2.9439
2.7158
2.7833
2.9683
3.0224
