2.502
2.290
3.484
2.238
3.664
7.991
2.423
2.427
2.785
2.453
2.185
2.038
2.477
2.910
2.637
2.258
2.691
4.973
2.172
2.908
2.912
2.194
2.691
5.623
2.606
2.513
2.286
2.248
2.033
3.145
2.629
2.266
2.385
2.416
4.580
4.593
2.690
3.016
2.437
2.432
6.049
2.475
2.980
3.010
2.250
2.266
1.865
8.068
2.371
2.659
2.040
2.357
2.598
4.649
2.622
3.584
3.093
2.621
2.163
3.216
3.228
2.159
2.602
2.920
1.902
1.880
2.246
2.445
2.753
2.475
2.023
1.978
2.118
3.855
6.209
2.732
2.132
2.333
2.156
6.382
2.479
2.384
2.338
1.956
2.317
2.146
2.450
2.304
2.410
1.928
2.585
3.317
2.465
2.432
3.011
1.958
2.652
2.282
2.446
2.461
2.288
4.010
2.481
2.671
2.090
2.258
2.273
1.932
2.225
2.172
2.461
2.654
4.199
2.340
2.180
2.044
2.466
2.668
4.879
2.495
2.919
3.599
2.274
3.058
2.576
2.902
2.633
2.387
2.744
2.335
2.198
2.572
2.507
2.122
2.177
4.027
2.260
2.154
2.480
3.834
2.493
1.938
2.111
1.856
2.782
2.052
2.430
2.186
2.079
2.120
2.554
2.371
2.057
4.025
2.235
2.168
2.760
2.642
2.223
2.063
2.091
2.302
2.009
2.629
2.633
2.442
2.227
2.110
2.195
2.549
3.284
1.939
2.073
2.899
3.055
2.605
2.222
2.280
2.135
2.854
1.892
2.439
2.466
2.280
2.219
2.536
3.105
2.487
2.644
2.439
2.034
2.600
2.500
2.628
2.107
2.450
2.724
2.284
2.298
2.444
3.483
2.371
2.440
2.235
2.028
2.506
2.427
2.307
2.146
2.167
2.191
2.587
2.280
2.434
2.331
2.380
3.709
2.462
2.010
2.379
2.242
2.343
2.080
2.436
3.154
2.622
2.319
2.664
2.105
2.566
3.106
2.219
2.747
2.529
1.911
2.861
2.460
2.233
2.947
2.266
2.201
2.997
2.112
2.240
2.568
2.131
2.653
2.791
3.190
2.075
2.268
2.441
2.415
3.372
2.829
2.133
2.427
2.477
3.213
2.529
3.584
2.253
2.236
2.603
2.314
2.298
1.994
2.218
2.314
2.549
3.960
2.363
3.111
2.075
2.632
2.366
2.161
2.334
2.205
2.870
2.648
2.150
2.070
2.550
4.094
2.593
2.575
2.394
3.242
2.597
2.475
2.325
2.406
2.292
2.376
2.459
2.424
2.696
2.575
2.603
2.435
2.500
2.640
2.954
2.526
2.348
2.058
2.563
4.471
2.335
2.444
2.251
2.658
2.573
2.106
2.286
2.482
2.158
1.871
2.510
2.013
2.436
2.431
2.414
2.932
2.617
2.161
2.220
2.459
2.679
2.549
2.405
2.045
2.417
2.564
2.460
1.897
2.485
1.963
2.388
2.404
2.468
4.349
2.591
2.334
2.375
2.570
2.393
2.365
2.522
2.746
2.213
2.690
2.322
3.329
2.578
2.317
2.325
2.968
2.270
2.140
2.738
3.072
2.390
2.947
2.342
2.277
2.454
2.508
2.377
2.760
2.104
2.038
2.363
2.721
3.065
2.989
2.484
2.269
2.427
2.680
2.876
2.569
2.566
2.938
2.391
2.555
2.579
2.323
2.240
2.419
2.424
2.224
3.263
2.569
2.291
3.139
3.304
2.242
2.678
2.321
2.110
2.107
2.756
2.546
3.007
2.572
2.664
4.120
2.778
2.209
2.764
2.229
2.670
2.088
2.739
2.179
3.454
2.477
2.388
2.266
2.547
2.017
2.091
2.284
2.331
2.809
2.501
2.881
2.134
2.156
2.121
2.171
2.454
2.415
2.378
2.145
2.582
2.528
2.420
2.276
2.369
2.137
2.616
2.031
2.542
2.563
2.331
2.428
2.233
2.686
2.441
2.743
2.598
2.159
2.205
2.257
2.661
2.338
2.833
2.135
2.146
2.520
2.377
2.510
2.808
2.340
2.375
2.228
2.150
2.756
2.634
2.693
2.610
2.900
2.580
3.179
2.786
2.657
2.521
2.221
2.205
2.045
2.845
2.556
2.272
3.718
2.668
2.945
2.526
2.973
2.108
3.871
2.194
2.363
2.680
2.406
2.619
1.926
2.167
2.597
2.408
2.804
2.437
2.575
2.820
2.140
2.946
3.073
2.316
2.383
2.900
3.428
3.209
2.620
2.117
2.379
2.795
2.194
2.849
2.179
2.301
2.594
2.903
2.553
2.704
2.703
2.350
3.234
3.174
2.918
2.389
2.836
2.314
1.913
3.084
2.495
2.627
2.601
2.612
3.287
3.136
2.914
2.352
2.653
2.444
2.450
3.100
2.837
2.408
3.237
2.269
2.237
2.631
4.156
2.279
7.849
2.218
2.192
2.383
2.335
2.410
2.300
2.412
2.434
2.381
3.286
2.300
7.172
2.555
2.025
2.374
2.202
2.361
5.024
2.111
1.953
2.497
4.257
2.389
2.338
2.488
2.002
2.505
2.316
2.355
2.332
2.427
2.606
2.416
2.732
2.354
2.397
2.310
2.330
2.380
2.344
2.401
2.465
2.096
3.113
2.402
2.585
2.286
2.493
2.173
2.283
2.437
2.498
2.315
2.578
2.414
3.196
2.379
2.981
2.255
2.466
2.283
2.675
2.398
2.836
1.874
2.332
2.893
1.901
2.382
2.554
2.203
2.301
2.251
2.192
6.800
1.956
2.284
2.337
2.098
2.526
2.075
2.410
2.117
2.263
2.204
2.720
7.525
2.408
2.125
2.565
2.591
2.657
2.705
2.325
4.565
2.213
3.064
1.963
2.407
2.263
2.635
2.315
2.317
2.472
6.845
2.010
5.359
3.835
2.120
2.312
7.071
2.569
2.671
6.023
2.204
2.419
7.290
3.339
2.116
2.692
2.478
2.408
2.470
2.161
6.301
5.306
3.079
2.185
6.925
2.934
2.443
2.999
2.260
2.224
6.941
2.031
2.541
3.034
2.133
2.344
2.440
2.399
2.755
3.014
2.226
2.222
2.261
3.190
2.523
3.061
2.141
2.240
2.029
1.996
2.332
2.335
2.971
2.364
2.986
2.067
2.545
2.355
2.884
2.517
2.645
2.432
2.268
2.283
2.450
2.231
2.684
3.083
2.120
2.324
2.250
2.281
2.624
2.514
2.352
2.189
2.378
2.046
2.511
2.375
2.407
2.198
2.289
2.781
2.334
2.516
2.302
2.868
2.202
2.410
2.364
2.330
2.490
2.266
2.307
2.206
2.190
1.898
2.174
2.303
2.774
2.309
1.849
2.822
2.127
2.659
2.279
3.445
2.157
2.289
2.417
2.327
1.855
2.246
2.226
2.285
1.995
1.841
2.360
2.498
2.616
2.186
6.395
2.698
2.203
2.542
2.889
1.907
3.247
2.315
2.340
2.732
1.860
2.163
2.374
2.207
2.439
2.532
2.121
1.868
2.480
1.940
2.195
2.580
2.022
2.499
1.857
2.776
2.820
3.241
2.566
2.022
2.100
1.994
2.465
2.312
2.216
2.252
3.141
4.290
2.250
1.970
3.805
2.125
4.262
2.849
1.853
2.320
3.033
5.889
2.777
1.938
2.780
2.222
3.615
2.435
2.179
2.658
2.762
5.952
2.511
2.026
2.568
2.480
2.939
2.567
4.640
3.281
2.132
2.705
2.490
2.019
2.202
3.842
2.477
2.217
3.077
2.279
2.597
3.511
2.439
2.161
2.759
2.215
2.435
2.813
4.574
2.278
2.588
2.917
2.672
1.942
3.370
2.291
2.451
2.296
2.676
2.069
4.123
2.289
2.933
2.193
2.831
2.623
2.406
2.535
2.424
3.452
4.612
3.065
2.174
2.171
2.712
3.588
3.661
2.370
2.209
2.085
2.893
2.647
2.173
2.428
2.285
2.418
2.583
2.484
2.343
2.128
3.196
3.445
2.487
2.356
2.878
2.841
2.659
2.644
2.340
3.114
2.696
3.366
2.546
2.740
2.845
2.585
2.810
2.514
2.603
4.370
2.600
2.551
2.793
2.832
2.959
2.827
2.404
2.605
2.242
3.022
2.139
2.566
2.684
2.131
2.042
2.930
2.259
2.790
2.234
3.114
2.318
2.603
2.654
2.442
2.831
2.105
3.066
2.709
2.427
3.222
2.678
2.652
2.759
2.016
2.025
2.183
2.668
2.671
1.919
2.307
2.199
3.200
2.560
2.085
2.904
2.605
2.620
2.491
2.192
3.368
2.582
2.914
2.613
2.507
2.152
2.761
2.284
2.403
2.726
2.224
2.268
3.274
2.221
2.458
3.174
2.427
2.783
2.556
2.375
2.040
2.177
4.182
2.470
3.021
3.276
3.000
2.223
2.146
3.024
3.500
2.783
2.116
2.350
2.848
2.841
2.363
2.153
3.105
2.647
3.294
2.050
2.413
2.185
2.336
2.425
2.330
2.129
4.307
2.825
3.695
2.112
3.747
3.839
3.895
2.107
2.381
2.081
3.037
2.493
2.292
3.953
4.511
2.114
2.905
2.459
2.627
2.159
2.647
2.439
3.494
2.207
2.841
2.942
2.545
2.103
3.451
2.111
2.803
2.870
2.325
2.430
2.554
2.241
3.725
2.457
2.579
3.179
3.895
2.408
3.275
2.141
2.266
2.535
2.726
2.209
2.548
2.475
3.524
2.384
3.425
2.382
2.864
2.587
2.387
2.621
2.009
2.622
2.699
2.734
2.487
2.673
3.143
2.716
2.483
2.452
2.514
2.363
3.738
2.270
2.219
2.380
3.241
2.771
2.600
2.685
5.857
3.027
2.302
2.972
2.341
3.019
2.255
2.949
3.715
2.429
2.715
2.400
2.466
2.361
2.143
2.511
2.592
2.166
2.767
2.229
2.396
2.643
2.746
2.445
2.059
2.340
2.470
2.439
2.786
2.405
2.469
2.419
2.162
2.374
2.956
3.145
2.094
3.052
3.602
3.029
4.384
2.134
2.421
2.642
2.285
2.404
2.502
1.864
2.690
1.864
4.601
1.879
3.154
4.387
2.240
3.434
2.214
4.547
2.252
2.617
2.567
3.184
2.279
2.657
2.987
7.213
2.386
2.827
3.805
2.529
2.926
2.060
2.513
2.826
2.731
2.723
3.379
2.173
2.443
3.675
4.322
2.052
4.304
2.197
4.258
2.858
2.524
3.325
1.922
