10.371
10.616
7.716
10.208
10.507
10.495
10.515
10.826
10.240
10.660
6.790
10.533
10.470
9.833
9.795
10.386
9.871
10.230
9.951
9.998
10.334
10.596
10.360
10.450
10.236
10.772
10.365
10.091
10.353
10.763
10.434
10.780
10.405
9.924
9.925
10.420
10.699
10.033
10.213
10.303
10.589
10.460
10.444
10.695
10.466
10.121
10.482
10.352
10.553
10.273
10.385
9.402
10.238
10.251
10.417
9.800
10.595
10.021
9.802
10.062
10.063
9.989
10.341
10.020
9.602
10.401
10.554
10.261
10.452
5.062
10.480
10.420
10.325
10.377
10.480
10.377
10.479
10.554
10.604
10.405
10.552
9.494
10.436
9.920
9.644
9.884
10.189
5.396
10.554
9.733
10.544
10.332
10.423
10.269
10.090
10.250
10.516
10.329
10.331
10.294
10.420
10.119
10.229
10.270
10.514
10.490
10.058
10.480
10.336
10.649
10.059
10.158
10.525
10.445
10.097
10.337
10.608
10.401
10.376
10.435
10.044
10.283
10.122
10.364
10.643
10.372
10.170
10.529
10.371
10.116
10.406
10.603
10.218
10.173
10.526
10.357
10.097
10.394
10.018
10.523
10.266
10.164
10.375
10.562
10.712
10.251
8.398
10.363
10.289
9.683
10.241
10.068
10.425
10.104
10.400
10.014
9.407
10.461
10.595
10.073
9.443
10.189
10.430
10.375
10.809
9.837
10.422
10.508
10.413
9.208
10.133
10.186
9.629
10.439
10.413
10.086
9.925
10.065
10.510
10.083
10.408
10.448
10.381
9.876
9.664
10.392
10.388
10.284
10.104
10.079
10.483
9.825
10.131
10.390
10.503
9.875
9.990
10.474
10.465
10.278
10.269
10.407
10.140
10.425
10.676
10.312
9.447
10.396
10.275
10.418
10.445
10.264
10.178
10.175
9.476
10.585
10.157
10.513
8.940
10.315
9.805
10.494
10.470
10.026
10.152
8.995
10.365
10.370
10.474
9.202
10.623
10.416
10.321
10.477
9.848
9.836
10.432
10.231
10.160
10.134
9.419
10.314
10.204
10.005
10.094
10.582
10.387
10.368
10.514
9.901
10.296
10.278
10.226
9.880
9.912
10.140
10.635
10.512
10.449
10.157
10.185
10.525
9.745
10.133
10.256
10.106
10.189
10.143
10.498
10.179
9.653
10.608
10.449
10.322
10.207
10.057
10.424
9.874
9.699
10.455
9.388
10.248
10.189
9.919
10.395
10.688
10.286
10.422
9.191
10.349
10.467
10.326
10.270
10.417
10.457
10.236
10.110
10.376
10.452
10.612
10.361
10.645
10.448
10.481
10.142
10.304
10.331
10.283
10.258
10.337
10.467
9.704
10.207
10.350
10.113
10.373
10.426
9.937
10.290
10.315
10.373
10.401
10.316
10.400
10.264
10.730
10.480
10.269
10.246
10.268
10.393
10.447
10.223
10.217
10.210
10.569
10.254
10.485
10.544
10.319
10.368
10.605
10.004
10.504
9.728
10.320
10.514
10.399
9.818
10.448
10.610
10.396
10.276
9.446
10.025
10.313
10.405
10.020
10.289
10.434
10.232
10.162
10.476
9.652
10.300
8.242
10.120
10.502
10.536
9.798
10.415
10.883
9.724
10.383
10.261
10.207
9.462
10.388
9.274
10.062
10.209
10.045
9.805
10.607
10.194
10.313
10.407
10.005
10.380
10.414
10.282
10.283
10.395
10.139
10.521
10.190
10.208
10.518
10.528
9.844
10.427
10.139
10.257
10.323
10.578
10.395
9.622
10.518
10.255
10.490
10.165
10.443
10.591
9.968
9.626
10.431
10.471
10.245
10.488
10.421
10.131
10.499
10.462
10.337
10.418
10.500
9.871
10.398
10.451
10.213
10.137
10.512
10.108
10.264
10.413
9.481
10.276
10.872
10.202
10.059
10.373
9.890
10.517
10.327
9.726
10.486
10.500
10.178
10.317
8.985
9.514
9.930
10.118
10.139
9.654
10.402
9.979
9.827
10.503
9.957
10.657
8.002
10.292
9.073
10.373
9.800
10.267
10.883
10.287
9.676
10.486
9.829
10.517
10.040
10.160
9.464
10.327
10.219
10.190
10.607
9.941
10.034
10.608
10.459
10.450
10.243
9.587
10.286
10.362
10.064
10.567
10.192
10.506
10.335
10.397
10.470
9.998
10.144
9.709
10.520
10.610
10.231
10.341
10.077
8.994
10.235
10.221
10.280
10.329
10.264
10.665
10.273
10.296
10.534
9.550
10.369
10.250
9.801
10.656
10.372
10.048
10.133
9.941
10.152
10.291
9.487
10.230
10.192
9.873
10.373
10.492
10.653
10.297
10.122
10.316
10.065
10.554
10.516
9.969
10.320
9.608
10.284
10.042
10.424
10.202
10.146
9.833
10.378
10.413
10.361
10.427
10.063
9.787
10.246
10.402
10.311
10.161
10.394
9.823
9.749
10.466
10.529
10.164
10.426
9.834
10.273
10.179
10.277
10.017
10.078
9.534
10.238
9.926
9.659
9.910
10.441
10.163
10.309
10.611
10.287
9.834
10.392
10.553
10.079
10.263
10.101
10.261
10.066
10.525
10.038
9.763
10.477
9.853
10.358
10.067
10.457
10.453
10.176
9.659
10.300
10.242
10.459
10.237
9.792
10.142
10.120
10.314
10.214
10.396
10.619
10.388
10.485
10.254
10.537
10.112
10.418
10.386
10.301
10.265
10.234
10.313
10.416
9.811
10.404
10.193
10.197
10.439
10.223
9.149
10.138
10.407
10.200
10.486
10.686
10.625
10.492
10.214
10.118
10.547
10.185
10.528
10.200
9.865
10.480
10.255
10.358
10.459
10.151
10.092
10.373
10.152
10.401
10.202
10.262
10.812
10.537
10.017
10.573
10.550
9.886
10.260
10.088
9.989
10.185
10.007
10.240
10.014
5.175
10.315
10.689
10.243
10.372
8.675
9.481
10.731
10.685
10.423
10.074
10.637
9.867
10.487
9.999
9.474
10.295
10.138
10.775
10.068
5.494
10.513
10.705
10.280
10.085
8.199
10.194
9.848
10.382
10.185
9.786
10.403
9.511
9.989
10.225
10.498
10.127
9.411
10.378
10.632
10.068
10.346
10.010
10.503
10.232
10.099
10.349
9.795
10.343
10.288
10.603
10.298
9.515
9.775
10.504
10.430
10.500
9.344
9.582
10.273
10.050
10.237
9.928
9.964
10.443
9.640
10.419
10.334
9.233
10.247
10.268
9.383
10.457
10.085
10.305
10.261
10.666
10.317
9.914
10.295
10.306
10.509
10.172
10.254
10.418
10.467
9.797
10.457
10.284
10.185
10.457
10.176
10.320
9.451
9.814
10.401
10.252
10.354
10.258
9.896
9.999
10.447
10.629
10.356
10.039
10.329
10.146
10.405
9.598
10.150
10.129
10.499
10.087
10.553
9.346
10.453
10.242
10.188
10.095
10.332
10.062
10.428
10.309
9.686
9.999
10.542
10.806
9.750
10.239
10.628
10.303
10.311
10.074
10.399
10.530
10.110
10.322
10.517
9.924
10.022
9.943
10.499
10.321
10.168
9.690
10.437
10.403
10.433
10.048
10.265
9.428
10.423
10.592
10.282
10.368
9.887
10.310
10.255
7.955
10.263
10.200
10.190
10.145
10.245
7.961
10.548
10.427
10.225
10.078
10.184
9.330
10.057
10.521
10.553
10.343
10.437
9.881
9.909
10.690
10.299
10.474
9.927
8.083
10.626
10.389
9.980
10.039
10.050
8.660
10.164
10.370
10.265
10.105
10.568
10.091
10.332
10.471
10.420
9.012
10.340
7.953
10.493
10.314
10.111
9.645
10.337
10.746
10.180
10.291
10.099
9.211
10.493
9.770
10.337
10.399
10.341
10.442
10.340
9.960
9.600
10.477
10.243
10.633
10.298
10.685
10.372
10.436
10.028
10.518
10.329
10.740
10.231
10.380
10.183
10.402
10.470
9.784
10.194
10.131
10.390
10.475
10.433
9.960
10.490
10.107
10.177
10.317
10.455
10.678
9.792
10.324
10.262
10.151
10.225
10.137
10.432
10.370
10.087
10.547
10.149
10.192
10.453
10.132
9.974
10.388
10.378
10.379
10.422
10.137
10.125
10.633
10.421
10.278
10.676
10.417
10.044
10.351
10.281
10.159
10.066
10.080
10.658
10.065
10.290
10.020
10.088
10.449
10.452
10.470
10.368
10.083
10.310
10.734
10.423
10.543
10.328
10.029
10.214
10.240
10.110
9.802
10.019
10.094
10.191
10.363
10.192
10.095
10.415
10.160
10.180
10.455
10.408
10.702
9.894
10.280
9.562
10.025
10.341
10.491
9.859
10.355
10.555
10.852
10.105
10.582
10.230
10.493
10.668
10.337
10.165
10.251
9.881
10.195
7.154
10.476
10.417
9.586
10.126
10.535
10.373
10.479
10.402
9.371
10.288
10.388
10.269
10.346
10.352
10.476
9.937
8.624
10.322
10.139
10.288
10.574
10.310
10.368
10.303
10.312
10.231
10.374
10.252
10.514
10.312
10.477
10.277
10.334
10.463
10.564
10.146
10.408
10.516
10.417
10.305
10.431
9.222
10.366
10.390
10.262
10.328
10.263
9.985
9.261
10.341
10.283
10.389
10.243
9.641
10.181
10.084
10.229
10.543
10.279
10.334
10.413
9.697
10.442
9.335
10.287
10.096
10.252
10.228
9.621
10.406
10.010
10.266
10.430
10.183
10.318
9.816
10.447
10.540
9.990
10.346
10.173
10.491
10.368
10.531
10.342
10.068
10.401
10.506
9.864
10.305
10.387
10.394
10.412
10.582
9.743
10.094
9.641
10.434
10.576
10.396
9.835
10.320
9.665
10.375
10.410
10.655
9.032
9.940
9.383
10.397
10.089
10.612
9.959
10.316
10.360
10.228
10.206
10.394
8.573
10.222
10.260
9.719
10.264
10.132
10.585
10.420
9.979
10.097
10.201
10.485
9.829
9.895
10.400
10.473
10.317
10.581
10.344
10.283
10.430
10.362
9.917
10.342
10.141
10.347
10.484
10.404
10.354
9.080
10.312
10.393
10.500
10.374
6.692
9.882
10.309
10.307
10.421
10.227
10.379
10.499
9.780
10.453
10.309
10.352
10.389
10.341
10.420
9.916
10.441
10.301
10.327
10.620
9.712
10.373
10.343
10.496
9.389
10.363
9.781
9.866
10.502
9.929
10.386
10.500
9.612
10.084
9.693
10.413
10.373
9.951
10.441
10.039
10.508
10.451
10.521
10.512
10.621
10.357
9.913
10.359
10.007
10.394
10.342
9.968
10.434
10.473
9.957
10.263
9.908
10.372
10.609
9.757
9.662
10.383
10.395
10.532
10.292
10.405
10.212
10.294
10.489
10.185
9.912
10.410
10.308
9.607
10.409
10.397
9.966
9.443
10.686
10.267
10.531
10.362
10.522
10.038
10.341
10.307
10.275
10.466
10.469
10.341
10.489
10.122
10.519
10.381
10.379
10.850
9.496
10.196
10.323
10.412
10.250
9.904
10.457
9.966
10.441
10.817
10.152
10.707
9.918
10.367
10.483
9.991
10.595
10.208
10.400
10.493
10.083
9.851
10.367
10.231
10.013
10.722
10.444
10.194
10.269
10.428
10.618
10.665
10.100
10.345
9.939
8.881
9.502
10.112
10.153
10.276
10.242
10.453
10.399
10.425
10.514
8.761
10.559
10.701
10.257
9.979
9.720
10.730
10.326
10.508
10.633
9.795
10.795
10.344
10.367
10.232
10.664
10.009
10.178
10.378
10.547
9.734
10.204
10.397
10.415
10.540
10.226
10.061
10.195
10.316
10.218
10.376
10.188
10.321
10.302
10.558
10.323
9.093
10.380
10.339
9.743
10.286
10.370
10.314
9.626
9.304
9.819
10.314
9.839
10.477
10.399
10.465
9.833
9.419
9.936
10.316
10.369
9.616
9.363
10.277
9.096
9.701
10.492
10.534
9.402
10.339
9.210
8.523
10.367
9.226
9.862
10.469
10.190
8.762
10.288
10.443
10.092
10.312
8.399
9.598
10.222
6.859
10.263
10.210
10.290
9.267
10.445
10.258
10.236
9.430
9.840
9.453
10.465
10.416
10.193
10.362
10.227
9.597
10.344
9.763
9.738
10.268
10.110
9.764
10.503
7.786
9.260
10.348
9.866
10.320
9.816
10.145
10.268
10.245
9.920
10.410
9.704
10.365
10.160
10.447
10.254
10.417
10.343
10.451
10.364
10.370
10.391
10.472
9.437
10.414
10.465
10.461
10.216
10.515
9.936
10.511
9.706
10.361
10.356
10.395
10.306
10.346
10.272
10.288
10.344
10.544
10.369
10.309
10.175
10.394
10.486
10.279
10.344
10.224
10.312
10.542
10.297
10.252
10.278
10.501
10.549
10.365
10.420
10.299
10.378
10.440
10.249
10.325
10.034
9.872
10.455
10.389
10.343
10.551
10.171
10.440
10.341
10.454
10.459
10.643
10.341
10.494
10.409
10.440
10.422
10.441
10.180
10.299
10.444
10.376
10.361
10.451
10.547
10.522
10.464
10.525
10.434
10.371
10.306
10.377
10.462
10.487
10.283
10.718
10.344
10.428
10.351
10.647
10.463
10.246
10.568
10.189
10.324
10.593
10.267
10.181
10.520
10.431
10.392
10.334
10.265
10.426
10.174
9.812
10.007
10.503
10.348
9.889
9.890
10.376
10.529
10.327
9.621
9.959
10.668
10.738
9.671
9.941
10.670
10.729
10.377
10.118
10.047
10.280
10.383
10.141
10.053
10.370
10.748
10.838
10.475
10.305
9.907
10.430
10.103
10.781
10.460
10.166
10.150
10.367
10.274
10.122
10.218
10.438
10.391
10.337
10.509
10.371
10.544
10.421
10.431
10.439
10.094
10.049
9.891
10.246
10.294
10.546
10.144
10.212
9.941
9.930
10.141
9.809
4.271
4.738
4.755
4.853
4.411
4.207
4.750
4.783
4.829
4.419
4.073
5.145
4.835
4.770
4.724
4.117
4.876
4.821
4.792
4.811
4.544
4.771
4.770
4.778
4.120
4.660
4.771
4.805
4.697
4.161
10.341
10.602
10.242
10.434
10.149
9.955
10.030
9.864
