2.9877
2.9417
2.8563
2.9597
2.8248
3.0438
2.9230
2.9359
2.8856
2.9600
2.8748
3.2493
2.9784
2.8935
2.8829
3.0791
2.7562
2.7400
3.0558
2.9065
2.8809
2.9563
3.1243
2.9098
2.9342
2.9393
3.0130
2.9528
3.0416
3.0948
2.9521
2.9471
3.0013
2.9535
3.0420
2.8459
2.9102
2.9107
2.9627
3.0070
2.9246
3.0127
2.9553
2.9113
2.9166
2.9180
3.1704
3.0615
3.0255
3.0006
3.1123
2.9850
3.0472
2.8993
2.9168
2.8596
2.9326
2.9492
2.9213
2.7514
2.9146
3.1817
2.9048
2.9376
3.1546
3.1525
2.9078
2.9193
2.8761
2.9810
3.0534
3.1492
2.9329
2.9255
2.8356
2.9205
3.0493
3.2758
3.0589
3.0542
2.9361
3.0407
3.0070
3.2959
3.0333
2.9600
2.9679
2.9329
2.9340
3.1301
2.9356
2.8290
3.0028
2.9906
2.9249
3.1544
2.9169
3.0370
2.9812
2.9747
3.0351
2.8217
2.9531
2.8839
2.9746
2.9715
3.0217
3.2845
3.0578
2.9662
3.0080
2.9317
2.9017
2.9379
2.9302
2.9493
2.8994
2.9334
2.8624
3.0320
2.9120
2.8418
2.9106
2.9541
2.9862
2.9110
2.9211
2.9379
2.8885
3.0214
2.9719
2.9251
2.9771
2.8612
3.1420
2.6379
2.9237
2.9008
2.9222
2.7927
2.9266
3.2498
2.9982
3.2285
3.0152
2.8971
2.9362
3.1382
3.0781
3.0838
2.9248
2.8649
2.9263
2.9236
3.0100
3.0546
2.9071
2.9238
2.8930
3.1398
2.9412
2.9811
3.0556
2.9269
2.9225
3.0766
2.9245
3.0322
2.9172
2.9160
2.8915
3.2457
3.0084
2.9188
2.9986
2.9040
2.8937
2.9430
3.0564
2.9242
2.9515
2.9412
2.9059
2.9963
3.0042
2.9610
2.9474
2.9742
2.9060
2.9301
3.0016
2.9498
3.0182
2.9690
2.9381
2.9242
2.9103
2.9740
3.1364
2.9209
2.8854
2.9855
2.9207
2.9608
3.1444
2.9195
2.9280
2.9243
2.8927
2.9929
2.8979
2.8974
2.9170
2.9580
2.9114
2.9844
2.9564
2.9382
3.0732
2.9604
2.9481
3.0097
3.0195
2.9500
2.9507
2.9604
2.9147
2.9381
3.2076
2.9591
2.8958
2.9155
2.9087
2.9768
3.0341
2.9491
2.9185
2.9766
2.8971
2.9935
3.0060
2.9110
2.9231
2.9868
2.9426
2.9935
2.9063
2.9027
2.8367
2.9532
2.8829
3.0001
2.8939
2.8861
2.9149
2.9314
2.9382
2.9631
3.0141
2.9410
2.8798
2.9374
2.9283
2.9556
3.0988
2.9462
2.9151
2.9983
2.9210
2.9642
2.8944
2.9666
2.8915
2.9608
2.9088
2.9660
2.9746
2.9750
3.0123
2.8963
2.9455
3.0156
3.0074
3.0112
2.8691
2.9210
2.9391
2.9904
2.8777
2.9582
2.9077
2.9632
2.9386
2.9507
2.9253
2.9421
2.9917
2.8896
2.9156
2.9803
3.0178
2.9327
2.8571
2.9168
2.9335
3.0057
2.9382
2.9004
2.8758
2.9439
2.9536
2.9870
2.9939
2.9199
2.8963
3.0747
2.9376
3.0164
2.9249
2.9269
3.1021
2.9321
2.9606
2.9932
2.9378
2.9411
2.9567
2.9327
2.9189
2.9553
2.9943
2.9696
3.0112
2.9655
2.9013
3.0150
2.8642
2.9258
3.2009
2.9400
2.9295
2.9520
3.0776
2.9196
3.0477
2.9235
3.0005
2.9953
2.9471
2.9202
2.8990
2.9505
2.9518
2.9786
2.9342
2.9504
2.9138
2.9765
2.9427
2.9513
2.9590
2.9109
2.8532
2.9458
2.9107
2.9916
3.3149
3.0215
2.8848
2.9013
2.9037
3.0114
3.0882
2.9718
2.8569
2.8858
2.9876
2.9988
2.9179
2.9606
2.8899
2.9538
2.9340
2.9279
2.8754
2.9277
2.9011
2.9020
2.9433
3.0049
2.8705
2.9846
2.9720
2.8792
2.9776
3.0207
2.9941
2.9149
2.9421
2.9454
2.9744
3.0107
3.0184
2.9104
2.9604
2.9400
3.0171
2.9516
2.8909
2.9074
3.0225
2.9011
2.9461
2.9345
2.9944
2.9296
2.9664
2.8747
3.0390
2.9720
2.9609
2.9295
3.0599
3.0756
3.0282
3.0070
3.0927
2.9344
2.8963
3.0655
2.9593
3.0129
3.0277
2.9279
2.9205
2.9658
2.9212
2.9582
2.9392
2.9352
2.9204
2.9928
2.9531
2.9361
3.0038
2.9204
3.0133
2.9793
2.9710
2.9747
2.8226
2.9412
2.9063
2.9367
3.0114
2.9553
2.9365
2.9131
3.0583
2.9344
2.9696
3.0281
3.0299
2.9292
2.9022
2.9285
2.9182
2.9961
2.9907
2.9901
2.8804
2.9227
2.9057
2.9362
2.9240
2.9440
2.9410
2.9236
2.9171
2.9654
3.0202
2.9653
2.9407
2.9282
2.9136
3.0087
2.9151
2.9293
2.9177
2.9136
2.8960
3.0148
2.9052
3.0306
2.9020
2.9343
2.9112
2.9262
3.1745
3.0202
2.8806
2.9297
2.8953
2.9627
2.9390
2.8440
3.0464
2.9233
2.9043
3.0331
2.9067
2.8058
2.8866
2.9280
2.9261
3.0415
2.9374
2.8520
2.9163
2.9388
2.9129
2.9847
3.0449
2.8068
2.8768
3.0110
2.9251
2.9958
2.8150
2.6993
2.9486
2.9464
2.9053
2.9434
3.1584
2.7101
2.9630
2.9173
2.8903
2.9577
2.8837
2.7019
2.8815
2.9482
2.9130
2.9518
2.9485
2.7045
2.9113
2.9397
2.8715
3.0400
2.9704
2.8625
2.8542
2.9417
3.1507
2.9616
2.8862
2.8222
2.8990
2.9813
3.1818
2.9383
2.9900
2.8656
2.8871
2.9688
3.0616
2.9486
2.9668
2.8231
2.9522
2.9694
3.2388
3.1234
3.2967
2.9031
2.8564
2.9587
2.9346
2.9919
2.9879
3.0195
2.9160
2.9461
2.9616
2.9645
2.9246
3.0066
2.9721
2.9718
2.9497
2.9887
2.9315
3.0539
2.9077
2.9365
2.9538
3.0255
2.9084
2.9320
2.9216
2.9558
2.9420
3.0196
2.9915
2.9150
2.9156
2.9658
2.9095
2.9770
2.8746
2.9747
2.9001
2.9729
2.9530
3.0459
2.9794
2.9298
2.8988
3.0202
2.9372
2.9150
3.2088
2.9365
2.9036
2.9321
2.9782
3.0013
2.9349
2.9495
2.8806
2.9522
2.9684
3.0269
2.9322
2.9397
2.9010
3.0591
2.9875
3.0232
3.0065
2.9484
2.9100
3.0499
2.9537
2.9483
2.8847
2.9266
2.9653
2.7466
3.0338
2.9318
3.1036
2.9438
3.0221
2.8088
3.0315
2.9904
2.9772
2.9734
2.9953
2.7790
3.0826
3.0323
2.9269
2.9085
2.9834
2.8769
2.8820
2.9656
2.9686
2.8878
2.8721
2.9965
3.0705
2.9703
2.8340
2.8860
2.9297
2.9373
2.8811
2.9309
2.9681
2.8624
2.8839
2.9307
2.8829
3.0162
2.9629
2.9429
2.9986
2.9794
2.8313
3.0311
2.9334
2.9154
3.0114
2.8957
2.8818
3.0302
2.9313
2.8904
2.9256
2.9705
2.8330
3.0286
3.0465
2.8720
3.1204
3.0450
2.8724
2.9434
2.9377
2.9630
2.9639
3.0280
2.8197
2.9441
2.9858
2.9841
2.9097
2.9822
2.8752
2.9507
2.9881
3.0150
2.8863
3.0512
2.8315
3.0083
3.0403
3.1628
2.9241
2.9574
2.9811
2.9247
2.9000
2.8867
2.9626
3.0071
3.0139
2.9263
2.8844
2.9419
2.9420
2.9464
2.9315
2.9126
2.9755
2.9620
2.9852
2.9331
2.9842
2.9426
2.9987
2.9086
3.0015
3.1053
2.9620
2.9221
2.9749
3.0309
2.8689
2.9475
2.9361
2.9424
2.8977
2.9407
2.9577
2.9418
2.9278
2.9703
2.9692
3.0154
2.9596
3.1181
3.8005
2.9196
3.0414
2.9369
2.9236
3.0792
2.9533
2.9711
2.9622
2.9835
2.6722
2.8769
2.9372
2.9580
2.9294
3.7803
2.9681
2.9466
3.0132
2.9804
3.1313
3.1123
2.9293
2.9680
3.2264
2.6616
2.9180
2.9501
3.0007
2.9662
3.2079
2.9289
2.9353
2.9281
3.1083
3.2806
2.9814
2.9192
2.9816
2.8401
2.9586
2.8979
3.1261
2.9935
3.1882
2.9956
2.9313
3.2322
2.9298
3.0581
2.9278
2.8843
2.8989
2.9388
3.0813
2.9720
3.0304
2.9143
2.9207
2.8000
2.9423
2.9089
2.9237
2.9367
3.0115
2.8568
2.8634
3.0277
2.9395
3.0907
3.0132
2.9467
2.8396
2.9248
2.9130
2.9649
2.8569
3.0169
3.0111
3.0949
2.9330
2.9265
2.8243
2.9305
2.9529
2.9455
2.8973
2.8544
2.9215
3.1261
2.8724
2.9365
2.8904
2.9457
2.9046
3.0395
2.9453
2.9018
3.0302
3.1228
2.9175
2.8914
2.8269
2.9281
2.9506
2.8776
2.8780
3.0806
2.9465
2.9767
2.9053
2.8482
2.9215
3.0109
2.9562
2.8625
2.8848
2.9816
2.9760
2.9824
3.0099
2.8616
2.9280
3.0232
2.9683
2.9217
3.0083
3.1002
2.9832
2.9457
2.8872
2.8834
2.8683
2.9790
2.9518
2.9035
2.8859
2.8434
2.9412
2.9398
2.9351
2.9427
2.8916
2.9216
2.9215
2.9284
2.8767
2.8705
2.9798
2.9260
2.9714
2.8774
2.8678
2.9091
2.9263
2.8972
2.9124
2.9114
2.9423
3.0002
2.9176
2.9615
2.8847
2.9393
3.0787
2.8826
2.8470
2.9583
2.9036
3.0691
2.8762
2.9110
2.9817
2.9340
2.9928
2.9009
2.9742
2.9802
2.9372
3.0599
2.8883
2.8809
2.9541
2.9318
3.1006
2.9764
3.0519
2.9633
2.9199
3.0815
2.8755
3.0241
2.8813
2.9615
3.0583
2.9231
2.9331
2.8734
2.9643
3.0236
2.8696
2.8820
2.9107
2.9609
2.9436
2.9478
2.8902
2.9564
2.9249
2.9197
3.0127
2.9586
2.8615
3.0330
2.9754
2.9072
2.8971
2.8952
2.9302
2.9761
2.8968
2.9325
2.9032
2.9528
2.8975
2.8797
2.9282
3.0239
2.9057
2.8826
2.8805
2.9420
2.9063
3.0174
2.8846
2.9314
2.8999
2.9690
2.9270
2.9582
2.9382
3.0711
2.8859
2.9737
2.9061
2.9868
2.9106
2.9488
2.9579
2.9717
2.8718
2.9354
2.9083
2.8551
2.9266
2.8958
2.8823
2.9507
2.9225
2.9730
2.9894
2.8840
2.9293
2.9130
2.9033
2.8971
2.8595
2.9576
2.8724
2.9158
2.8599
2.9224
2.9078
3.0057
2.8849
2.9499
2.9074
2.9501
2.8398
2.9104
2.8814
2.8826
2.8801
2.9686
2.9342
2.8887
2.8803
2.9780
2.8768
2.8981
2.9533
2.8956
2.8671
2.9783
2.8652
2.8810
2.9881
2.9460
2.9679
2.9157
2.8920
2.8986
2.9879
2.9773
2.8620
2.9697
2.8741
2.9780
2.8637
2.9346
2.8969
2.9899
2.9414
2.9357
2.9553
2.9457
2.9080
2.9296
2.8938
2.9292
2.9041
2.9365
2.9636
2.9671
2.9552
2.9829
2.8680
2.9360
2.9098
2.9585
2.8965
2.9806
2.9844
2.9611
2.9128
2.8326
2.9197
2.8871
3.1190
2.8306
2.9413
2.8911
2.8236
2.9465
2.9025
2.9759
2.8843
2.9512
3.0597
2.9367
2.8940
2.9879
2.8758
2.9980
2.9468
3.1261
2.8545
2.8875
3.1016
2.9436
2.9064
2.9445
2.8778
2.9310
2.9426
2.9524
3.0775
3.0120
2.9289
2.9805
2.9806
2.9873
2.8926
2.9793
2.8050
2.9977
2.9165
3.1698
2.9258
3.0995
2.9540
3.2616
3.0429
3.2117
2.8126
3.1597
2.9950
2.8929
2.8244
2.9353
2.8487
3.0550
2.8384
3.0997
2.8847
2.9471
2.8767
2.9445
2.9050
2.9837
2.8440
2.9588
2.8679
2.9935
2.9105
2.9001
3.0915
2.9444
2.8945
2.9451
2.8735
2.8435
3.0136
2.8941
2.8539
2.8321
2.9150
2.8334
3.0269
2.8648
2.8526
2.9783
2.8143
3.0889
