3.6566
3.6348
3.6130
2.9433
3.5987
3.3775
3.1055
3.6678
4.0736
3.8658
3.2328
3.3915
7.0439
3.4340
3.6946
3.7708
6.9649
3.3918
3.8796
6.6189
3.7886
5.9622
6.4371
3.4404
3.4138
3.2950
8.1216
3.5698
3.6888
3.5549
5.3348
3.5988
3.9283
7.0467
3.4680
3.3356
6.6575
3.3249
3.4078
3.4870
3.5546
3.2771
3.4358
3.6801
3.3100
3.4499
3.7374
3.4997
3.8759
3.4475
7.5583
6.9560
4.1746
4.8272
3.9647
4.7091
4.0129
3.1676
3.2753
3.4311
4.2478
3.7427
3.5050
7.5826
3.6151
3.3014
3.9546
3.5938
4.2289
3.7412
3.6456
3.4826
3.4064
3.8776
3.7363
3.4646
3.3456
3.6859
3.3996
3.3734
3.2807
3.6573
3.6872
3.1206
3.5843
3.6165
3.9877
3.9004
3.4269
3.9251
3.8145
3.2519
3.3569
3.4234
3.5606
3.5185
3.1421
3.4658
3.7050
3.8238
3.4452
3.4605
3.6926
3.6181
4.2250
3.3849
3.5302
3.4019
3.3948
3.6178
13.1225
3.5583
3.6933
3.9064
3.1938
3.8574
3.7411
4.3764
3.3368
3.2949
3.7898
3.6716
3.4693
3.4082
3.4019
3.4481
3.6897
3.2215
3.5016
4.3367
3.6582
3.6310
3.3849
3.3309
3.7618
3.6535
3.5423
3.4874
3.8756
3.4025
3.5928
3.5152
3.4165
3.6625
3.8502
3.5025
3.3184
3.6131
3.8081
8.5844
3.3066
3.8844
3.5034
3.4479
3.7653
3.4106
3.5574
3.8372
3.0929
3.6863
3.3604
3.7314
3.2385
4.4276
3.7459
3.8173
3.5687
3.5579
3.4488
3.3016
4.3397
3.6711
2.9869
3.5826
3.9458
3.3794
3.3787
3.6796
3.6407
3.1333
3.4993
3.9492
3.8589
3.5183
3.6022
3.1794
3.5629
3.7503
3.3342
3.4454
3.4209
3.9519
3.6623
3.5443
3.6944
3.5159
4.4510
3.3407
3.2787
3.2869
3.7248
3.3110
3.4995
3.4806
3.5572
3.9085
3.4524
3.4644
3.6150
3.2572
3.6389
3.5973
3.7621
3.3289
3.4196
3.2719
3.6702
3.6812
3.6383
3.7691
3.5307
3.5842
3.5953
3.6576
3.5630
3.5693
3.9254
3.6375
3.5155
3.5326
3.4266
3.6922
3.4001
3.4273
3.6984
3.6386
3.6538
3.7367
3.7623
3.3524
3.7253
3.6040
3.4505
3.6245
3.2985
3.3539
3.2422
3.4020
3.4628
3.8035
3.6417
3.7673
3.7076
3.2192
3.3575
12.8360
3.7138
3.3706
3.6612
3.6199
3.3300
3.8350
3.7441
3.2037
3.2775
3.2217
4.0786
3.5982
4.0240
3.6111
3.3548
3.7431
3.4561
3.2868
3.8506
3.4803
3.2395
3.2789
3.6242
3.3549
3.5143
3.8356
3.7084
3.3477
3.6753
3.4188
3.3845
3.6222
3.9282
3.7014
4.0622
3.7420
3.9427
3.2448
3.6662
3.8895
3.6232
3.5788
3.5968
3.6126
5.9162
3.2883
6.8429
5.9159
6.7355
3.7694
3.6333
7.3331
2.7996
3.6195
8.9775
5.9752
3.3502
6.4707
6.9707
8.0756
3.3411
3.5046
5.8659
3.3726
3.5148
4.0483
3.5228
3.7552
3.6180
3.6837
3.9969
3.8287
3.7111
3.6819
3.8878
3.6714
3.6234
3.4099
3.6939
3.4667
3.6750
3.5332
3.5445
3.3877
3.8145
3.7154
3.7071
3.3222
3.2882
3.7696
3.8339
3.3390
3.3349
3.6693
3.6195
7.5412
3.2942
3.9645
7.0537
3.2893
3.4401
3.7681
3.6896
3.2935
3.6037
3.3663
3.3953
3.3682
3.8589
3.2122
3.2414
4.0830
3.5568
3.1943
3.3933
3.3683
3.7176
3.2373
3.4158
4.2925
4.0208
3.4787
3.1957
3.3213
3.8324
3.9737
3.1800
3.1021
3.3038
3.3595
3.8297
12.8541
3.8359
3.4630
3.7434
3.7476
3.5717
3.7693
3.6303
3.6957
3.4716
3.7015
3.2051
3.5833
3.3754
3.6210
3.6853
3.2335
3.4904
3.6736
3.9114
3.3753
3.6907
4.0053
3.2816
3.5961
3.4315
3.2598
3.7963
3.4077
3.8328
3.3961
3.6464
3.2954
3.7345
3.2431
3.3261
3.8938
3.3833
3.5884
3.3148
3.6077
12.7645
3.3984
3.4723
4.0831
3.5654
3.5502
3.2497
3.2203
3.6571
3.2998
3.2730
3.7269
4.1985
3.2064
3.8878
3.2307
3.3168
3.7518
3.4470
3.2721
3.7657
3.2072
3.5052
3.2800
3.5270
3.4085
3.4651
3.7257
3.8259
4.2551
3.0616
3.7737
3.8312
3.9579
3.2506
3.0941
3.7564
3.5278
3.8946
3.5809
3.8107
3.5072
3.9095
3.2070
3.5816
3.5708
3.4293
3.7246
3.5180
3.7310
3.7362
3.2476
3.3596
3.5883
3.1392
3.2763
3.8314
3.3249
3.2759
3.5538
3.3451
3.4092
3.5832
12.7960
3.7276
3.2896
3.7954
3.3640
3.6000
3.3574
3.7609
3.5336
3.6679
3.4449
3.6990
3.5345
3.7223
3.3501
3.6618
3.4217
3.4079
3.1733
4.1406
3.3681
3.6466
3.4308
3.7314
3.4225
3.2591
3.3189
3.2928
5.6345
2.9858
3.0808
3.4507
3.0246
3.4175
3.1678
3.5540
3.2914
3.7463
3.3550
3.3345
2.9682
3.3041
3.7704
9.7563
3.2500
3.3356
3.2164
3.7537
3.2655
3.4091
3.5374
12.7882
3.4068
3.3409
3.0951
3.1975
4.4398
3.2929
3.6135
3.2644
3.2378
3.2526
3.4369
4.1938
