1.9678
1.9885
1.9823
2.0296
1.9735
3.4427
1.9680
1.9618
2.0044
1.9717
1.9677
4.2487
1.9645
1.9623
3.6612
1.9710
1.9647
1.9641
1.9555
1.9763
2.0090
2.1126
1.9658
2.0026
1.9851
2.3164
1.9666
1.9664
1.9788
2.0241
2.6655
1.9643
1.9808
2.0578
5.0319
1.9627
1.9691
1.9662
2.0013
2.6381
1.9652
1.9649
1.9733
1.9671
2.0029
2.9852
1.9629
1.9681
1.9660
1.9663
1.9721
1.9617
2.0173
1.9773
2.0201
14.6103
17.0926
19.5720
41.3143
1.9944
1.9762
1.9729
1.9854
1.9735
1.9647
1.9687
1.9703
1.9662
1.9669
1.9737
2.6017
3.3212
1.9739
1.9668
1.9687
2.9534
2.0023
1.9689
1.9648
2.2018
1.9677
1.9625
1.9740
1.9738
1.9667
1.9655
1.9779
1.9680
1.9611
1.9660
1.9577
1.9684
1.9660
1.9728
1.9693
1.9718
1.9737
2.1089
1.9619
1.9614
1.9682
1.9602
1.9738
2.4547
1.9651
1.9574
1.9633
1.9705
1.9625
1.9660
1.9561
1.9650
1.9709
1.9697
1.9812
1.9636
2.0741
2.7815
1.9675
1.9631
1.9772
1.9570
1.9593
1.9620
1.9631
1.9692
1.9712
1.9636
1.9601
1.9628
1.9727
2.0378
1.9678
1.9589
1.9724
1.9569
1.9691
1.9730
2.2886
1.9674
1.9646
1.9729
1.9761
1.9760
1.9786
1.9680
1.9659
1.9700
1.9746
2.4104
1.9648
2.2599
1.9645
3.0392
2.4380
2.4537
2.3814
2.8584
2.7805
2.6422
2.2203
2.2686
2.0618
1.9995
1.9577
1.9736
1.9703
2.1118
2.6158
2.4183
2.1046
2.0136
1.9578
1.9583
1.9492
1.9567
1.9595
1.9542
1.9486
1.9569
2.1231
1.9500
1.9630
1.9674
1.9603
1.9715
1.9452
1.9494
1.9596
1.9690
1.9697
1.9607
1.9667
2.2185
1.9695
1.9731
1.9793
2.0439
2.4602
1.9820
4.5675
2.0025
1.9769
1.9784
2.0550
1.9560
1.9580
1.9722
2.0660
1.9556
1.9652
2.0053
1.9771
2.0022
1.9564
1.9675
1.9686
1.9730
2.3220
1.9669
1.9595
1.9530
1.9491
1.9663
1.9586
1.9479
1.9468
1.9559
1.9613
1.9487
1.9583
1.9516
1.9547
1.9464
1.9602
1.9589
2.1686
1.9510
1.9479
1.9722
1.9825
3.1476
1.9601
1.9705
1.9669
1.9585
2.0397
1.9668
1.9667
1.9537
1.9532
1.9609
1.9470
1.9445
1.9606
1.9636
2.0621
1.9489
1.9496
1.9595
1.9511
1.9605
1.9513
1.9571
1.9745
1.9624
1.9639
1.9646
1.9622
1.9692
1.9555
1.9789
1.9675
1.9594
1.9698
1.9657
1.9701
1.9633
1.9565
1.9724
2.8995
1.9676
1.9607
2.0080
3.2330
5.8932
1.9631
1.9449
1.9690
1.9465
1.9590
1.9503
1.9447
1.9569
1.9599
1.9560
1.9695
1.9717
1.9476
1.9497
1.9509
10.1753
1.9971
5.5408
1.9737
1.9794
1.9727
1.9764
1.9637
1.9689
1.9568
1.9757
1.9692
1.9743
2.0111
2.6650
2.9457
22.7602
27.5913
1.9733
1.9706
1.9641
3.7077
1.9676
1.9719
1.9886
1.9667
1.9786
1.9664
1.9769
2.1548
1.9752
2.6959
1.9641
1.9708
1.9989
1.9946
1.9635
1.9821
2.6030
11.9876
2.3695
2.0057
5.4197
1.9662
1.9804
1.9663
1.9684
3.9275
1.9756
1.9684
1.9697
1.9670
1.9730
3.2740
1.9643
1.9723
2.0015
1.9663
1.9698
1.9651
2.7394
1.9683
1.9655
1.9727
1.9641
1.9701
1.9678
1.9635
1.9648
2.0122
2.2852
2.5495
2.4840
2.5959
2.6425
2.4006
2.3987
3.1493
4.5060
3.1856
2.7594
2.7745
2.5960
3.8286
1.9717
1.9467
2.1911
2.5734
3.4509
1.9780
1.9649
1.9731
1.9784
1.9718
1.9650
1.9671
1.9713
5.6803
1.9797
1.9667
1.9739
1.9707
1.9704
2.0841
2.0019
1.9674
1.9669
1.9653
1.9618
1.9767
1.9675
2.4147
1.9701
1.9748
1.9674
3.0546
1.9661
2.0108
1.9690
1.9591
1.9609
1.9689
1.9629
1.9627
1.9631
1.9760
1.9721
1.9632
1.9659
1.9717
1.9504
1.9706
1.9521
1.9520
1.9626
1.9577
1.9495
1.9702
1.9677
1.9687
1.9704
1.9465
1.9637
1.9626
1.9588
1.9610
1.9563
1.9704
1.9521
1.9530
1.9488
1.9584
1.9607
1.9708
1.9749
1.9592
1.9549
1.9644
1.9626
1.9591
1.9436
1.9498
1.9658
1.9559
1.9519
1.9546
1.9500
1.9640
1.9530
1.9624
1.9521
2.9760
1.9409
2.6471
2.4213
3.1894
2.6974
2.8038
2.9173
2.3251
2.7198
2.9267
3.4132
3.4093
3.6883
3.1230
2.5826
2.8460
2.9385
2.1938
4.3202
2.2753
2.0021
1.9554
1.9689
1.9567
1.9668
1.9638
1.9668
3.5034
2.0054
1.9752
1.9532
3.7305
1.9706
1.9633
1.9614
1.9755
1.9672
1.9661
2.7461
1.9775
4.1969
1.9727
1.9715
1.9708
1.9726
2.1580
1.9767
1.9668
1.9619
1.9680
2.6798
3.2289
1.9741
1.9660
1.9736
2.1859
1.9598
1.9818
1.9711
1.9628
1.9661
1.9761
1.9649
2.0003
1.9697
1.9757
2.0148
2.0005
2.3361
1.9647
1.9763
2.2506
2.2567
1.9679
1.9646
1.9741
2.0004
3.4049
1.9661
1.9692
1.9620
2.0664
5.2731
1.9535
1.9740
2.0032
2.7361
1.9609
1.9671
1.9775
1.9994
3.1651
1.9559
1.9631
1.9586
1.9766
1.9980
2.8530
1.9591
1.9613
1.9747
2.0021
3.8255
1.9590
1.9654
1.9739
1.9963
3.4760
1.9607
1.9632
1.9679
1.9581
2.0017
2.5507
1.9537
1.9642
1.9612
1.9613
1.9582
2.0121
2.4070
1.9606
1.9674
1.9634
1.9593
2.0220
2.5994
1.9597
1.9629
1.9716
2.0918
3.4858
1.9581
1.9661
1.9585
1.9668
2.0509
2.0040
4.1918
1.9769
3.1271
1.9630
1.9629
1.9654
2.0012
2.0277
1.9766
1.9630
1.9645
2.0077
3.3906
1.9791
1.9657
1.9629
2.0035
2.0047
2.7215
1.9747
2.6060
3.5356
1.9664
3.7781
1.9816
2.0035
2.0018
3.9194
1.9712
1.9998
1.9596
1.9686
1.9688
1.9574
1.9578
7.0824
2.0047
1.9652
1.9587
4.0172
1.9665
1.9638
1.9638
1.9648
1.9725
3.8480
1.9663
2.9572
1.9793
5.4168
1.9700
1.9662
2.2611
1.9752
1.9670
1.9644
1.9603
1.9602
8.2328
1.9892
1.9656
1.9753
3.6528
1.9672
3.4920
1.9624
10.2515
11.2420
11.1446
1.9634
1.9951
1.9624
1.9612
1.9650
10.6608
1.9627
1.9589
1.9621
1.9590
2.6528
1.9608
1.9588
1.9557
1.9645
2.0522
1.9856
1.9751
2.3005
1.9625
1.9727
1.9670
1.9607
2.0001
