2.8013
2.7252
2.7821
2.7988
2.8427
2.8353
2.7753
2.7686
2.7940
2.7703
2.7959
2.7997
2.7746
2.8041
2.8022
2.7729
2.8295
2.7814
2.8020
2.7917
2.7960
2.7825
2.7560
2.7730
2.7757
2.7935
2.8088
2.7772
2.7808
2.7375
2.7998
2.8006
2.7928
2.7855
2.7807
2.8318
2.7975
2.7866
2.7991
2.7594
2.7804
2.7570
2.7949
2.7924
2.7818
3.0183
2.7240
2.8116
2.7982
2.8023
2.7814
3.0201
2.8398
2.9307
2.8045
2.8067
2.7674
3.0025
2.8776
2.8081
2.7966
2.7937
2.7820
3.0180
2.8938
2.8098
2.7928
2.7856
2.7807
3.0160
2.8029
2.7936
2.7769
2.7929
2.7987
3.0164
2.8032
2.7824
2.8033
2.7947
2.7778
3.0180
2.8109
2.7873
2.7708
2.7871
2.8096
3.0160
2.7925
3.0187
2.7938
2.7892
2.8015
2.7850
2.7708
2.8397
2.7951
2.7872
2.7896
2.7896
2.8212
3.0013
2.7722
2.7943
2.7582
2.8007
2.8137
3.0079
2.7834
2.7514
2.7859
2.7751
2.7575
3.0108
2.7659
2.8574
2.8086
2.8044
2.7790
2.9964
2.7696
2.8489
2.7832
2.7851
2.8310
2.7659
2.8037
2.8251
2.7750
2.7823
2.7682
2.7664
2.8078
2.8241
2.8076
2.7983
2.7858
2.7496
2.7659
2.7873
2.7654
2.7629
2.7809
2.7508
2.8138
2.7915
2.7683
2.7931
2.7808
2.8059
2.7989
2.8230
2.7843
2.7659
2.7649
2.7641
3.0186
2.8592
2.7790
2.7829
2.7853
2.8025
3.0189
2.8305
2.7533
2.7794
2.7925
2.7546
3.0153
2.8987
2.7834
2.7894
2.7882
2.7974
2.9206
2.8159
2.7871
2.7800
2.7813
2.8074
2.7970
2.7840
2.7673
2.8434
2.7651
2.7862
2.8210
2.8746
2.7888
2.8532
2.7912
2.8032
2.7982
2.7858
2.7611
2.8466
2.7893
2.7706
2.8199
2.7809
2.7742
2.8369
2.7521
2.7630
2.7856
2.8378
2.7617
2.7833
2.7595
2.7805
2.8324
2.8000
2.7727
2.7846
2.7674
2.7645
2.7835
2.7649
2.7958
2.8023
2.7757
2.7969
2.7878
2.8081
2.7828
2.7862
2.7477
2.7885
2.7771
2.8054
2.7867
2.7925
2.7700
2.8023
2.8050
2.8025
2.8119
2.8055
2.7598
2.7619
2.7631
2.7940
2.8028
3.0137
2.7593
2.7936
2.7538
2.7829
2.7492
3.0172
2.7536
2.7624
2.7660
2.7863
2.7792
3.0207
2.7593
2.7962
2.7711
2.8181
2.7603
3.0168
2.7765
2.7764
2.8132
2.8078
2.7634
3.0181
2.7475
2.7865
2.8106
2.8061
2.7456
3.0188
2.7861
2.7748
2.8157
2.7990
2.7984
3.0179
2.7623
2.7998
2.7604
2.8004
2.7655
2.7731
2.7722
2.7569
2.7648
2.7635
2.7679
2.7865
2.8090
2.8042
2.8215
2.8094
2.7819
2.7791
2.8063
2.7834
2.7941
2.7950
2.7834
2.7827
2.8082
2.8029
2.7561
2.7931
2.7756
2.7627
2.7915
2.7608
2.7916
2.7828
2.7945
2.7777
2.7838
2.8034
2.7998
2.7829
2.8104
2.8008
2.7869
2.7625
2.7801
2.7918
2.7752
2.7756
2.8166
2.7731
2.8037
2.7770
2.7839
2.7513
2.8097
2.7933
2.7816
2.8093
2.7785
2.7866
2.8039
2.7679
2.8222
2.8117
2.8023
2.7971
2.7932
2.8053
2.7673
2.8117
2.7603
2.7480
2.8012
2.7765
2.8119
2.7869
2.7861
2.7560
2.7656
2.7679
2.7749
2.7836
2.7809
2.7913
2.8108
2.7735
2.8004
2.7962
2.7967
2.7567
2.7931
2.7578
2.7913
2.8056
2.7884
2.7497
2.7914
2.7608
2.7422
2.8083
2.7894
2.7633
2.7768
2.8030
2.7770
2.8111
2.7844
2.7908
2.7848
2.7638
2.7669
2.7611
2.7904
2.7601
2.7873
2.7880
2.7836
2.7906
2.7602
2.7976
2.7810
2.7577
2.8244
2.8071
2.7850
2.7903
2.8080
2.7664
2.8326
2.7674
2.7787
2.7629
2.8043
2.8009
2.7702
2.8022
2.7788
2.7841
2.7946
2.7734
2.7909
2.7961
2.7880
2.7930
2.8031
2.7905
2.7977
2.8054
2.7910
2.7966
2.7740
2.7576
2.9412
2.8110
2.7897
2.7600
2.7907
2.7812
2.7529
2.8062
2.7867
2.7901
2.7720
2.8022
2.7559
2.8044
2.8018
2.7693
2.8010
2.7777
2.8264
2.7764
2.7892
2.7968
2.8038
2.7598
2.8189
2.7941
2.7635
2.7727
2.7780
2.7765
2.7872
2.7828
2.7608
2.7622
2.7806
2.7582
2.8002
2.7802
2.7684
2.7762
2.7726
2.7794
2.7413
2.7916
2.7779
2.7902
2.7721
2.7888
2.7886
2.7941
2.7535
2.7719
2.7953
2.7669
2.7759
2.7893
2.7725
2.7598
2.7506
2.8041
2.8070
2.8066
2.8046
2.7458
2.7919
2.7556
2.7827
2.8052
2.7882
2.7515
2.7568
2.7948
2.7966
2.7852
2.7776
2.7571
2.7701
2.7675
2.7991
2.7856
2.8009
2.7692
2.7522
2.7669
2.8150
2.8087
2.8130
2.7687
2.7621
2.7933
2.7900
2.8003
2.8091
2.8083
2.7909
2.7750
2.7464
2.7759
2.8076
2.8112
2.7613
2.7595
2.8032
2.7831
2.7661
2.8069
2.7830
2.7885
2.7823
2.7969
2.8000
2.7923
2.7733
2.7760
2.8380
2.8003
2.7588
2.8024
2.7846
2.7751
2.7781
2.7474
2.7590
2.8010
2.7560
2.7753
2.7625
2.7474
2.7473
2.7958
2.9438
2.7628
2.7988
2.8187
2.8078
2.7891
3.0110
2.7850
2.7395
2.8227
2.7642
2.7910
2.9564
2.7793
2.8305
2.8603
2.7579
2.7944
2.8825
2.8134
2.8201
2.8588
2.7780
2.7938
2.7771
2.7770
2.7692
2.9759
2.7725
2.7859
2.7714
2.7729
2.7967
2.9783
2.7901
2.7999
2.7929
2.7610
2.7345
2.9737
2.7833
2.7887
2.8059
2.7647
2.7858
2.9833
2.7789
2.7822
2.7741
2.7585
2.7919
2.8201
2.7751
2.8035
2.7829
2.8109
2.7756
2.8197
2.8080
2.8185
2.8086
2.7592
2.7989
2.8490
2.7788
2.7799
2.8071
2.7965
2.7730
2.8450
2.7696
2.7800
2.8111
2.7578
2.8079
2.7916
2.7983
2.7850
2.7914
2.7642
2.7999
2.7607
2.7787
2.7815
2.7806
2.8056
2.8190
2.7768
2.7846
2.7796
2.7789
2.7675
2.7932
2.7757
2.7767
2.7801
2.8135
2.7975
2.7433
2.7779
2.7866
2.7986
2.7899
2.7617
2.8062
2.7840
2.8016
2.7976
2.7828
2.7611
2.7829
2.8031
2.7947
2.7657
2.8034
2.8064
2.8239
2.8074
2.8140
2.8045
2.8102
2.7487
2.7653
2.7836
2.7828
2.7887
2.8173
2.8085
2.7569
2.7815
2.8128
2.7850
2.8852
2.7584
2.7746
2.8029
2.7722
2.7913
2.8787
2.7621
2.7595
2.8021
2.7841
2.7705
2.8216
2.7579
2.7721
2.7593
2.8038
2.7517
2.8238
2.8051
2.7742
2.8391
2.7827
2.7539
2.8453
2.7722
3.0184
2.8451
2.7556
2.8173
2.8452
2.7704
3.0142
2.8671
2.7740
2.7716
2.8358
2.7752
3.0163
2.8424
2.8039
2.7972
2.7999
2.7708
3.0167
2.8116
2.7809
2.7780
2.8385
2.8041
3.0208
2.7570
2.7791
2.8082
2.8085
2.7638
3.0240
2.8555
2.7922
2.7634
2.7759
2.7956
3.0189
2.8441
2.7935
2.7942
2.7805
2.7743
3.0174
2.8655
2.7927
2.7795
2.7972
2.7912
3.0163
2.7625
2.7918
2.7776
2.7936
2.7742
3.0204
2.8312
2.7727
2.8006
2.7804
2.7963
3.0189
2.8110
2.7727
2.7701
2.7865
2.7780
3.0153
2.8019
2.7739
2.7993
2.7980
2.7971
3.0180
2.7873
2.7872
3.0189
2.8018
2.7746
2.8790
2.7931
2.7630
3.0159
2.7577
2.7751
2.7898
2.7926
2.8151
3.0171
2.7618
2.7749
2.7860
2.7938
2.7558
3.0163
2.7761
2.7674
2.7840
2.7928
2.7641
3.0176
2.7739
2.7986
2.7646
2.7915
2.7823
3.0196
2.7732
2.7599
2.7853
2.9082
2.7811
2.7586
2.7621
2.8044
2.7585
2.7969
2.7750
2.8214
2.7653
2.7781
2.7872
2.8128
2.7970
2.7729
2.7996
2.7774
3.0180
2.7954
2.7649
2.7909
2.7791
3.0185
2.7921
2.8343
2.7984
2.7924
3.0185
2.7471
2.7601
2.7682
2.7875
3.0185
2.7544
2.8289
2.7803
2.7684
3.0126
2.7998
2.8052
2.7658
2.8147
3.0179
2.7660
2.8139
2.7930
2.8002
3.0162
2.7946
2.7589
2.7930
2.7834
3.0180
2.7626
2.7907
2.8081
2.7735
3.0170
2.7593
2.7964
2.7963
2.7927
3.0180
2.7616
2.8310
2.7774
2.7865
3.0179
2.8082
2.8011
2.7664
2.8041
2.8015
2.7627
2.8202
2.7869
2.7903
2.8001
2.8058
2.8044
2.7848
2.7791
2.7622
2.7711
2.7840
2.7717
2.7464
2.7769
2.8152
2.8158
2.7669
2.7834
2.8101
2.8015
2.8123
2.7963
2.7855
2.8082
2.7611
2.8094
2.7960
2.7793
2.8190
2.7999
2.7883
2.8004
2.7536
2.8016
2.8041
2.7736
2.7930
2.7963
2.8134
2.8005
2.7926
2.8016
2.7984
2.7933
2.7979
2.8034
2.8001
2.7529
2.7821
2.8025
2.7949
2.7954
2.7547
2.7961
2.7864
2.7973
2.8054
2.7930
2.8060
2.8026
2.8140
2.7988
2.7887
2.8018
2.7704
2.8134
2.7970
2.7629
2.7693
2.7855
2.7891
2.7997
2.7529
2.7641
2.7998
2.8051
2.8087
2.7992
2.7888
2.7729
2.8000
2.7943
2.7798
2.7764
2.7683
2.7872
2.7919
2.7783
2.7996
2.7973
2.8205
2.7724
2.7801
2.7851
2.7466
2.8124
2.8097
2.7820
2.7833
2.7598
2.8061
2.7915
2.7868
2.7808
2.7988
2.8130
2.7733
2.7800
2.8322
2.8039
2.7701
2.7927
2.7974
2.7816
2.8036
2.7650
2.8003
2.8017
2.7596
2.7900
2.7872
2.7892
3.0183
2.7742
2.8159
2.7901
2.7962
3.0061
2.7943
2.7573
2.7665
2.7845
2.7998
2.7540
2.7710
2.7704
2.7921
2.7870
2.7850
2.7771
2.8014
2.7694
2.7935
2.7828
2.7850
2.7858
2.7901
2.7618
2.7634
2.8070
2.7930
2.7769
2.7505
2.7757
2.7685
2.8190
2.8010
2.7533
2.7709
2.7973
2.8028
2.7723
2.7675
2.7509
2.7657
2.7883
2.7930
2.7850
2.7914
2.7709
2.8161
2.7726
3.0157
2.7736
2.7623
2.7903
2.8031
3.0165
2.7866
2.7643
2.7806
2.8073
2.7674
2.8004
2.7809
2.7744
2.7957
2.7615
2.7968
2.7837
2.7915
2.7951
2.8024
2.7634
2.7828
2.7790
2.7955
2.7901
2.7745
2.8008
2.7856
2.7941
2.7847
2.7855
2.7668
2.7958
2.7981
2.7976
2.7812
2.7784
2.8059
2.7912
2.7936
2.7944
2.7954
2.7888
2.7935
2.7707
2.7923
2.8180
2.7795
2.8028
2.7650
2.7768
2.7604
2.8092
2.7811
2.7859
2.7564
2.7900
2.7952
2.7526
2.8042
2.7820
2.7957
2.7761
2.7519
2.8062
2.7977
2.7920
2.7513
2.8008
2.8113
2.7850
2.8032
2.7501
2.8090
2.7975
2.7624
2.7952
2.7833
2.7973
2.7732
2.7624
2.7861
2.7501
2.7863
2.7738
2.7724
2.7918
2.7768
2.7622
2.8266
2.8089
2.8155
2.8556
2.8435
2.8213
2.8406
2.7838
2.7729
2.8145
2.7826
2.8140
2.7991
2.7806
2.8063
2.8219
2.8007
2.7936
2.7560
2.7944
2.8429
2.7682
2.7956
2.7432
2.7853
2.8127
2.7805
2.7800
2.7995
2.8007
2.8017
2.7811
2.7810
2.8176
2.7947
2.8255
2.7933
2.8030
2.7857
2.7945
2.7908
2.8097
2.8099
2.7794
2.7890
2.8159
2.7780
2.8093
2.8148
2.9071
2.8111
2.7794
2.7844
2.7717
2.7824
2.7769
2.7922
2.8172
2.7954
2.7864
2.8102
2.8317
2.7855
2.8287
2.7895
2.7650
2.7922
2.8114
2.7971
2.7459
2.7902
2.8019
2.7990
2.8096
2.8004
2.8094
2.8098
2.7510
2.8078
2.8402
2.7976
2.8056
2.8107
2.7976
2.7678
2.7985
2.8183
2.7463
2.8206
2.8033
2.8037
2.7883
3.0126
2.7870
2.7923
2.7523
2.7818
2.8248
2.7894
2.7839
2.7973
2.7978
2.7965
2.8128
2.7576
2.7796
2.7861
2.8241
2.7948
2.7681
2.7872
3.0177
3.0171
3.0169
3.0162
3.0174
3.0168
3.0180
3.0165
3.0163
3.0172
