2.6491
7.0957
2.5050
2.4904
2.4600
2.5113
8.9838
2.4107
2.4176
3.2181
2.4869
4.8937
2.5031
7.7184
2.5348
2.7012
2.5596
2.9096
2.5877
2.6212
2.5609
2.4443
2.6478
2.4714
3.0359
2.4736
2.2996
2.4705
2.5225
2.4741
2.5143
2.5540
2.5687
2.6926
2.6586
2.6311
2.3745
2.4623
2.6001
2.5513
2.6902
2.4932
2.5402
2.4598
3.0284
2.6123
2.5272
2.4880
2.5125
2.5175
2.4727
2.5588
2.5271
2.6263
2.6969
2.6386
2.4796
2.6187
2.8113
2.5466
2.5537
2.5775
2.4302
2.7845
2.6521
2.4797
2.4307
2.5973
2.6552
2.3967
2.5193
2.4346
2.7562
2.6267
2.5126
2.5718
2.4754
2.4652
2.4359
2.5700
2.6340
2.5657
2.7215
2.5939
2.4693
2.5254
2.4552
2.6297
2.7969
2.6198
2.6129
2.5798
2.5487
2.6668
2.4524
2.4260
2.5951
2.4418
2.3901
2.4989
2.4614
2.4721
2.6120
2.6885
2.4440
2.7131
2.3856
2.5571
2.5779
2.7441
2.4482
2.4201
2.7775
2.3971
2.6656
2.6276
2.6642
2.4672
2.3832
2.4454
2.4330
2.5044
2.4457
2.7581
2.6093
2.5257
2.4995
2.5095
2.4731
2.6656
2.6807
2.4989
2.5887
2.6065
2.6547
2.5461
2.4290
2.5086
2.5808
2.5470
2.7398
2.5460
2.7219
2.4911
2.5373
2.7152
2.5820
2.3545
2.4154
2.7563
2.4638
2.6260
2.7567
2.6394
2.4607
2.4298
2.5662
2.4219
2.6386
2.3778
2.5190
2.5558
2.6148
2.7698
2.5578
2.3851
2.4658
2.6029
2.5733
2.5777
2.4089
2.8380
2.5408
2.6976
2.5459
2.4010
2.6248
2.6156
2.4168
3.3592
2.4003
2.5497
2.5272
2.4666
2.5604
2.7186
2.6101
2.4477
2.4710
2.5314
2.4620
2.4432
2.4173
2.5723
2.4620
2.4861
2.6318
2.4864
2.6754
2.4713
2.3751
2.4745
2.6578
2.5109
2.4331
2.4700
2.5077
2.6467
2.6301
2.4135
2.5256
2.5571
2.4343
2.6802
2.5049
2.6023
2.4035
2.5725
2.6521
2.4322
2.5097
2.5921
2.6482
2.6903
2.4921
2.4147
2.5810
2.5755
2.5222
2.6232
2.4940
2.4992
2.6654
2.5413
2.4464
2.4827
2.4300
2.4324
2.4126
2.6658
2.4159
3.4621
2.4996
2.5246
2.4032
3.1894
2.5228
2.5158
2.6022
2.4546
2.7175
2.5017
2.6093
2.5221
2.5078
2.3695
2.5307
2.3380
2.4787
2.4964
2.5853
2.5572
2.4975
2.5095
2.6082
2.5516
2.5160
2.5714
2.4728
2.3675
2.5685
2.4988
2.5875
2.5938
2.6410
2.6096
2.5836
2.4951
2.7014
2.4906
2.6077
2.3483
2.4903
2.5547
2.6970
2.5013
2.6871
2.5922
2.6763
2.9034
2.5118
2.5822
2.8715
2.3621
2.5118
2.5752
2.3573
2.5046
3.2233
2.4132
2.5116
3.6129
2.4010
2.5184
3.8009
2.5051
3.7312
2.5072
3.6545
2.3923
3.5971
2.5119
3.3481
2.3815
3.7282
2.4084
3.7194
3.7150
2.5023
3.7668
2.6006
2.4941
3.5583
2.4752
2.5499
2.4913
2.6496
2.4919
2.4943
2.5024
2.6533
2.5022
2.5409
2.4743
2.6411
2.4647
2.6374
2.4364
2.3910
2.5297
2.5797
2.5367
2.6678
2.5904
2.4868
11.1150
2.5078
2.5163
2.4613
2.4404
2.6627
2.5759
4.0297
2.4636
2.5173
2.7087
2.6183
2.4787
2.5846
2.4902
2.4604
2.4667
2.5897
2.5306
2.4188
2.5998
2.4331
2.4880
2.6790
11.1510
2.4388
2.5647
2.5644
2.5513
2.4199
2.5343
2.4250
2.4230
2.6527
2.6733
2.5327
2.6328
10.1555
3.5222
2.5555
2.5833
2.5229
2.3847
2.6265
2.3871
2.6440
2.5443
2.6086
3.0009
2.4950
2.4534
2.3418
2.4915
2.4363
2.4741
2.4198
2.4772
2.4742
2.6079
2.4646
2.4983
2.4649
2.4710
2.4986
2.4189
2.6293
2.4296
2.7436
2.5250
2.4527
2.5596
2.4117
2.4635
2.5257
2.5168
2.6480
2.4655
2.5459
2.5404
2.5574
2.5487
2.6785
2.6284
2.4767
2.4023
2.4738
2.4469
2.6021
2.6034
2.4169
2.4241
2.5833
2.5720
2.5223
2.5940
2.4352
2.4549
2.6539
2.5684
2.6085
2.6418
2.4665
2.7037
2.4626
2.7028
2.4957
2.7062
2.6513
2.5977
2.5190
2.5323
2.5798
2.9434
2.5891
2.5425
2.5782
2.5296
2.6825
2.6285
2.5263
2.4886
2.5094
2.5595
2.6347
2.4735
2.6947
2.5935
2.6082
2.5326
2.4512
2.5415
2.6395
2.5112
2.5014
2.5914
2.6055
2.5740
2.5526
2.4987
2.6234
2.4801
2.5325
2.6782
2.4834
2.6312
2.4394
2.4345
2.5300
2.6317
2.6439
2.5454
2.4572
2.5783
2.5695
2.5859
2.5355
2.5072
2.4260
2.6429
2.5774
2.4387
2.6686
2.5486
2.4486
2.6400
2.4982
2.5900
2.5184
2.5184
2.3337
2.4363
2.4340
2.4606
2.6727
2.5164
2.5065
2.5021
2.5002
2.6564
2.5106
2.5030
2.4999
2.7002
2.6704
2.7012
2.6462
2.9820
2.4977
2.4488
2.5882
2.6103
2.5069
2.6690
2.6460
2.4013
2.6627
2.3594
2.7142
2.5501
2.7153
2.4003
2.7444
2.5360
2.5107
2.5928
10.4938
2.4290
2.8086
2.6830
2.5481
2.4011
2.7509
2.4832
2.5507
2.5592
2.5841
2.3593
2.4671
3.8288
2.7790
2.6098
2.5162
2.6415
