3.4553
4.4841
3.8798
3.2017
3.8809
3.8736
3.8366
3.7962
3.7045
3.5976
2.8239
3.1074
3.8822
3.5264
3.7112
3.7380
3.2748
3.3019
3.3780
3.7474
3.5757
3.8709
3.7879
3.8426
3.8862
3.5172
3.4726
3.8912
3.6917
3.8856
3.6919
3.4748
3.6198
3.8811
2.9227
3.8740
3.8856
3.7005
3.3528
3.8898
3.8885
3.8540
3.8050
3.5641
2.9805
3.8049
3.8903
3.8933
3.6657
3.8879
3.3485
5.7343
3.8660
4.8451
3.5896
3.8816
3.8005
4.8284
3.8857
4.5594
3.8805
3.6190
3.2833
3.7852
3.8725
3.2787
3.4353
3.8430
3.5380
4.8479
3.4592
3.8830
3.7026
3.5628
3.3823
5.4162
3.1102
3.8801
3.4247
3.7591
3.4126
3.8163
2.9980
3.8861
3.9049
3.6901
4.0506
3.8004
3.7270
3.7552
3.2881
3.5805
3.6441
3.9887
3.0891
6.4541
3.3907
3.6179
3.1356
3.6626
3.1382
5.2170
3.8860
3.7240
3.9351
3.6708
3.8693
3.8850
3.8869
3.7960
3.4089
3.8803
3.8891
4.8146
3.8862
2.5235
3.9760
3.3099
3.8826
3.5745
3.8845
2.5271
3.3009
3.8821
3.8667
5.3538
3.6527
2.5144
3.4908
3.8777
3.8809
4.8926
3.7211
2.5287
3.7105
3.8821
3.8796
3.8927
3.8922
3.8155
3.8807
3.8695
3.2560
3.8925
3.6447
2.5104
3.8837
3.3859
3.5751
3.2760
3.8223
3.1745
3.8805
3.5816
3.9296
3.7162
4.8325
2.5231
3.8802
3.5049
3.4584
3.2761
3.7956
2.5203
3.8768
3.6704
3.0832
3.8876
4.7939
4.2496
3.8822
3.7447
3.2325
3.3965
7.5040
3.8941
3.8802
3.8706
3.6647
3.3092
3.8002
3.8799
3.8753
6.9910
4.1113
3.7929
3.8744
3.8696
3.8811
5.2038
3.5554
3.1773
3.8837
3.8783
3.8873
3.6661
3.1606
3.8679
3.8683
3.8807
3.8778
5.7845
3.8858
4.0860
3.8651
3.8755
3.8834
3.8853
3.8825
3.8691
3.8594
3.8793
3.8812
3.8837
3.8755
3.8789
3.8780
3.6873
3.8738
3.8818
3.8730
3.8734
3.8845
3.4473
3.8724
3.8841
3.8825
3.7768
3.8802
3.7007
3.8535
3.8767
3.8639
3.3192
3.8844
3.6279
3.8783
3.8749
3.8845
3.8669
3.8880
3.6578
3.8779
5.1688
3.8842
3.4107
3.8948
3.7068
3.8814
5.0689
3.8829
3.8826
3.8737
3.5429
3.8797
5.2396
3.8804
3.8723
3.8883
3.3989
3.8706
4.8202
3.8819
3.9584
3.8821
3.4749
3.8840
3.8178
3.8824
3.2791
3.8652
3.7897
3.8838
4.9341
3.8748
3.8859
3.8734
3.6948
3.8786
4.9407
3.8846
3.6213
3.8838
3.5946
3.8853
3.7494
3.8272
3.8838
3.8833
3.7738
3.8789
3.9411
3.5802
3.8683
3.8741
3.3070
3.8774
3.7787
3.6355
3.8663
3.8880
3.3008
3.8813
3.3467
3.7396
3.3100
2.5968
3.8770
3.8409
3.4797
3.6894
3.8186
3.8848
3.8823
3.8806
3.6481
3.6758
3.3163
3.8801
3.8829
3.4635
3.0523
3.5711
3.8871
3.8860
3.8843
3.5146
3.6369
3.3744
3.8780
3.8631
3.8823
3.8942
3.6029
3.4700
3.8701
3.8833
3.8846
3.8160
3.4312
3.6615
4.1311
3.8724
3.8749
3.6508
3.0760
3.7318
3.5126
3.8868
3.3549
4.2194
3.8870
3.5341
3.8313
3.8584
3.5069
3.1294
3.8788
3.8541
4.1155
3.8821
3.6329
3.8220
3.8688
3.2932
3.7879
3.8836
3.7032
3.8211
3.8863
3.3103
3.8873
3.8856
3.6168
3.6361
3.8862
3.8727
4.1646
3.8929
3.6912
3.4068
3.8684
3.8843
3.4337
3.8676
3.4883
3.4840
3.8466
3.8821
3.8427
3.8879
3.6930
3.5018
3.8778
3.8810
3.3893
3.8883
3.3370
3.9865
3.1302
3.8785
3.8862
3.8675
3.3283
3.2565
3.4647
3.8828
4.1312
3.8666
3.9409
3.1636
3.5178
3.8813
3.4490
3.8843
3.5476
3.7410
3.4381
3.1222
3.8222
3.8667
3.7121
4.3089
3.1417
3.3078
3.5076
3.8678
3.6635
3.6386
3.5295
3.8617
3.8846
3.8436
3.5629
3.4812
3.4672
3.4913
3.9250
2.6740
3.8862
3.0970
3.4400
3.4008
3.3557
3.6285
3.8874
3.5978
3.8792
3.0236
3.8256
3.5497
3.8857
3.7195
3.8679
3.5407
4.0424
3.0520
3.8811
3.8842
3.8810
3.7588
3.8421
3.6469
3.8868
3.8843
3.8836
3.5756
3.8836
3.0318
3.8807
3.8860
3.8818
3.4235
3.9841
4.2419
3.8722
3.8783
3.8688
3.8849
3.5139
3.6393
3.5651
3.8848
3.8805
3.8749
3.8343
3.5749
3.5762
3.8827
3.8833
3.8800
3.2409
3.1789
3.8851
3.8761
3.8901
3.8780
3.8854
4.5575
3.8856
3.8794
3.8887
3.8796
3.5022
3.8886
3.4571
3.8627
3.6728
3.8811
4.0096
3.8498
3.5258
3.8749
3.7364
3.8888
4.1334
3.7999
3.8677
3.8757
3.7077
3.8870
3.4800
3.2252
3.8850
3.8762
3.1915
3.8747
3.6928
4.1160
4.0520
3.8432
3.5538
3.8804
3.8879
2.9151
3.4795
3.8764
3.1638
3.8783
3.6649
4.3098
3.8915
3.8560
3.2151
3.8767
3.7826
2.9226
3.8838
3.8755
3.1866
3.8804
3.7691
3.8543
3.8886
3.8824
3.2646
3.8863
3.8184
4.1016
3.8909
3.8835
3.2155
4.9230
4.0867
3.3281
3.7412
3.8771
3.5862
5.3097
3.7256
3.9980
3.7297
3.8850
3.4605
3.8678
3.8823
3.3095
3.8827
3.8809
3.4028
3.8686
3.0306
3.1073
3.8833
3.8760
3.5223
3.4624
3.4435
3.9817
3.8673
3.8849
3.4762
3.5135
3.8824
3.0841
4.1102
3.8695
3.3825
3.8887
4.1179
4.2159
3.8641
3.8815
3.6040
3.8865
3.8850
3.5980
4.1507
3.8820
3.4367
3.4981
3.8880
3.4257
3.7741
3.8800
3.8855
3.5697
3.0248
3.4892
3.7638
3.8768
3.8821
3.8844
3.9628
3.5938
3.8821
3.8780
3.4071
3.8711
3.3898
4.3339
3.8826
3.8768
3.5188
3.5382
4.0369
3.6169
3.3922
3.5117
3.8874
3.6502
3.8881
4.0861
3.8856
3.4558
3.8799
3.8838
3.0662
3.7382
3.8797
3.4417
3.5633
3.8777
3.8318
3.2472
3.8785
3.5943
3.5440
3.8711
3.5050
4.2009
3.5023
3.6721
3.8875
3.8792
4.0693
3.1959
3.5596
3.3741
3.8856
3.8842
3.8900
3.9309
3.8847
3.2034
3.8887
3.8741
3.0629
3.3352
3.8866
3.5824
3.8606
3.4254
4.0945
3.9508
3.5142
3.6848
3.8813
3.3925
3.0867
4.1122
3.5235
3.2830
3.8765
3.8367
4.1319
3.3552
3.8788
3.1159
3.8691
3.8367
3.8862
3.7647
3.8810
3.8567
3.8859
3.7490
3.8840
3.8901
2.5713
3.6182
3.8885
3.7472
3.4275
3.8852
2.5050
3.8612
3.8891
3.8813
3.4266
4.8488
2.5331
3.7851
2.9173
3.8837
3.8081
4.7215
2.5278
3.6452
4.1847
3.8843
3.6428
3.8005
2.7558
3.4447
3.2399
3.6412
3.8814
3.7452
2.5181
3.7129
3.9783
3.8818
3.5779
5.1826
2.5773
3.4451
3.8773
3.6726
3.9498
3.7395
2.5196
3.7183
3.8962
3.5530
3.3117
3.7092
2.5226
3.1604
3.6201
3.5381
3.7265
3.7951
2.5229
3.7108
3.8269
3.8836
3.5164
4.7911
2.5734
3.8804
3.8805
3.8853
3.9512
5.0087
2.5046
3.8838
3.8798
3.5212
3.4543
5.0564
3.3755
3.8795
3.8769
3.5715
3.6990
3.7900
3.3996
3.8827
3.8836
3.8839
3.2836
4.7467
3.7462
3.8677
3.8108
3.8842
3.4193
3.8347
3.5631
3.8831
4.9319
3.8857
3.8431
3.6662
3.6506
3.8726
3.7940
3.8866
3.8910
3.7084
3.8864
3.8849
3.8077
3.5327
3.8845
3.6581
3.8841
3.8391
4.9337
3.8783
3.3624
3.9179
3.8690
3.8577
3.8259
3.8855
3.9198
3.8049
3.8819
3.8779
3.8835
3.8850
3.2595
2.9848
3.8782
3.8056
3.8616
3.8884
3.9070
3.8827
3.8802
3.8787
3.8883
3.5403
3.8839
4.7724
3.8699
3.8900
3.6411
3.8826
3.8085
3.8800
3.8733
3.5088
3.8830
4.7806
3.8828
4.3531
3.8359
3.8846
3.8168
3.8862
3.5400
3.8452
3.8888
3.8509
3.8768
4.5631
3.7559
3.8639
5.0663
3.8854
3.9053
3.5560
3.8822
3.8058
3.8723
4.3392
3.5398
3.8825
3.8096
3.8812
3.9077
3.0854
3.8861
4.9098
3.8853
4.3363
3.8850
3.8810
4.9000
3.8781
3.7291
3.7437
3.8836
3.8078
3.8738
3.8390
3.4234
3.4999
3.3058
3.8742
4.1431
3.7113
3.8747
3.4213
3.8776
3.6396
3.3882
3.6117
4.2948
3.8816
3.6688
3.8838
3.8280
3.4271
3.8753
3.4794
3.8815
3.3719
3.3465
3.8767
3.6413
3.4446
3.5009
3.1157
3.8755
3.6067
3.3918
3.4883
3.6506
3.8749
3.4341
3.2551
3.7980
3.1732
3.2607
4.2134
3.4756
3.2864
3.5560
3.0586
3.8339
3.3846
3.8761
3.8551
3.7043
3.6215
3.2631
3.8807
4.0649
3.6851
3.7249
3.3945
3.8871
3.5494
3.8905
3.5339
3.2826
3.8919
3.7324
3.1990
3.6401
3.2509
3.8826
3.1174
3.6691
3.7267
3.3506
3.8872
3.8052
3.6212
3.6673
3.3048
3.8870
3.5201
3.5903
3.2542
3.4146
3.8816
3.8125
3.2136
3.7486
3.5341
3.3552
3.7805
3.6288
3.8576
3.6006
3.4672
3.3029
3.4424
4.2636
3.7470
3.8859
3.4863
3.7585
3.1697
3.1596
3.8864
3.8245
3.7544
3.4326
3.5287
3.5846
2.9817
3.4420
3.8761
3.7185
3.4980
3.4277
3.3945
3.8811
3.4095
3.8843
3.8824
3.3796
3.8829
3.2170
3.8850
3.8831
3.6328
3.8774
3.8850
5.9181
3.8691
3.2662
3.8755
3.8833
5.2962
3.8789
3.5840
3.8803
3.6193
3.9421
3.8855
3.6033
3.8786
3.5197
3.9457
3.8789
3.8029
3.8564
3.8893
3.6547
3.8794
3.5479
3.8797
3.8806
4.0060
3.8369
3.8722
3.8675
3.8834
3.8900
3.8629
3.8834
3.8749
3.8799
3.8897
3.8787
3.8771
3.8765
3.8869
3.8774
3.8875
3.8801
3.8056
3.8794
3.8770
3.8514
3.8850
3.8602
3.8872
3.8041
3.8770
3.8833
3.8682
3.8799
3.8118
3.8640
3.8730
3.8807
3.1990
3.8813
3.8658
3.8790
3.8797
3.3520
3.8825
3.8803
3.8403
3.8761
3.2604
3.8836
3.8791
3.8853
3.8510
3.8792
3.6492
3.8831
3.8752
3.8736
3.8770
3.6206
3.8840
3.8850
3.8814
3.8793
3.3459
3.8827
3.8802
3.8706
3.8814
3.3338
3.8777
3.8786
3.8796
3.8692
3.8823
3.8753
3.8768
3.8825
3.8808
3.8848
3.8781
3.8730
3.8723
3.8735
3.8836
3.8843
3.8765
3.5281
3.8854
3.8782
3.8627
3.3448
3.8761
3.8819
3.8780
3.3351
3.8761
3.8871
3.3926
3.8769
3.8795
3.4388
3.8886
3.8682
3.4341
3.8775
3.8783
3.6858
3.8704
3.8896
3.8859
3.7948
3.8849
3.6983
3.8843
4.0212
3.8797
3.7802
3.8849
3.7552
3.8718
3.7554
3.6683
3.8864
4.0530
3.8836
4.2495
3.5581
3.3795
3.6091
3.7227
3.8848
3.9748
3.8855
3.4939
3.6663
2.9139
3.3866
3.4945
3.8745
3.7899
3.8800
4.0709
3.5781
3.5428
3.5121
3.5620
3.8859
4.1895
3.8831
3.4761
3.8759
3.6446
3.8662
4.0870
3.8695
3.2385
3.8601
4.6756
5.1906
3.8511
5.8957
3.7597
5.4817
3.2036
4.0522
3.6903
3.8848
3.8518
3.5841
3.8860
3.7920
3.8817
4.4958
3.8749
4.2472
3.8800
4.3123
3.8795
4.3620
3.8742
4.5024
3.8780
4.3565
3.8875
4.2782
3.8736
4.3336
3.8849
4.2381
3.8639
3.8462
3.8760
3.6913
3.8742
3.6944
3.8799
3.7776
3.8738
3.8228
3.8725
3.5706
3.8784
4.2469
3.8832
3.8571
3.8826
3.8786
3.8827
3.8819
3.8691
5.0013
3.8797
3.7122
3.8823
3.4576
3.8715
4.0998
3.8833
3.3726
3.8754
3.8827
3.8738
3.8896
3.8836
3.8712
3.8604
3.8830
3.8892
3.8718
4.9423
3.8005
3.8092
4.8322
3.8134
4.9503
3.8087
3.7966
3.7882
4.7681
