3.0381
3.0514
3.0415
3.0418
3.0500
3.0300
3.0359
3.0503
3.0352
3.0449
3.0223
2.8730
3.0341
3.0317
3.0265
3.0364
3.0219
3.0490
3.0342
3.0398
3.0229
3.0342
3.0338
3.0290
3.0366
3.0427
3.0354
3.0350
3.0423
2.9562
3.0343
3.0459
3.0432
3.0400
3.0279
3.0494
3.0407
3.0446
3.0386
3.0287
3.0303
2.7540
3.0313
3.0218
3.0411
3.0296
3.0265
2.7659
3.0339
3.0382
3.0426
2.7307
3.0310
2.9817
3.0297
3.0256
3.0384
2.7791
3.0240
2.8485
3.0362
3.0299
3.0406
2.7540
3.0191
2.7999
3.0308
3.0217
2.9559
2.7275
3.0387
2.7282
3.0413
3.0419
3.0244
2.7072
3.0359
2.7745
3.0434
3.0382
3.0314
2.7714
3.0273
2.7515
3.0297
3.0389
3.0411
2.8101
3.0302
2.9730
3.0402
3.0313
3.0330
2.7426
3.0368
2.9196
3.0341
3.0306
3.0262
3.0429
2.9829
2.7953
3.0356
3.0399
3.0398
3.0277
3.0423
2.7313
3.0353
3.0366
3.0258
3.0322
3.0392
3.0387
3.0392
3.0356
3.0344
3.0348
3.0461
3.0392
3.0278
3.0428
3.0320
3.0286
3.0404
3.0257
3.0347
3.0361
3.0328
3.0321
3.0334
3.0287
3.0357
3.0233
3.0421
3.0399
3.0393
3.0357
3.0241
3.0374
3.0364
3.0240
3.0425
3.0391
3.0437
3.0411
3.0357
3.0373
3.0387
3.0364
3.0370
3.0240
3.0418
3.0390
3.0400
3.0409
2.7310
3.0438
3.0246
3.0347
3.0338
3.0366
2.7349
3.0393
3.0230
3.0316
3.0390
3.0338
2.7378
3.0314
2.9828
3.0275
3.0380
2.7410
2.7209
3.0419
3.0311
3.0271
3.0406
2.7295
2.7348
3.0366
3.0422
3.0364
3.0362
3.0063
2.9289
3.0421
3.0230
3.0354
3.0357
2.9298
2.8224
3.0386
3.0218
3.0430
3.0376
2.7239
2.8249
3.0411
3.0365
3.0387
3.0445
2.7797
2.7333
3.0387
3.0311
3.0364
3.0337
2.7324
2.7383
3.0282
3.0452
3.0369
3.0274
2.7696
3.0041
3.0301
3.0365
3.0414
3.0437
2.7274
3.0215
3.0396
3.0314
3.0353
3.0323
2.7326
3.0260
3.0320
3.0370
3.0409
3.0317
2.7377
3.0249
3.0378
3.0420
3.0285
3.0316
3.0244
3.0256
3.0354
3.0333
3.0081
3.0370
3.0389
3.0522
3.0405
3.0400
2.9880
3.0385
3.0258
3.0416
3.0434
3.0320
3.0117
3.0357
3.0329
3.0368
3.0418
3.0339
3.0109
3.0450
3.0101
3.0412
3.0383
3.0126
2.8985
3.0336
3.0435
3.0182
3.0416
3.0356
2.9180
3.0306
3.0314
3.0253
3.0355
3.0353
3.0197
3.0429
3.0287
3.0407
3.0313
3.0420
3.0115
3.0362
3.0385
3.0319
3.0256
3.0445
3.0347
3.0238
3.0473
2.9925
3.0298
3.0312
3.0354
3.0339
3.0463
3.0406
3.0404
3.0355
2.9607
3.0323
3.0375
3.0113
3.0313
3.0283
3.0313
3.0411
3.0316
3.0181
3.0407
3.0389
2.9361
3.0375
3.0383
3.0240
3.0382
3.0355
2.9707
3.0376
3.0396
3.0309
3.0238
3.0172
3.0355
3.0444
3.0416
3.0265
3.0374
3.0178
3.0324
3.0362
3.0307
3.0501
3.0426
3.0075
3.0255
3.0243
3.0284
3.0425
3.0378
3.0443
3.0358
3.0398
3.0357
3.0337
3.0385
3.0262
3.0302
3.0424
3.0445
3.0422
3.0394
3.0415
2.7318
3.0292
3.0376
3.0119
3.0395
3.0434
2.7086
3.0441
3.0407
3.0323
3.0421
3.0334
3.0077
3.0405
3.0398
3.0387
3.0383
3.0277
2.7476
3.0286
3.0289
3.0305
3.0305
3.0337
2.7315
3.0423
3.0359
3.0251
3.0186
3.0334
2.7313
3.0335
3.0360
3.0414
3.0277
3.0429
2.7495
3.0432
3.0363
3.0440
3.0352
3.0290
2.7397
3.0395
3.0334
3.0091
3.0414
3.0338
2.7142
3.0405
3.0365
3.0419
3.0386
3.0403
2.8094
3.0392
3.0330
3.0379
3.0415
3.0062
2.7431
3.0295
3.0408
3.0388
3.0428
3.0266
2.7344
3.0290
3.0463
3.0488
3.0374
3.0256
2.7329
3.0405
3.0318
3.0320
3.0371
3.0356
2.7638
3.0339
3.0351
3.0407
3.0409
3.0429
2.7394
3.0397
3.0411
3.0360
3.0340
3.0396
2.7314
3.0371
3.0335
3.0441
3.0373
3.0158
2.7275
3.0399
3.0427
3.0203
3.0285
3.0391
3.0372
3.0431
3.0313
3.0504
3.0297
3.0356
3.0389
3.0408
3.0318
3.0468
3.0393
3.0445
3.0406
3.0386
3.0326
3.0225
3.0410
3.0418
3.0371
3.0402
3.0364
3.0495
3.0396
3.0366
3.0342
3.0346
3.0336
3.0128
3.0400
3.0440
3.0257
3.0313
3.0381
2.9957
3.0362
3.0233
3.0365
3.0242
3.0413
3.0433
3.0423
3.0251
3.0294
3.0281
3.0408
3.0423
3.0321
3.0306
3.0293
3.0343
3.0387
3.0162
3.0368
3.0333
3.0468
3.0363
3.0409
3.0456
3.0375
3.0343
3.0379
3.0366
3.0453
3.0303
3.0337
3.0405
3.0393
3.0383
3.0331
3.0287
3.0337
3.0370
3.0457
3.0330
3.0230
3.0412
3.0300
3.0278
3.0422
3.0329
3.0308
3.0405
3.0404
3.0326
3.0395
3.0323
3.0338
3.0230
3.0336
3.0343
3.0348
3.0475
3.0291
3.0454
3.0337
3.0350
3.0383
3.0203
3.0393
3.0495
3.0393
3.0427
3.0444
3.0359
3.0361
3.0215
3.0331
3.0430
3.0294
3.0381
3.0402
3.0241
3.0355
3.0277
3.0246
3.0359
3.0439
3.0489
3.0372
3.0351
3.0318
3.0327
3.0300
3.0371
3.0317
3.0204
3.0345
3.0464
3.0347
3.0286
3.0395
3.0390
3.0373
3.0291
3.0315
3.0427
3.0336
3.0142
3.0405
3.0266
3.0362
3.0418
3.0354
3.0407
3.0435
3.0319
3.0372
3.0401
3.0433
3.0336
3.0405
3.0377
3.0301
3.0299
3.0370
3.0417
3.0269
3.0411
3.0384
3.0380
3.0373
3.0298
3.0340
3.0152
3.0414
3.0239
3.0425
3.0341
3.0290
3.0361
3.0429
3.0389
3.0357
3.0310
3.0360
3.0407
3.0406
2.7330
3.0415
3.0416
3.0394
3.0387
3.0311
2.7230
3.0326
3.0382
3.0391
3.0346
3.0217
2.7467
3.0397
3.0404
3.0423
3.0295
3.0294
2.7280
3.0469
3.0299
3.0318
3.0372
3.0312
2.7322
3.0478
3.0433
3.0404
3.0289
3.0346
2.7370
3.0407
3.0381
3.0447
3.0121
3.0315
2.8281
3.0404
3.0446
3.0339
3.0404
3.0385
2.7470
3.0219
3.0302
3.0295
3.0147
3.0393
2.7357
3.0351
3.0301
3.0275
3.0321
3.0420
2.7712
3.0388
3.0380
3.0280
3.0462
3.0441
3.0217
3.0398
3.0390
3.0474
3.0408
3.0175
2.7362
3.0218
3.0445
3.0358
2.7787
3.0297
2.7409
3.0353
3.0388
3.0350
2.7890
3.0331
2.7259
3.0311
3.0243
3.0339
3.0233
3.0293
2.7350
3.0311
3.0324
3.0328
2.9798
3.0323
2.7313
3.0287
3.0463
3.0291
3.0331
3.0388
2.7215
3.0241
3.0378
3.0341
3.0399
3.0443
2.7303
3.0374
3.0462
3.0443
3.0030
3.0400
2.7401
3.0291
3.0332
3.0364
3.0134
3.0278
2.7914
3.0234
2.9725
3.0468
3.0398
3.0423
2.7700
3.0366
3.0345
3.0422
3.0357
3.0437
2.7373
2.9901
3.0408
3.0385
3.0373
3.0399
2.7401
3.0285
3.0263
3.0413
3.0356
3.0324
2.7322
3.0324
3.0327
3.0308
3.0336
3.0352
2.7381
3.0320
3.0416
3.0299
3.0379
3.0296
2.7329
2.9886
3.0329
3.0371
3.0386
3.0407
3.0096
3.0303
3.0380
3.0412
3.0359
3.0451
2.7906
3.0335
3.0335
3.0309
3.0363
3.0393
2.7360
3.0307
3.0375
3.0320
3.0401
3.0294
3.0380
3.0265
3.0378
3.0385
3.0374
3.0408
3.0254
3.0299
3.0387
3.0417
3.0373
3.0453
3.0357
3.0286
3.0344
3.0440
3.0365
3.0370
3.0305
3.0295
3.0343
3.0445
3.0347
3.0339
3.0411
3.0215
3.0375
3.0410
3.0240
3.0344
3.0392
3.0203
3.0279
3.0301
3.0346
3.0363
3.0385
3.0279
3.0444
3.0390
3.0368
3.0300
3.0407
3.0224
3.0307
3.0406
3.0421
3.0408
3.0408
3.0449
3.0321
3.0405
3.0357
3.0458
3.0004
3.0344
3.0322
3.0344
3.0377
3.0376
3.0322
3.0399
3.0458
3.0335
3.0277
3.0263
3.0280
3.0290
3.0408
3.0377
3.0240
3.0403
3.0205
3.0420
3.0228
3.0401
3.0782
3.0402
3.0397
3.0325
3.0208
3.0384
3.0823
3.0275
3.0449
3.0422
3.0272
3.0321
3.0834
3.0302
3.0435
3.0346
3.0391
3.0185
3.0715
3.0324
3.0408
3.0300
3.0335
3.0393
3.0780
3.0303
3.0369
3.0338
3.0308
3.0353
3.0778
3.0334
3.0415
3.0324
3.0293
3.0350
3.0562
3.0392
3.0386
3.0302
3.0383
3.0366
3.0892
3.0415
3.0375
3.0320
3.0267
3.0333
3.0265
3.0421
3.0353
3.0346
3.0356
3.0401
3.0273
3.0428
3.0373
3.0379
3.0340
3.0359
3.0279
3.0411
3.0374
3.0403
3.0396
3.0382
3.0156
3.0296
3.0367
3.0389
3.0419
3.0390
3.0376
3.0332
3.0389
3.0353
3.0286
3.0390
3.0261
3.0352
3.0397
3.0331
3.0392
3.0415
3.0157
3.0411
3.0390
3.0367
3.0366
3.0375
3.0383
3.0294
3.0371
3.0309
3.0325
3.0335
3.0216
3.0397
3.0362
3.0350
3.0345
3.0367
3.0277
3.0426
3.0390
3.0372
3.0426
3.0322
3.0269
3.0422
3.0369
3.0384
2.9021
3.0283
3.0233
3.0435
3.0373
3.0393
3.0439
3.0301
3.0208
3.0337
2.7671
3.0362
2.9869
3.0390
3.0241
3.0342
2.7187
3.0345
3.0196
3.0363
3.0284
3.0340
2.7330
3.0397
3.0435
3.0443
3.0194
3.0343
2.7692
3.0370
3.0173
3.0391
3.0408
3.0325
2.7307
3.0382
3.0287
3.0450
3.0390
3.0417
3.0063
3.0293
3.0351
3.0374
3.0366
3.0311
3.0328
3.0121
3.0356
3.0398
3.0368
3.0229
3.0308
3.0139
3.0461
3.0314
3.0361
3.0374
3.0239
3.0120
3.0427
3.0435
3.0394
3.0388
3.0303
3.0127
3.0260
3.0335
3.0356
3.0400
3.0379
3.0200
3.0401
3.0289
3.0368
3.0459
3.0262
3.0173
3.0453
3.0375
3.0407
3.0368
3.0306
3.0152
3.0439
3.0384
3.0397
3.0305
3.0404
3.0252
3.0277
3.0380
3.0388
3.0332
3.0437
3.0279
3.0433
3.0379
3.0356
3.0389
3.0358
3.0180
3.0390
3.0352
3.0354
3.0355
3.0367
3.0094
3.0296
3.0390
3.0385
3.0383
3.0277
3.0126
3.0337
3.0384
3.0381
3.0395
3.0361
3.0243
3.0412
3.0356
3.0356
3.0380
3.0367
3.0313
3.0365
3.0391
3.0317
3.0401
3.0450
3.0317
3.0407
3.0409
3.0356
3.0421
3.0223
3.0257
3.0178
3.0410
3.0310
3.0384
3.0451
3.0380
3.0294
3.0332
3.0450
3.0324
3.0365
2.9871
3.0287
3.0373
3.0203
3.0347
3.0426
3.0347
3.0425
3.0357
3.0365
3.0358
3.0224
3.0309
3.0496
3.0335
3.0330
3.0370
3.0458
3.0394
3.0293
3.0385
3.0371
3.0417
3.0463
2.9868
3.0362
3.0368
3.0283
3.0407
3.0451
3.0352
3.0294
3.0476
3.0375
3.0442
3.0400
3.0335
3.0260
3.0328
3.0446
3.0405
3.0311
3.0388
3.0310
3.0416
3.0408
3.0324
3.0294
3.0462
3.0374
3.0242
3.0401
3.0235
3.0348
3.0247
3.0261
3.0396
3.0381
3.0309
3.0373
3.0413
3.0386
3.0272
3.0329
3.0338
3.0334
3.0336
3.0388
3.0155
3.0369
3.0335
3.0247
3.0362
3.0279
3.0426
3.0341
3.0397
3.0322
3.0243
3.0287
3.0445
3.0334
3.0414
3.0432
3.0359
3.0232
3.0448
3.0404
3.0459
3.0370
3.0143
3.0345
3.0329
3.0396
3.0423
3.0314
3.0376
3.0353
3.0284
3.0410
3.0408
3.0390
3.0239
3.0433
3.0356
3.0329
3.0349
3.0385
3.0023
3.0266
3.0409
3.0300
3.0261
3.0434
3.0313
3.0377
3.0347
3.0312
3.0373
3.0193
3.0257
3.0078
3.0300
3.0387
3.0328
3.0279
3.0305
3.0001
3.0353
3.0281
3.0298
3.0416
3.0447
3.0422
3.0388
3.0280
3.0346
3.0426
3.0348
3.0228
3.0359
3.0333
3.0386
3.0317
3.0220
3.0311
3.0333
3.0392
3.0458
3.0354
3.0408
3.0369
3.0401
3.0421
3.0353
3.0321
3.0283
3.0427
3.0397
3.0433
3.0440
3.0359
3.0381
3.0378
3.0348
3.0373
3.0387
3.0391
3.0298
3.0314
3.0010
3.0436
3.0346
3.0333
3.0335
3.0443
3.0350
3.0413
3.0284
2.9868
3.0337
3.0387
3.0295
3.0426
3.0401
3.0073
3.0322
3.0347
3.0341
3.0342
3.0383
3.0231
3.0398
3.0475
3.0396
3.0324
3.0392
2.9945
3.0308
3.0481
3.0335
3.0361
3.0386
3.0073
3.0319
3.0288
3.0340
3.0333
3.0399
3.0012
3.0448
3.0327
3.0249
3.0389
3.0450
2.9469
3.0227
3.0348
3.0268
3.0358
3.0464
3.0212
3.0467
3.0294
2.9882
3.0259
3.0445
3.0358
3.0322
3.0358
3.0227
3.0377
3.0395
3.0309
3.0187
3.0298
3.0192
3.0307
3.0339
3.0397
3.0472
3.0223
2.7826
3.0432
3.0279
3.0235
3.0378
3.0372
2.7366
3.0341
3.0326
3.0388
3.0458
3.0212
2.7336
3.0426
3.0326
3.0395
3.0191
3.0203
2.7298
3.0432
3.0259
3.0268
3.0462
3.0207
2.7364
3.0434
3.0388
3.0402
3.0322
3.0335
2.7311
3.0287
3.0302
3.0225
3.0213
3.0436
2.7402
3.0228
3.0421
3.0289
3.0474
3.0333
2.7372
3.0420
3.0401
3.0279
3.0395
3.0267
2.7326
3.0137
3.0347
3.0403
3.0474
3.0352
2.7306
3.0018
3.0345
2.7313
3.0440
3.0401
2.7357
3.0327
3.0364
2.7343
2.7339
3.0446
2.7310
3.0096
3.0300
2.7333
2.7295
3.0333
3.0320
3.0453
3.0343
2.7342
2.7361
3.0305
3.0340
3.0242
3.0385
2.7279
2.7351
3.0358
3.0428
3.0215
3.0385
2.7365
2.7340
3.0254
3.0396
3.0371
3.0377
2.7352
2.7331
3.0411
3.0336
3.0282
3.0295
2.7400
2.7405
3.0376
3.0277
2.9965
3.0416
2.7677
3.0359
3.0241
3.0378
3.0206
3.0414
2.7310
3.0480
3.0430
3.0251
3.0351
3.0308
2.7359
3.0318
3.0456
3.0375
3.0369
2.7363
3.0293
3.0105
3.0156
3.0372
2.7365
3.0387
3.0329
3.0425
3.0362
2.7366
3.0431
3.0349
3.0418
3.0341
2.7359
3.0417
3.0367
3.0389
3.0344
2.7310
3.0413
3.0092
3.0322
3.0324
3.0398
3.0208
3.0260
3.0303
3.0404
3.0126
3.0363
3.0401
3.0343
3.0380
3.0317
3.0438
3.0390
3.0323
3.0331
3.0364
3.0409
3.0450
3.0449
3.0431
3.0389
3.0379
3.0336
3.0113
3.0296
3.0303
3.0418
2.9745
3.0263
3.0377
3.0286
3.0395
3.0281
3.0350
3.0348
3.0355
3.0361
3.0367
3.0287
3.0376
3.0356
3.0301
3.0311
3.0413
3.0335
3.0275
3.0310
3.0378
3.0323
3.0160
3.0221
3.0370
3.0165
3.0253
3.0332
3.0360
3.0332
3.0453
3.0337
3.0399
3.0420
3.0422
3.0437
3.0382
3.0347
3.0058
3.0426
3.0113
3.0328
3.0402
3.0276
3.0350
3.0413
3.0368
3.0449
3.0391
3.0299
3.0433
3.0347
3.0321
3.0351
3.0435
3.0325
3.0304
3.0343
3.0464
3.0343
3.0143
3.0367
3.0298
3.0385
3.0409
3.0419
3.0280
3.0441
3.0272
3.0401
3.0355
3.0361
3.0366
3.0374
3.0181
3.0365
3.0329
3.0340
3.0210
3.0355
3.0407
3.0330
3.0185
3.0325
3.0429
3.0342
3.0434
3.0356
3.0314
3.0410
3.0252
3.0383
3.0349
3.0211
3.0354
3.0363
3.0385
3.0391
3.0317
3.0384
3.0282
3.0389
3.0464
3.0405
3.0363
3.0341
3.0372
3.0311
3.0314
3.0337
3.0312
3.0414
3.0354
3.0357
3.0385
3.0374
3.0317
3.0339
3.0316
3.0375
3.0383
3.0429
3.0345
3.0337
3.0319
3.0374
3.0316
3.0334
3.0356
3.0308
3.0365
3.0406
3.0376
3.0162
3.0402
3.0326
3.0129
3.0382
3.0376
3.0377
3.0433
3.0399
3.0352
3.0379
3.0308
3.0261
3.0318
3.0341
3.0286
3.0326
3.0343
3.0355
3.0307
3.0396
3.0398
3.0296
3.0339
3.0281
3.0342
3.0372
3.0345
3.0292
3.0355
3.0282
3.0421
3.0438
3.0301
3.0349
3.0374
3.0406
3.0395
3.0313
3.0360
3.0329
3.0351
3.0342
3.0369
3.0415
3.0277
3.0368
3.0380
3.0404
3.0337
3.0432
3.0349
3.0298
3.0419
3.0392
3.0347
3.0411
3.0321
3.0355
3.0355
3.0367
3.0312
3.0398
3.0403
3.0385
3.0353
3.0328
3.0370
3.0255
3.0280
3.0247
3.0161
3.0380
3.0221
3.0166
3.0371
3.0389
3.0388
3.0376
3.0354
3.0352
3.0386
3.0345
3.0341
3.0348
3.0392
3.0490
3.0245
3.0357
3.0398
3.0300
3.0471
3.0395
3.0407
3.0376
3.0368
3.0353
3.0378
3.0380
3.0351
3.0342
3.0416
3.0328
3.0386
3.0289
3.0411
3.0330
3.0424
3.0144
3.0269
3.0224
3.0289
3.0294
3.0363
3.0364
3.0339
3.0343
2.8006
3.0461
2.9971
3.0300
3.0480
3.0071
3.0330
3.0387
3.0360
3.0226
3.0274
3.0128
3.0204
3.0209
3.0236
2.3584
2.3770
2.3789
2.3818
2.3777
2.3840
2.3807
2.3820
2.3854
2.3769
2.3823
2.3873
2.3842
2.3866
2.3830
2.3809
2.3800
2.3845
2.3809
2.3847
2.3549
2.3687
2.3909
2.3935
2.3717
2.3631
2.3886
2.3913
2.3893
2.3567
3.0311
3.0410
2.7472
2.8363
2.7681
2.9968
3.0361
3.0426
3.0266
3.0386
3.0415
3.0200
3.0296
2.7737
2.7369
2.7352
2.7354
2.7310
2.7308
2.7341
2.7304
