35.28
33.66
36.71
33.4
48.86
36.61
33.7
36.54
35.25
30.93
47.33
39.82
32.87
33.41
35.88
35.39
45.81
38.54
35.15
35
34.66
35.7
44.85
34.74
33.76
35.54
36.89
37.72
46.69
38.63
35.44
34.6
39.32
36.18
47.92
33.79
33.45
32.16
36.34
38.06
44.06
37.92
35.35
31.61
41.25
38.02
47.23
36.29
33.71
32.3
40.83
39.84
46.24
35.94
34.19
32.27
38
36.71
48.5
31.97
30.4
35.81
40.43
35.92
42.6
38.11
32.8
34.61
37.28
38.5
48.47
39.79
30.72
32.65
37.09
40.06
46.84
42.26
39.69
32.88
39.17
39.19
47.27
39.97
35.31
33.24
37.69
39.88
48.79
39.93
33.66
35.06
36.29
37.5
45.8
40.01
36.85
33.34
36.93
42.64
49.18
38.52
35.42
33.34
35.85
33.68
48.88
38.85
35.65
32.71
35.82
38.14
40.09
33.04
35.15
31.53
33.67
31.75
48.72
35.42
36.05
29.42
33.09
41.33
46.65
34.83
32.07
35.88
32.62
38.74
46.71
39.1
39.87
35.05
33.03
34.98
43.83
38.59
34.5
34.6
37.41
36.26
42.83
40.75
38.05
36.05
36.19
39.04
49.73
34.43
38.46
40.63
40.1
33.58
43.23
36.66
37.71
36.67
38.54
36.73
44.69
36.79
37.6
34.4
40.93
35.32
48.97
39.06
38.66
35.61
39.38
33.15
46.07
33.78
39.26
37.42
37.91
32.39
49.83
36.01
34.65
36.1
39.76
29.48
45.99
35.71
38.87
33.45
36.59
33.9
46.46
34.71
40.53
31.81
38.23
26.17
44.94
33.75
40.23
35.32
40.61
29.12
43.6
31.66
38.06
37.97
37.93
28.85
44.92
34.52
36.84
33.82
36.04
26.24
48.82
35.85
41.31
32.68
36.09
26.31
43.48
31.51
34.16
37.31
35.65
27.33
47.35
30.78
36.7
36.74
36.44
23.94
43.65
31.25
39.2
39.33
34.28
24.5
39.92
34.85
34.52
35.68
41.51
23.31
44.74
30.53
34.22
29.83
34.83
26.22
41.52
33.94
32.08
38.09
41.09
28.86
42.4
30.85
33.56
36.18
37.85
27.78
40.73
29.1
38.22
40.78
41.75
28.42
41.84
31.85
33.65
37.72
39.02
28.25
43.66
30.3
36.53
34.35
30.9
25.22
45.33
37.93
36.48
38.93
40.14
20.34
42.54
34.7
37
35.39
34.1
24.33
46.35
40.88
37.95
36.66
35.93
27.7
43.61
38.21
36.92
40.28
31.17
24.07
46.72
34.99
34.59
36.23
35.98
25.77
39.92
37.81
40.09
37.8
34.79
28.6
44.96
37.86
30.43
34.58
35.38
29.04
40.61
40.19
36.62
36.77
34.07
25.86
41.27
38.48
31.38
34.33
33.99
24.09
46.31
36.88
33.27
32.91
31.39
21.05
47.17
37.73
32.61
35.6
33.12
26.07
50
42.01
25.82
31.13
40.52
25.63
46.51
28.38
32.78
35.68
33.84
23.35
41.1
38.81
29.66
37.32
32.95
18.71
42.82
37.87
28.39
34.91
40.56
18.56
43.78
38.77
26.67
34.57
30.95
21.34
40.9
39.69
26.31
34.41
35.65
25.51
41.44
36.88
26.2
34.88
41
20.91
45.6
34.46
30.6
39.19
36.17
25.72
46.48
31.9
31.58
31.95
39.05
23.69
45.03
31.91
29.25
35.84
41.18
23.9
44.15
36.41
30.71
38.75
38.58
26.87
46.03
36.49
26.94
37.15
33.49
26.48
46.18
36.23
26.44
41.71
34.49
24
47.3
33.2
23.1
37.45
37.19
24.26
50.53
34.44
26.2
36.07
39.57
24.94
47.05
36.58
21.98
39.74
36.11
25.47
47.88
37.41
26.34
37.13
35.44
22.5
46.6
30.54
28.33
34.6
41.84
21.86
41.2
36.75
33.97
36.33
35.45
19.09
45.41
31.59
33.93
36.14
41.41
21.82
46.08
32.72
24.13
39.88
33.62
19.79
47.59
33.54
30.1
37.15
38.51
21.07
47.02
38.32
28.98
48.58
40.94
22.17
39.71
37.99
27.87
49.38
35.41
20.64
40.27
32.98
28.6
41.8
38.17
33.99
47.79
39.57
31.34
45.91
39.3
21.7
33.93
37.35
31.79
35.39
36.96
25.71
46.89
36.45
36.15
47.63
41.29
28.81
31.93
36.38
35.93
33.72
44.13
23.06
47.28
36.38
30.46
47.55
41.93
28.48
31.45
36
36.53
44.62
41.25
23.13
38.17
33.82
38.63
30.13
35.88
26.34
48.81
37.46
31.53
47.65
38.56
22.01
34.79
38.98
35.68
34.98
34.38
23.07
50.99
34.32
30.61
46.25
35.98
26.32
30.87
32.15
34.2
42.17
35.99
24.83
30.64
35.88
36.59
31.72
37.95
25.97
49.24
36.38
37.87
46.62
36.12
24.72
33.52
37.85
31.57
47.42
34.85
19.59
35.86
35.73
31.99
35.53
37.75
24.08
47.02
31.1
40.42
46.07
39.48
21.06
40.35
30.64
40.37
32.98
39.86
26.34
45.67
31.46
39.1
44.87
40.91
25.89
32.55
32.67
40.01
36.2
40.55
23.78
48.53
30.85
37.17
48.29
41.08
23.49
35.71
34.01
34.6
48.03
41.51
23.41
38.42
25.63
37.11
31.97
39.17
25.94
44.64
27.73
37.15
44.4
40.18
23.52
33.81
29.53
39.43
34.26
35.68
24.43
46.7
25.3
35.95
47.9
38.92
26.65
33.59
26.79
38.51
44.35
37.44
22.2
38.32
34.06
36.33
37.69
39.76
30.52
42.92
28.74
40.02
43.39
34.57
25.21
35.45
27
38.71
44.09
39.92
24.02
34.3
21.21
40.62
36.43
37.59
24.52
45.93
27.07
38.65
45.72
36.7
29.11
29.6
23.68
38.24
41.69
39.58
24.9
34
21.64
38.15
45.4
33.63
19.78
30.83
21.34
39.82
34.15
32.78
26.24
38.69
26.4
33.53
42.39
32.83
24.61
29.04
28.61
40.31
33.39
37.68
22.99
44.46
25.63
37.57
46.44
35.97
24.75
34.99
24.67
37.91
33.23
35.04
26.05
41.83
23.19
38.57
49.14
37.58
25.24
30.49
24.28
43.06
43.67
36.06
27.99
33.31
25.25
34.18
37.31
43.51
18.83
45.49
21.03
36.2
51.66
37.56
17.61
33.73
20.76
40.49
49.46
39.34
23.71
37.64
26.47
37.37
33.1
37.21
21.24
46.98
20.01
37.14
49.32
37.99
28.99
32.7
22.11
37.2
35.34
39.33
29.21
44.49
22.86
42.23
36.11
38.61
29.28
48.12
24.25
41.15
37.12
36.56
27.89
46.08
26.66
42.56
37.38
37.1
28.28
50.46
20.86
35.43
31.46
41.81
30.35
50.81
24.7
38.92
34.51
42.55
30.34
47.15
26.78
33.2
37.93
34.14
30.03
48.97
24.67
36.07
33.86
41.15
27.14
48.19
25.79
36.58
34.8
40.69
25.8
45.99
24.52
40.17
39.12
39.15
28.42
45.33
29.44
38.94
39.47
40.75
28.79
46.5
31.62
36.09
35.65
38.01
28.84
45.88
23.52
37.11
35.35
35.95
25.76
47.4
29.28
39.62
40.47
34.03
28.78
47.75
27.31
41.87
33.85
30.79
25.69
43.09
23.78
39.57
40.45
33.93
24.29
49.06
22.17
37.27
45.26
34.68
31.42
38.83
20.35
35.02
38.19
36.99
31.57
47.73
26.89
33.7
35.63
38.87
26.88
45.08
23.05
35.16
35.97
37.16
26.07
46.32
23.61
37.75
30.76
40.68
27.3
47.62
26.45
34.96
36.14
37.42
34.28
45.31
23.08
35.91
46.1
35.83
26.32
35.86
25.5
29.75
32.89
37.63
39.6
48.48
22.34
34.96
46.44
40.39
36.23
40.24
16.72
37.08
44.39
37.48
32.91
39.66
28.68
32.96
36.62
38.02
40.51
46.46
28.17
32.09
42.22
36.13
37.62
38.51
29.12
37.42
47.95
34.45
29.1
36.8
31.83
34.99
35.72
37.82
33.22
40.91
33.91
30.7
43.44
35.36
30.79
37.2
38.91
35.12
39.33
38.75
31.36
45.22
37.43
31.12
47.45
35.99
40.17
38.81
40.7
36.7
45.11
37.24
34.16
35.7
31.1
34.35
45.99
36.36
37.73
35.01
35.78
37.49
36.07
39.27
37.82
44.95
32.11
41.25
33.57
35.56
37.18
44.37
33.23
31.19
43.63
39.62
42.63
38.46
42.96
34.55
45.32
37.23
43.32
31.27
39.65
36.46
33.96
37.65
35.24
42.69
41.53
33.71
39.21
34.94
40.71
32.9
42.69
34.7
32.89
30.03
36.15
43.76
44.59
37.47
46.9
35.52
36.93
31.13
43.81
39.11
36.17
38.33
33.07
47.83
38.52
40.16
45.16
35.33
36.78
33.23
41.32
34.75
47.95
38.36
37.76
35.45
39.59
37.81
38.88
34.43
37.64
46.39
35.35
38.29
46.86
34.02
36.57
32.88
34.58
37.23
36.71
32.88
38.77
46.04
35.17
39.42
42.51
31.42
35.48
35.41
36.53
34.31
37.82
32.36
36.17
42.15
37.21
37.96
41.69
30.88
32.65
35.55
38.66
34.16
34.86
36.11
33.47
40.38
40.12
34.28
42.15
32.64
33.24
33.7
36.9
32.9
42.44
34.6
39.78
33.32
39.56
33.7
29.23
37.23
36.48
41.75
39.56
35.18
47.08
34.74
37.08
26.99
37.45
38.47
29.15
32.04
36.56
40.43
37.11
37.77
42.57
35.75
33.81
26.35
33.39
33.58
26.88
39.38
32.37
33.02
33.09
38.95
39.71
36.67
36.49
28.07
32.02
38.76
38.59
33.74
34.51
22.14
33.02
37.93
24.56
39.13
30.98
35.14
38.12
37.42
29.77
37.81
40.21
35.74
39.94
37.01
32.34
33.18
34.74
35.72
33.9
36.16
30.93
36.47
36.65
38.13
31.1
40.58
27.22
33.32
36.3
36
34.15
40.06
29.02
36.05
38.35
37.33
38.19
36.07
32.31
35.77
31.53
36.82
33.35
35.38
27.79
35.15
39.69
37.94
39.37
32.28
24.95
33.13
34.09
39.57
36.69
34.54
33.87
40.85
36.32
38.8
32.05
38.79
26.07
36
33.91
41.23
36.13
36.26
30.34
39.64
32.28
39.1
32.81
32.75
26.3
38.31
36.06
34.43
36.58
33.66
37.86
38.69
35.35
25.78
37.17
31.3
34.49
38.48
34.81
36.42
27.75
35.03
29.75
38.93
31.1
35.67
36.57
36.8
27.01
31.56
35.34
30.4
35.24
35.35
30.48
34.96
39.8
40.68
32.94
38.43
26.62
33.52
32.1
35.06
37.34
39.23
41.19
31.91
38.96
28.14
38.89
41.62
25.89
31.37
39.53
36.2
39.51
40.2
26.75
33.15
40.39
36.08
34.48
39.32
33.3
32.37
35.33
24.52
35.59
35.07
33.35
31.81
36.51
28.53
35.5
39.87
27.06
29.69
38.65
34.57
32.53
40.33
36.75
32.12
39.53
31.45
33.62
36.44
30.31
30.17
39.02
28.41
36.42
35.54
32.68
34.64
37.69
26.08
38.05
38.48
21.23
34.56
37.46
34.75
38.87
32.72
36.45
35.97
37.25
20.84
34.37
34.36
35.98
36.01
35.57
25.58
35.84
37.06
21.74
34.05
33.04
31.88
34.84
36.12
35.07
36.47
41.05
21.6
35.46
37.27
34.9
31.76
38.28
22.58
33.71
36.46
25.98
35.38
33.17
34.99
30.57
35.46
39.13
34.01
41.13
23.14
36.38
35.48
24.88
35.53
38.71
34.89
36.42
35.88
31.19
37.2
35.17
25.35
31.21
34.11
17
33.57
41.2
34.47
30.18
37.35
33.79
36.41
39.84
17.48
33.36
36.77
21.12
35.63
38.68
38.31
33.66
37.05
36.87
32.71
34.28
12.96
36.13
34.63
21.33
32.92
39.73
38.58
35.81
39.01
35.72
34.46
39.13
20.67
38.19
40.61
43.91
30.81
37.81
20.97
33.91
33.83
21.61
29.55
35.63
39.31
33.55
37.75
39.27
32.79
32.96
15.25
32.89
33.54
38.01
37.8
33.98
16.42
35.28
37.68
21.65
37.19
29.54
38.59
33.82
31.68
37.48
32.09
38.42
22.83
33.96
35.57
27.22
31.18
34.38
34.7
31.66
30.47
37.29
31.21
31.82
20.61
33.45
38.09
17.23
31.54
35.61
35.52
36.78
32.09
33.1
35.74
37.93
13.03
37.8
38.39
31.51
37.32
35.41
20.73
36.71
32.7
23.02
33.75
37.58
34.2
33.88
33.99
33.61
32.16
34.4
23.37
32.8
32.82
31.27
36.47
31.63
22.89
32.73
32.12
16.71
31.99
31.55
38.08
33.34
35.06
35.63
32.95
29.5
16.58
39.02
35.01
36.29
37.99
32.05
22.64
34.28
35.84
21.94
34.04
29.04
28.91
36.01
31.07
31.12
31.46
33.62
16.84
34.8
34.86
32.9
33.95
29.29
17.81
36.93
25.21
23.76
33.4
32.53
25.93
36.46
29.95
30.15
35.67
33.02
25.88
35.81
26.59
31.69
34.58
29.98
27.37
34.88
30.28
23.68
34.57
29.4
22.69
42.19
35.42
25.11
35.93
38.14
26.85
36.82
39.07
26.77
36.48
35.19
24.36
39.3
40.69
29.01
39.36
30.69
27.11
34.67
32.79
26.48
41.41
39.11
23.58
35.56
33.47
23.62
44.62
31.76
24.98
35.52
35.1
26.13
36.43
39.08
23.51
36.04
31.9
24.23
39.52
34.8
32.26
34.86
37.98
37.74
42.03
36.27
27.05
35.51
30.32
31.4
38
31.77
29.6
35.8
35.24
27.03
39.74
34.49
31.75
37.45
35.87
32.55
38.51
40.79
30.19
30.78
37.13
40.24
38.27
35.29
30.25
39.56
33.79
25.44
34.81
34.17
33.97
38.48
32.12
39.22
37.89
32.78
25.55
38.38
36.96
38.2
38.63
30.95
22.13
38.65
29.38
25.31
39.76
34.69
34.29
31.09
33.16
36.45
40.54
28.18
30.91
37.14
34.14
30.72
33.06
29.6
37.85
38.69
30.46
36.94
35.37
38.64
21.3
37.93
34.13
40.62
35.07
35.37
20.65
36.11
35
23.63
37.77
36.46
39.77
41.6
32.77
36.59
37.95
31.76
23
37.29
36.96
35.66
40.4
33.49
25.74
39.65
36.95
21.56
40.01
33.98
37.72
35.73
37.65
36.09
39
35
30.74
33.12
29.68
27.01
37.11
33.86
34.16
36.34
32.43
34.13
42.62
37.24
24.11
34.99
33.73
30.17
36.43
35.22
35.75
34.3
33.79
30.34
35.66
37.37
34.34
33.11
32.95
35.83
38.53
39.34
34.19
35.55
35.8
36.02
38.91
36.5
33.68
38.59
40.59
34.22
41.51
32.95
35.34
36.15
32.05
35.5
42.21
34.93
38.71
35.47
39.13
39.15
40.5
33.56
36.39
36.11
35.13
31.84
37.72
31.8
35.1
36.51
32.11
33.63
43.57
37.42
31.71
40.37
35.29
29.32
41.6
32.91
34.77
43.93
33.95
23.94
40.38
36.82
36.87
35.01
32.73
28.66
39.48
30.09
37.14
37.08
33.43
24.99
34.34
32.22
33.83
35.6
32.42
25.04
36.92
33.81
33.68
39.27
32.61
24.13
38.3
37.15
36.09
35.84
35.61
37.28
36.47
32.37
24.18
35.34
35.64
28.65
33.84
31.31
36.12
40.25
32.37
28.48
29.52
35.08
39.05
39.61
37.98
34.31
31.73
37.67
28.85
36.75
35.8
33.04
31.1
36.49
26.97
34.43
35.71
29.87
32.14
35.53
35.74
36.22
33.78
27.03
32.51
38.35
32.77
37.91
36.29
32.38
31.32
40.64
34.63
34.89
33.47
27.27
36.33
32.58
32.5
35.06
33.84
18.37
34.29
38.13
35.28
32.41
32.65
20.57
37.26
35.44
30.89
35.01
38.11
18.91
33.88
31.43
30.87
37.36
36.08
25.74
32.85
37.49
36.64
29.74
35.29
20.43
33.05
38.15
32.73
33.45
38.46
26.66
35.88
36.82
30.78
36.98
36.89
27.35
40.36
35.12
36.45
34.05
32.1
25.47
33.31
38.25
35.14
33
36.36
20.45
33.57
30.15
34.93
32.05
34.51
23.93
32.41
37.86
36.2
32.12
36.73
25.36
30.39
40.13
32.04
33.57
35.76
29.65
35.11
39.74
32.73
37.64
29.3
29.7
31.54
35.38
31.03
29.15
34.49
23.99
34.43
39.05
31.46
27.98
34.24
27.23
32.14
42.25
34.19
34.75
35
31.22
36.48
39.42
32.6
35.09
38.46
27.24
39.05
37.17
35.09
30.54
36.03
27.63
39.01
34.92
33.32
30.04
33.17
26.46
33.92
35.64
33.32
30.82
39.87
26.58
38.74
30.36
36.08
34.58
30.36
27.47
33.6
33.84
30.03
31.52
34.2
29.21
36.21
31.87
31.8
38.97
33.5
28.27
36.62
29.44
36.18
34.98
32.13
26.69
34.06
32.92
32.6
32.55
33.82
27.55
31.5
30.73
37.32
33.59
34.87
23.46
35.7
30.23
31.72
32.81
36.62
25.82
35.67
29.92
31.39
35.26
39.16
27.44
32.8
30.88
32.67
38.27
38.23
27.15
30.95
19.91
35.24
34.99
33.35
22.69
31.86
24.03
33.85
35.69
31.87
23.38
31.19
23.16
36.36
34.69
36.28
25.52
32.99
23.97
39.74
37.23
36.31
23.25
35.37
25.96
38.64
36.28
30.45
24.02
34.04
26.41
44.22
39.97
28.47
30.32
34.83
24.85
44.52
36.35
33.69
31.42
32.57
25.87
45.8
33.45
37.65
27.99
35.77
28.78
37.13
36.94
35
29.65
35.5
25.86
45.23
31.94
35.55
28.35
35.44
26.79
47.56
39.99
41.78
26.75
35.38
28.34
45.55
42.05
37.69
23.05
33.94
26.59
42.25
38.93
38.95
23.4
31.69
27.82
46.36
36.17
37.78
27.1
35.17
23.65
47.89
36.58
42.2
29.72
31
27.89
45.53
37.49
39.74
26.39
35.82
25.96
43.78
41.28
38.64
33.55
30.04
26.61
47.21
36.52
36.96
29.65
28.25
33.38
46.51
34.07
38.33
32.85
36.03
30.62
45.93
35.07
37.05
30.76
34.46
30.48
43.4
33.74
36.1
25.36
35.76
33.52
42.46
36.33
37.25
26.62
36.19
32.44
46.55
32.85
34.76
27.25
37.65
25.27
40.98
35.37
30.94
24.27
33.03
29.09
44.12
33.69
34.64
26.79
28.55
28.93
43.2
37.51
37.09
26.37
30.62
28.18
37.08
34.21
35.83
29.31
32.16
25.53
37.21
35.26
33.03
32.81
39.23
28.82
34.95
28.99
36.29
32.29
34.09
24.88
34.38
38.65
37.81
33.87
32.8
30.84
38.32
31.4
32.05
35.51
33.62
28.71
33.38
30.41
32.84
38.07
30.73
35.49
36.79
25.1
38.35
36.78
29.57
39.9
35.9
30.52
34.51
37.53
32.56
39.23
34.63
28.81
36.36
37.84
33.55
36.38
32.09
31.82
33.14
39.33
28.67
32.77
35.43
35.2
37.89
35.48
35.13
34.25
37.26
31.36
38.42
37.01
32.53
31.3
38.16
28.11
36.36
34.54
31.77
32.05
35.96
29.17
33.72
36.46
33.91
33.83
32.98
29.93
34.29
35.31
33.23
33.26
34.17
33.2
34.95
38.34
30.23
38.05
32.9
32.86
34.53
36.94
30.12
37.91
36.79
35.96
31.98
38.2
34.11
34.45
40.56
34.01
33.26
37.86
38.28
31.44
36.53
28.02
31.07
34.19
36.59
37.4
33.96
28.55
36.9
37.45
34.04
38.76
36.28
33.03
37.83
35.83
32.43
34.1
31.41
31.74
36.61
32.9
34.58
31.58
37.08
25.01
36.1
32.99
30.8
36.24
35.33
30.9
37.47
31.45
30.25
34.23
35.65
27.25
36.21
34
32.96
32.8
35.48
25.72
40.36
30.8
35.41
34.15
35.74
23.58
40.93
29.82
36.28
31.63
32.57
27.8
41.15
36.3
36.43
33.4
35.93
35.63
45.9
36.14
34.61
32.33
38.7
32.6
38.65
33.23
35.33
33.8
35.09
29.82
36.37
35.7
36.78
33.63
37.27
32.71
34.91
34.93
31.63
38.69
37.42
31.59
33.4
33.16
28.75
33.81
37.59
40.57
40.83
34.21
36.9
33.13
35.7
32.92
40.51
31.34
33.76
27.54
38.31
35.98
43.1
33.5
37.76
29.74
32.54
33.65
39.74
33.54
30.44
28.57
35.78
33.31
35.67
35.37
37.08
29.67
36.3
33.88
37.66
28.19
31.45
35.83
34.97
33.09
35.2
31.47
34.47
32.1
37.01
31.35
36.75
31.94
37.82
26.04
38.3
31.16
40.09
27.4
35.96
27.58
36.34
32.46
40.81
29.94
38.6
31.24
40.03
32.32
36.9
28.13
33.72
24.49
44.41
34.31
35.53
36.45
42.64
27.39
43.46
29.68
37.17
28.62
38.14
27.07
38.63
34.08
40.6
29.63
39.19
27.82
37.68
37.88
36.3
30.93
32.85
28.13
38.05
30.61
38.25
32.17
40.1
28.56
40.55
35.05
34.5
36.27
42.85
34.17
36.48
30.95
38.11
32.21
39.07
24.78
38.21
35.69
34.06
38.04
38.04
25.42
36.73
35.07
35.14
31.78
39.24
23.7
36.84
33.61
36.16
36.88
42.53
26.1
31.81
36.32
35.72
34.21
38.27
23.78
36.61
31.42
34.71
34.04
39.71
24.66
36.54
31.43
41.32
33.05
36.63
25.44
34.13
28.74
38.02
36.84
33.93
25.28
32.05
35.7
37.97
36.38
38.11
26.54
28.1
27.48
35.75
32.37
35.65
23.26
30.43
34.07
34.45
35.52
38.86
20.56
34.35
35.95
35.49
34.32
35.04
26.48
25.93
36.95
40.14
27.14
38.41
30.93
31.33
38.43
33.67
25.71
34.42
32.77
30.17
34.83
37.58
33.79
39.54
28.97
33.21
38.93
34.59
34.19
38.25
23.03
31.4
34.05
40.81
31.26
35.81
21.73
30.95
39.02
37.28
33.76
33.26
26.75
29.83
34.74
36.78
35.68
34.76
24.71
33.19
38.1
39.47
34.9
36.39
24.25
33.23
32.18
37.11
31.15
34.16
22.49
22.5
31.58
39.18
39.49
33.77
25.51
27.17
35.55
38.17
38.04
37.17
24.15
32.39
34.04
41.12
40.12
31.71
16.37
28.19
35.56
41.44
36.73
33.27
23.64
34.76
33.29
39.31
32.96
33.14
18.8
39.23
31.16
45.33
36.56
29.36
25.19
32.24
28.62
43.48
36.98
31.52
20.34
34.9
24.39
47.47
42.51
36.65
23.09
36.06
31.93
41.15
38.7
30.89
21.56
32.5
29.21
43.75
38.83
32.41
25.68
33.16
34.92
45.94
37.09
33.27
21.38
35.69
32.92
44.74
43.32
33.63
20.56
31.61
34.59
44.02
41.14
30.2
21.49
29.61
37.02
47.08
39.26
36.51
22.57
37.81
32.79
49.62
42.87
30.83
20.03
37.97
29.63
45.39
38.53
33.07
23.8
33.33
34.87
44.31
38.13
35.56
18.47
31.77
29.79
47.27
44.55
32.68
22.02
36.35
29.77
44.43
44.8
31.82
20.32
32.62
23.28
47.71
40.72
31.05
20.66
34.78
28.67
47.82
42.16
32.51
23.28
34.09
26.79
46.49
42.75
38.85
23.49
36.65
28.13
49.69
39.28
32.49
19.43
34.84
26.23
49
39.81
30.41
24.81
36.13
33.22
47.59
37.71
33.82
24.08
37.46
28.2
44.8
42.12
39.31
22.62
36.7
33.47
44.24
39.32
35.6
21.11
35.92
38.8
41.56
41.65
35.19
26.28
33.8
33.21
39.99
45.09
31.47
26.52
37.14
32.55
40.67
44.4
35.95
25.73
37.91
31.04
45.01
42.59
31.76
22.5
36.45
30.94
39.91
45.49
35.3
19.44
37.7
35.85
48.91
43.9
32.5
25.52
40.09
31.02
41.13
40.42
32.67
27.07
41.71
31.91
41.89
43.56
32.7
21.58
37.97
36.49
47.01
44.63
34.94
25.98
37.74
27.8
47.42
44.39
36.55
24.87
33.51
37.64
48.04
45.68
32.38
22.98
32.52
34.28
44.64
44.55
36.62
23.54
35.16
28.95
41.91
42.99
35.92
18.85
33.66
33.24
44.21
36.65
36.07
18.27
36.31
35.29
43.84
43.95
33.27
18.18
33.95
34.88
44.16
37.45
36.13
16.53
34.79
33.52
46.91
41.97
35.74
25.63
31.39
30.81
45.72
39.77
35.75
22.08
38.37
34.88
42.65
39.29
36.79
19.89
36.92
36.98
46.74
40.51
35.23
21.96
37.21
34.2
41.39
38.68
34.67
19.72
37.96
30.71
42.56
40.6
34.05
20.48
37.23
30.66
40.63
44.47
35.2
25.07
37.36
25.19
39.6
45.21
34.26
24.16
36.52
28.11
45.73
42.87
28.21
18.61
37.55
24.98
45.34
41.12
32.63
15.93
38.03
33.04
41.75
37.55
34.27
23.83
35.66
24.96
40.81
40.4
33.01
20.97
36.27
28.47
43.8
45.36
29.16
20.11
32.86
28.63
40.89
49.52
30.81
18.05
37.88
31.1
39.07
48.31
30.53
20.22
34.97
32.39
39.69
47.74
31.05
17.2
30.99
34.85
42.01
45.1
28.85
19.94
33.17
36.86
42.31
45.93
32.38
24.12
34.14
35.69
42.58
40.38
32.73
17.42
35.26
35.8
40.5
44.42
30.5
19.73
34.08
30.48
41.46
43.29
31.38
16.84
35.29
34.7
42.37
44.68
29.77
17.76
38.57
32.23
41.27
43.19
34.1
24.92
35.32
35.07
43.44
42.91
31.88
23.7
41.37
36.28
45.31
38.11
33.45
21.33
35.05
33.5
43.5
35.75
33.98
17.95
41.75
34.32
39.52
43.5
30.37
17.43
37.82
38.05
41.73
43.17
30.73
23.62
37.8
34.29
47.53
44.38
35.26
23.68
39.52
36.22
47.55
39.42
34.89
18.11
36.67
31.19
45.98
37.08
39.4
20.49
38.75
33.43
46.18
37.25
35.65
18.25
37.32
32.53
47.35
34.99
30.97
19.95
35.15
32.93
48.98
33.13
33.79
23.99
32.46
34.58
46.72
39.6
35.28
22.63
35.74
39.04
47.74
37.15
32.13
19.12
33.25
38.44
48.89
34.59
37.3
16.24
36.51
34.91
48.07
36.09
42.55
25.21
33.26
34.35
44.01
31.71
35.65
20.45
32.14
35.2
46.08
36.34
38.07
22.33
31.22
35.03
45
38.64
33.5
15.97
33.11
39.73
46.59
34.97
33.14
18.42
36.32
39.3
47.75
36.36
34
17.46
32.04
38.87
47.12
39.5
37.29
20.24
32.62
42.82
45.14
40.53
34.56
17.56
36.47
38.07
43.42
35.76
36.23
19.2
37.8
43.37
46.65
35.4
36.25
18.83
33.78
37.62
46.12
34.98
39.07
18.09
39.73
36.59
41.1
36.14
35.36
18.71
37.42
30.91
41.27
30.85
34.68
21.86
37.16
31.91
43.48
35.85
39.13
18.99
38.75
33.96
42.09
28.99
33.44
19.17
37.14
32.3
45.58
34.69
38.34
16.07
36.46
37.55
38.79
35.55
36.74
23.31
37.33
35.17
43.81
30.46
37.15
22.73
35.58
34.87
39.68
26.57
34.16
19.48
40.75
34.46
40.8
28
34.68
25.17
34.34
31.91
43.22
25.44
35.02
15.68
35.28
36.97
43.96
25.78
38.48
22.46
34.99
36.11
16.6
30.1
33.13
35.51
35.71
33.79
43.3
26.72
35.19
19.54
36.09
31.59
39.16
27.86
38.58
18.05
33.04
35.52
40.84
22.83
34.43
17.25
31.95
34.57
41.7
23.63
36.57
17.1
32.2
33.81
41.35
25.27
34.35
22.16
35.21
36.83
39.56
23.95
33.27
16.25
34.74
36.26
22.24
29.27
29
41.81
33.25
34.68
43.37
27.8
33.75
20.12
37.76
34.46
18.63
31.38
33.38
40.32
34.08
36.52
41.46
28.27
32.81
21.31
37.62
36.8
16.44
29.52
33.48
41.76
33.93
31.74
17.98
24.88
34.23
40.57
35.31
33.78
41.76
28.92
36.55
19.21
28.85
34.63
18.29
35.71
36.8
37.75
26.22
36.04
45.6
21.73
38.27
18.27
32.98
34.32
20.24
30.99
36.16
51.53
26.68
35.92
23.03
27.32
36.97
40.09
30.5
32.1
42.72
26.47
33.89
24.53
31.07
36.39
22.55
30.84
39.37
46.47
26.53
34.15
17.17
27.48
40.59
47.15
28.08
35.23
18.71
25.21
42.88
48.65
26.91
36.82
47.34
27.17
36.24
20.48
26.13
30.92
20.07
27.76
37.26
44.38
29.11
34.93
13.42
28.04
38.2
43.3
29.57
35.81
44.42
29.86
39.72
17.64
23.57
35.83
20.86
25.37
39.46
47.95
24.58
37.93
23.36
27.87
32.57
46.55
31.54
35.33
41.69
22.81
34.48
18.68
26.84
28.37
17.27
30.14
34.3
46.25
24.3
38.67
19.1
17.93
36.26
45.53
29.5
32.79
43.65
28.33
36.96
28.58
14.68
32.34
23.66
30.6
39.83
43.19
19.33
31.51
43.28
18.32
43.85
19.57
31.52
31.7
20.1
28.39
31.56
44.01
24.52
45.97
24.71
19.02
35.83
46.81
31.11
42.94
27.6
34.64
44.43
43.04
18.49
35.2
46.51
19.19
34.89
21.78
32.28
47.04
24.21
31.65
37.58
42.11
21.16
46.08
39.71
33.84
43.94
24.65
19.37
35.17
24.25
30.6
32.92
39.22
15.27
41.55
21.95
28.13
33.46
37.49
35.17
39.06
24.06
19.61
31.28
38.17
31.47
31.58
37.27
24.19
31.81
25.01
33.96
36.4
27.89
22.58
39.82
36.64
34.99
31.06
40.98
20.83
38.47
26.03
31.04
41.46
25.54
20.39
38.83
39.02
38.45
40.66
27.39
26.61
39
38.68
36.47
36.92
39.23
27.62
34.84
23.22
32.5
38.46
21.68
29.9
38.26
42.32
37.63
38.06
40.78
25.98
34.56
25.14
37.24
35.78
23.54
21.41
36.8
39.67
36.12
36.52
33.23
22.85
39.73
39.54
36.98
40.01
30.38
24.72
38.73
38.92
38.03
38.05
41.3
21.93
38.09
28.95
32.94
40.16
27.74
26.09
41.03
37.21
35.39
35.91
40.2
21.22
35.52
28.67
41.2
40.05
36.62
25.11
34.54
32.3
36.35
35.89
42.28
21.45
34.67
21.58
39.46
37.47
41.07
22.6
36.2
25.31
34.36
36.39
36.42
20.99
36.44
23.34
37.34
32.16
36.57
24
35.19
25.63
35.32
33.05
36.82
24.62
35.02
17.99
38.77
31.48
36.67
30.19
36.09
22.38
25.58
34.18
36.72
20.26
33.85
23.72
36.13
29.76
38.54
30.95
41.29
26.82
21.79
31.51
37.59
35.66
35.76
23.11
19.47
35.85
40.72
22.26
37.07
20.79
30.81
35.21
39.88
37.19
33.97
26.35
20.58
32.19
39.44
28.54
37.23
26.56
20.36
33.12
39.97
21.69
36.25
30.07
34.25
37.29
39.15
30.69
37.13
29.55
22.03
36.25
36.05
32.48
36.51
27.73
22.91
37.2
39.9
21.75
33.41
25.7
30.98
33.56
40.47
37.28
37.18
26.16
28.46
28.32
39.42
27.92
37.35
29.22
31.78
28.24
27.08
27.22
32.58
39.06
23.03
34.48
45.22
29.41
33.41
23.53
26.27
33.47
38.19
23.82
37.27
18.24
33.42
33.73
21.64
31.2
36.92
45.83
23.84
37.44
40.94
22.78
38.2
22.28
31.2
38.85
23.39
21.3
37.34
39.3
29.5
41.26
36.23
22.11
34.56
11.98
34.39
34.92
16.25
21.83
33.53
40.35
35.26
29.79
16.36
21.67
35.42
46.28
27.58
32.27
42.07
29.38
34.7
18.71
32.45
28.04
21.12
25.84
31.61
40.95
33.19
32.02
24.23
22.44
34.7
48.07
32.27
38.66
44.41
23.58
32.62
20.76
32.43
35.74
14
22.46
35.85
45.85
33.92
30.84
14.72
24.31
34.09
48.25
38.42
33.93
43.23
27.34
35.94
18.62
30.54
32.85
13.51
25.83
36.66
45.96
30
33.67
16.08
23.98
37.21
44.14
23.26
27.45
39.55
26.93
36.78
24.04
30.17
30.35
15.16
27.32
33.74
42.46
23.95
29.64
43.86
25.4
33.51
12.05
27.65
29.99
13.37
21.93
36.51
41.62
25.72
30.9
16.2
26.47
36.98
47.67
20.27
31.75
17.53
23.05
38.88
46.69
26.81
33.9
44.03
25.19
34.95
16.41
27.41
31.6
23.9
26.4
35.93
47.3
26.75
36.29
22.05
26.49
41.56
44.61
24.19
34.14
43.38
26.56
38.52
19.46
25.08
35.38
21.87
20.47
38.95
45.1
24.63
32.73
23.61
23.58
36.47
41.66
24.46
29.89
38.29
21.19
39.01
16.9
21.65
36.77
18.3
23.57
33.25
39.99
23.46
30.6
17.76
18.11
32.04
35.74
24.96
37.55
36.95
26.1
39.53
17.14
27.14
34.69
20.84
21.7
34.46
34.74
27.12
34.97
34.35
22.37
36.61
20.77
24.3
35.62
19.15
27.96
32.47
35.08
17.77
33.6
20.69
21
35.43
35.17
27.45
33.89
37.39
23.36
33.42
25.75
24.88
36.08
21.17
24.75
33.67
37.25
25.64
35.3
19.21
28.04
35.19
41.44
19.58
39.49
42.52
26.51
34.12
18.81
14.93
37.73
19.93
24.17
36.98
43.92
19.35
32.6
20.08
31.53
36.48
37.59
26.11
32.64
42.15
25.32
36.79
17.22
22.9
26.13
19.54
25.14
35.06
42.33
23.34
31.01
42.95
22.42
34.94
22.8
21.04
27.84
46.88
23.23
35.49
24.07
20.2
32.88
41.16
22.85
39.55
23.19
26.28
28.33
44.13
20.64
36.46
18.78
18.48
32.19
38.63
22.15
30.05
16.76
21.58
31.71
41.66
22.22
33.41
15.7
20.77
27.85
36.63
25.03
32.77
19.3
23.23
34.55
35.65
27.68
38.42
22.09
24.49
32.88
36.27
23.06
38.53
19.77
25.58
31.44
38.58
25.73
40.32
19.78
24.68
36.02
39.46
21.12
36.75
18.54
27.43
29.82
40.54
24.87
33.8
22.55
24.96
30.44
39.15
23.58
33.63
21.57
21.88
41
37.57
19.16
35.84
22.47
15.59
33.34
35.99
23.63
37.5
20.53
24.1
38.54
35.43
19.46
42.01
24.92
24.71
33.89
40.67
19.2
37.89
20.41
24.61
36.34
40.78
23.46
33.91
22.87
22.77
36.55
43.57
18.07
36.89
20.5
30.02
34.56
37.73
19.06
38.33
18.41
31.83
35.88
38.29
20.74
32.33
21.2
22.11
36.71
25.36
23.99
36.73
41.32
22.63
34.71
33.59
21.34
31.62
21.38
21.32
33.43
23.65
25.24
35.27
30.25
23.27
34.69
30.15
24.72
34.45
21.54
22.95
39.61
32.28
21.22
34.18
23.36
23.11
36.9
26.02
27.18
34.12
28.83
27.23
36.73
32.83
19.98
33.83
26.24
26.58
35.11
21.43
28.36
37.32
29.61
22.98
35.91
24.96
28.1
36.62
32.88
21.87
34.32
29.25
25.12
35.1
22.37
17.9
31.96
17.73
23.73
34.48
27.44
25.68
37.87
20.59
21.3
37.06
27.28
23.9
34.89
30.03
26.53
33.64
24.29
18.87
37.67
24.96
22.43
35.08
27.88
23.67
36.17
25.2
22.6
36.32
23.85
27.55
37.57
20.83
14.82
32.66
28.65
23.47
40.27
26.82
26.35
33.18
27.25
21.63
34.73
17.05
21.97
38.91
29.74
24.95
33.65
20.04
22.34
40.7
29.86
22.68
36.69
24.95
21.48
35.15
29.62
22.34
38.84
37.49
22.59
33.53
22.74
21.64
33.72
24.98
20.36
38.43
36.25
20.66
37.14
25.51
17.21
30.51
33.18
18.74
35.18
38.71
18.73
37.57
21.89
23.68
30.69
28.78
18.73
33.83
35.73
29.54
30.99
25.93
21.98
30.52
35.95
14.62
34.67
32.36
18.14
32.87
22.17
25.91
36.02
20.82
24.17
30.45
33.68
18.63
32.65
23.02
21.68
29.4
37.77
23.66
34.24
36.28
22.67
33.19
24.95
25.49
32.6
23.79
17.32
34.29
34.52
27.46
31.45
23.99
22.73
31.6
42.2
25.86
35.95
37.86
21.56
34.32
19.59
20.2
31.95
16.76
21.38
30.16
35.25
21.15
36.35
18.79
17.49
33.61
36.25
19.83
37.27
36.93
22.65
32.3
23.32
17.78
33.95
18.11
24.74
33.36
37.33
17.13
35.34
35.49
20.72
35.33
18.62
22.49
38.49
18.09
24.87
36.81
38.12
26.71
37.83
19.52
24.63
36.34
36
26.09
35.37
33.94
27.52
38.26
25.13
25.51
31.59
15.49
23.72
36.82
42.01
25.77
32.28
22.16
26.29
32.8
33.7
25.06
31.63
39.7
18.34
30.61
19
21.14
32.49
22.04
20.86
33.99
38.57
22.65
35.16
20
21.92
36.17
36.41
25.97
30.65
16.32
18.05
36.08
32.11
21.38
32.77
39.76
19.84
33.83
15.79
26.11
28.75
34.65
21.37
37.64
16.21
25.31
32.44
37.49
16.54
34.31
16.38
26.9
32.52
36.54
16.74
33.15
16.06
27.3
30.03
40.26
22.05
34.25
16.91
35.47
33.69
35.45
34.97
36.71
21.97
21.51
34.27
39.76
16.51
36.89
23.64
37.97
30.78
38.82
34.23
33.44
24.73
19.98
34.41
36.61
37.19
36.08
21.89
23.1
31.3
33.94
22.72
25.85
24.2
35.26
34.06
39.23
35.56
30.75
16.2
19.26
23
33.13
38.61
30.32
23.23
20.84
36.06
36.52
19.95
33.55
14.77
34.63
30.91
19.82
20.15
33.53
37.87
33.43
31.47
38.68
15.88
32.96
21.42
36.07
30.89
19.95
18.03
34.68
41.93
40.51
29.12
39.82
20.94
35.52
24.72
36.62
30.65
40.45
19.82
38.37
23
30.99
29.38
20.72
19.9
40.1
42.15
36.57
32.88
20.63
21.24
37.46
44.86
37.99
31.87
44.18
19.78
37.93
26.18
35.95
34.44
23.12
22.73
31.9
38.61
26
33.41
37.98
22.79
37.08
15.99
29.41
32.96
24.43
22.64
36.36
35.87
31.34
38.74
19.54
22.15
39.02
36.21
28.57
37.89
36.21
26.07
36.44
21.53
25.05
38.38
23.46
21.85
35.82
42.61
25.2
35.33
40.33
21.34
33.07
19.2
20.58
35.93
21.18
15.45
35.26
42.07
16.13
35.18
19.77
20.38
34.07
41.21
20.21
33.99
18.87
15.47
33.47
44.65
23.17
30.04
38.56
25.43
30.71
21.31
13
34.27
26.03
17.82
32.58
45.1
21.5
35.32
21.01
22.54
33.49
41.81
19.8
34.62
43.34
25.86
34.68
17.37
27.83
33.21
18.48
23.79
32.33
43.76
20.09
32.46
17.75
16.32
34.71
47.2
27.86
33.29
45.44
26.74
35.32
18.62
17.91
32.38
44.16
18.21
33.99
19.86
31.41
34.63
44.2
21.81
29.7
21.08
21.09
31.51
47.37
22.4
32.35
20.84
23.77
35.4
46.62
17.17
29.71
20.6
17.97
34.86
47.62
17.85
27.29
23.85
22.13
32.32
43.76
24.87
30.29
23.83
19.1
33.58
41.97
22.42
29.71
22.85
19.83
34.89
47.12
18.57
32.84
24.16
23.7
37.01
41.43
20.26
30.64
14.52
20.23
33.58
41.74
16.01
36
23.86
22.56
34.2
39
22.27
34.08
24.01
25.11
32.13
38.88
22.15
35.63
21.55
24.41
40.28
40.67
22
32.55
19.98
22.27
35.06
38.38
29.32
34.21
28.09
25.75
39.41
43.37
27.8
30.28
25.45
19.69
31.52
41.36
29.82
35.19
23.42
22.91
37.94
41.52
25.7
36.14
24.27
24.65
40.51
45.92
28.33
30.72
24.93
24.05
34.58
42.83
27.52
29.85
25.98
23.28
33.36
46.58
30.17
32.3
25.52
17.02
35.66
43.88
28.36
32.08
20.39
29.98
35.6
44.98
25.09
30.21
19.93
21.1
35.05
42.74
29.56
29.98
20.67
20.3
37.5
41.15
25.41
31.36
16.84
19.46
36.17
37.48
23.65
31.09
16.67
22.63
37.35
38.56
22.8
30.79
16.81
17.11
41.64
34.86
33.08
34.87
22.75
19.6
39.69
38.13
28.94
33.23
19.94
23.61
39.44
46.56
24.3
33.38
24.51
26.88
38.66
43.09
26.66
33.1
19.76
30.33
37.02
39.48
20.29
30.86
22.15
25.33
38.13
49.22
23.81
34.14
20.21
24.07
38.73
46.78
24.5
34.72
19.17
19.71
38.99
39.96
26.44
33.46
22.86
19.12
40.94
42.45
15.12
39.72
23.66
25.86
36.99
43.28
27.38
34.05
22.57
15.28
37.11
41.93
17.31
34.9
21.23
26.62
36.49
42.11
19.04
30.45
22.09
25.93
35.61
39.9
17.31
34.75
19.26
26.76
36.82
38.82
21.44
30.21
18.43
20.49
40.43
40.3
19.68
37.52
13.97
30.75
34.85
43.81
19.7
29.14
19.74
27.53
35.78
36.56
31.18
32.75
13.17
19.95
35.96
37.55
20.13
32.1
14.25
27.52
34.69
39
29.15
35.61
17.56
20.39
33.17
39.05
18.45
28.66
15.72
31.52
35.8
36.02
20.06
30.75
15.25
28.66
32.73
38.15
24.04
34.41
13.47
20.01
32.15
40.38
28.14
29.43
17.11
19.32
37.18
38.72
26.53
32.71
14.27
16.15
39.19
34.59
26.4
30.96
14.74
17.72
32.76
30.93
23.6
31.76
21.04
20.36
32.49
34.17
26.01
33.68
18.04
21.17
35.39
32.81
24.6
35.24
16.27
20.67
38.18
32.23
26.08
35.76
12.37
22.38
39.22
41.05
27.96
38.79
19.49
22
34.9
40.55
24.53
33.04
24.21
23.77
26.38
36.63
24.84
32.79
20.1
25.02
35.66
36.63
21.76
31.8
18.12
21.05
31.51
37.28
22.39
35.69
20.08
16.24
36.64
35.39
28.54
32.42
17.8
19.81
36.22
32.7
23.26
28.84
19.96
18.23
34.2
34.38
26.32
30.58
15.28
18.85
36.96
32.24
25.11
33.86
18.14
21.46
30.47
38.54
23.38
39.88
14.34
21.58
31.73
37
25.32
36.13
19.19
24.43
30.21
34.52
25.51
34.37
18.59
23.98
32.08
40.21
25.92
35.61
16.14
24.97
28.01
42.14
26.89
35.19
25.25
22.22
31.51
36.59
25.68
34.41
16.8
19.53
32.91
36.71
28.17
36.31
22.06
21.36
28.39
35.94
27.14
34.66
15.57
20.52
32.34
40.02
24.06
33.71
16.96
25.03
34.48
36.15
21.39
31.25
22.88
23.79
31.38
36.08
25.16
33.97
24.51
24.16
35.34
40.99
21.4
32.95
16.57
19.11
37.08
39.8
21.19
31.37
20.76
21.53
35.75
35.7
21.19
34.96
21.49
19.77
33.74
38.46
17.65
33.66
21.81
26.31
33.52
38.86
17.99
29.19
21.92
24.1
35.63
40.49
23.18
32.48
24.33
27.44
35.64
35.36
18.03
33.69
20.47
22.78
28.33
34.51
22.47
32.26
19.69
26.59
35.01
34.85
20.51
32.51
17.46
18.52
34.28
36.85
24.29
30.61
13.06
22.02
34.59
39.14
21.76
33.24
20.62
20.18
32.36
37.06
18.65
30.56
22.22
18.83
35.12
32.42
18.25
29.91
17.25
22.99
34.6
36.64
21.43
37.49
19.35
19.88
32.85
37.77
23.92
29.44
22.65
18.29
31.67
40.1
23.3
34.97
23.43
17.79
34.89
35.8
22.81
31.44
19.6
14.29
38.75
38.08
22.52
31.59
16.21
12.85
28.99
33.56
23.68
28.57
19.8
16.76
31.06
40.21
19.65
32.34
20.64
18.4
30.32
37.14
24.21
32.05
18.35
18.66
37.46
42
22.11
35.04
24.03
18.84
35.8
33.55
22.17
35.22
20.5
20.05
35.27
35.43
15.83
38.47
19.19
19.87
37.81
36.83
23.14
38.85
20.03
19.71
39.72
31.03
16.63
34.59
29.78
22.35
35.56
34.16
22.58
35.38
30.87
20.47
34.88
33.96
20.93
42.11
23.65
15.54
36.37
35.22
24.46
34.17
25.04
19.43
35.17
36.7
21.29
38.19
26.71
19.47
34.73
33.16
26.35
37.53
22.54
18.12
35.87
39.29
24.78
37.29
24.45
18.08
34.2
36.62
19.97
38.37
29.79
13.61
32.03
32.14
18.24
34.49
25.5
16.69
31.95
32.65
17.6
33.47
32.35
17.51
29.97
31.77
19.41
38.54
31.85
13.13
35.69
35.14
15.11
31.77
30.76
15.66
32.76
34.36
22.66
35.02
25.21
14.48
32.98
33.5
23.42
35.36
31.31
13.85
34.19
30.14
21.57
36.61
35.36
14.62
38.23
35.21
20
40.26
34.44
18.64
39.82
34.69
19.58
35.77
30.11
14.23
39.83
28.58
15.96
35.45
30.32
13.12
37.14
31.59
20.12
37.87
27.6
16.61
35.08
39.06
18.73
41.16
23.96
16.87
30.76
40.53
23.01
36.82
22.18
15.13
32.52
35.65
19.47
34.34
30.68
16.06
37.23
40.3
21.83
39.08
33.88
17.59
31.58
39.29
23.45
37.54
34.41
23.08
33.92
35.32
22.82
37.8
33.31
20.71
40.23
37.11
23.33
33.52
39.79
19.43
35.76
38.63
23.02
37.85
35.27
18.21
37.34
33.93
22.4
33.98
37.18
20.01
37.95
36.61
22.7
34.78
33.35
20.86
36.96
42.34
23.56
37.68
26.56
23.21
30.93
35.6
18.03
35.49
26.57
24.46
36.27
36.3
16.93
38.01
22.66
22.32
37.38
34.49
13.22
32.24
25.98
17.44
36.94
37.85
21.55
33.27
25.34
19.88
32.9
30.59
19.55
34.58
27.02
21.13
37.05
28.06
19.26
32.96
36.39
22.8
36.47
30.02
22.31
31.16
27.34
25.18
31.73
34.66
12.16
31.61
28.71
18.45
28.24
29.46
17.2
35.78
27.99
17.83
39.82
33.76
14.97
37.23
33.62
24.37
37.95
36.97
20.39
39.39
29.84
22.93
31.79
35.63
19.43
31.73
27.72
22.61
36.74
33.46
21.76
34.82
30.86
27.5
38.83
37.35
19.09
28.82
30.36
29.76
39.04
35.37
20.18
33.34
29.2
31.67
38.78
35.85
24.14
37.45
24.33
28.09
38.88
34.49
20.13
32.03
26.67
23.4
37.61
34.34
22.28
38.03
28.25
24.43
34.95
33.19
20.08
36.16
26.65
20.88
38.34
31.83
21.46
35.43
26.23
27.88
39.83
38.01
22.6
43.05
24.08
25.93
40.37
40.21
17.67
32.93
25.25
19.24
40.7
35.09
18.82
33.96
27.12
23.26
35.72
38
18.97
35.62
20.57
20.56
35.81
35.51
17.15
32.1
27.25
24.32
38.52
34.75
23.52
35.21
18.78
24.78
36.26
35.73
22.9
32.92
23.49
26.93
31.49
34.1
25.75
35.08
18.52
21.09
36.75
40.6
17.26
36.96
23.84
22.64
29.98
37.38
22.66
38.97
24.41
25.01
33.2
41.04
18.52
30.59
24.55
28.61
32.21
37.42
18.84
32.86
24.38
23.95
29.7
36.97
18.76
28.7
27.49
21.37
30.41
40.8
16.02
32.3
24.99
23.66
34.67
39.64
23.61
33.85
25.22
20.09
27.43
36.78
15.92
31.9
22.93
25.45
33.64
38.61
18.28
37.68
28.15
21.03
34.58
37.08
20.07
38.67
20.04
21.51
35.61
35.89
21.67
34.94
24.38
20.11
35.99
34.74
21.56
33.68
20.46
16.29
35.78
32.04
21.41
31.94
22.33
20.31
36.34
36.53
19.08
36.83
25.28
21.02
35.19
38.53
20.05
36.41
25.38
19.42
31.62
34.91
21.25
31.47
25.43
25.29
31.8
37.8
25.08
35.68
28.02
22.64
34.18
37.06
29.45
35.88
25.68
22.9
36.06
35.99
22.88
37.81
19.76
21.59
38.24
37.76
22.31
35.27
26.05
24.09
34.65
31.87
27.76
41.12
27.83
18.13
31.67
38.21
22.96
38.25
29.5
19.65
36.32
35.2
18.38
35.65
24.83
26.01
33.29
36.06
14.85
31.73
24.71
18.94
33.09
38.55
20.6
34.69
29.49
18.08
30.98
37.37
15.44
35.11
29.84
27.33
29.75
38.27
15.4
33.39
29.67
21.98
35.03
36.97
20.34
35.19
23.32
22.49
34.18
35.89
21.24
39.85
29.29
19.24
28.84
39.68
25.03
36.98
26.61
14.65
36.85
34.75
16.52
37.88
21.3
9.23
34.17
38.23
19.06
41.12
21.22
21.79
28.42
37.1
17.06
36.57
28.33
18.58
35.26
39.49
24.37
40.63
27
22.76
29.86
34.22
24.85
36.13
26.13
21.26
32.11
35.37
16.64
34.4
31.68
27.04
29.01
38.16
23.21
38.39
29.78
20.23
33.12
37.06
26.7
33.87
30.04
22.29
30.36
39.81
24.39
38.6
33.78
29.85
35.07
39.5
27.76
36.44
30.37
23.93
34.07
42.92
26.46
38.64
28.97
22.89
25.6
36.11
24.91
39.22
35.95
21.88
34.95
39.59
29.89
36.06
30.65
22.22
30.4
36.83
20.96
37.18
30.59
15.79
31.74
37.95
21.69
37.47
28.53
18.67
33.92
38.75
17.32
37.65
26.48
17.41
31.46
38.18
22.73
40.47
25.4
24.03
27.26
41.32
23.88
35.79
29.51
24.77
26.64
41.58
21.52
36.35
31.44
23.97
30.27
40.06
20.96
36.62
31.21
30.12
36.48
35.44
19.47
41.25
31.35
24.05
32.23
39.66
14.66
39.56
34.74
21.19
29.04
32.18
13.33
41.18
33.74
20.41
37.51
39.89
16.16
38.47
29.72
25.61
34.03
38.42
16.89
35.22
29.28
23.42
33.13
36.95
21.3
37.02
35.28
19.85
35.36
37.1
19.26
35.86
37.07
19.9
35
36.15
17.52
39.72
39.3
20.92
36.41
37.64
14.72
36.29
42.93
20.31
34.94
39.54
11.65
34.47
33.29
18.71
33.33
38.69
17.65
33.23
42.74
19.51
34.02
35.98
16.88
31.82
38.45
19.85
31.23
40.2
23.75
34.79
32.8
24.06
34.91
35.97
14.72
38.11
41.79
24.01
34.13
39.51
15.52
41.08
41.42
21.55
31.54
37.93
18.23
40.93
40.01
22.66
31.96
33.9
13.2
36.71
36.53
20.33
37.2
35.12
19.8
36.98
35.54
22.82
38.81
34.04
15.57
34.45
37.53
22.47
37.05
37.32
21.08
32
36.05
24.91
37.35
39.33
13.93
35.95
35.71
22.6
35.18
36.49
12.11
36.59
34.56
20.39
36.29
40.34
15.1
35.5
37.71
19.7
34.52
33.78
15.29
37.65
35.14
16.97
37.47
38.61
17.37
39.1
37.1
19.13
32.78
38.4
13
36.17
36.57
17.79
29.74
38.68
14.76
33.07
30.91
15.71
28.03
39.97
14.18
35.23
33.19
15.75
29.6
36.22
18.73
36.24
33.74
17.14
34.3
35.04
13.9
38.39
30.61
17.39
34.41
34.49
19.88
34.93
32.83
14.07
33.47
35.61
20.53
35.43
36.34
13.25
42.49
32.81
22.06
35.15
34.65
11.26
36.11
37.42
24.27
34.15
33.44
12.59
34.5
35.84
17.87
33.69
36.33
17.63
36.08
37.85
19.12
34.06
35.07
12.6
28.43
28.34
18.5
37.44
34.24
10.94
35.06
33.75
21.7
37.7
32.89
11.07
28.72
36.36
19.1
37.21
37.46
12.82
32.38
33.54
19.75
41.7
29.96
11.87
31.47
33.41
24.03
36.74
33.19
11.79
32.26
33.96
27.31
37.66
35.46
13.11
34.08
37.67
28.66
35.12
32.06
11.25
37.26
29.39
29.44
38.42
39.34
11.49
31.22
38.37
25.38
38.24
27.7
10.81
30.93
37.23
21.8
39.08
30.81
12.79
33.71
36.04
26.47
38.8
38.79
14.22
28.7
32.49
24.86
35.56
35.34
11.92
23.98
36.12
27.31
37.12
30.6
10.37
28.42
32.24
20.04
31.31
33.29
12.9
27.44
33.47
20.68
35.08
29.67
11.45
28.11
29.99
18.01
39.37
31.9
18.48
24.87
32.96
18.78
34.76
35.56
17.28
26.45
32.52
26.07
38.43
32.44
18.55
20.87
37.51
22.73
36.87
29.94
20.1
24.15
29.74
20.59
37.65
36.54
18.76
26.89
38.53
26.33
38.05
31.04
21.85
33.08
38.42
23.42
36.79
29.36
18.32
24.68
31.51
24.51
35.71
40.09
15.54
28.91
33.79
17.23
35.34
27.31
18.63
28.07
29.01
18.47
40.11
37.04
15.18
29.45
36.82
18.09
39.7
33.32
21.99
28.02
38.46
22.89
33.11
30.02
20.02
22.51
29.03
24.01
34.39
40.71
15.99
24.63
42.9
24.78
35.12
31.08
17.86
23.7
33.97
23.28
34.63
33.61
21.74
23.66
32.59
25.43
35.42
36.96
16.51
26.69
38.64
21.29
34.65
30.78
14.03
27.77
41.36
24.23
39.83
34.03
15.01
25.8
35.47
14.77
38.57
38.1
19.33
28.74
37.6
16.83
38.71
34.67
17.55
26.47
36.66
15.96
38.54
39.07
20.12
27.11
38.89
18.36
31.68
33.8
22.15
26.25
36.52
24.1
36.58
34.65
22.34
23.43
37.25
18
40.1
39.27
19.78
23.53
35.85
20.31
31.2
34.42
17.89
27.8
36.52
19.25
33.44
34.22
14.84
32.3
37.97
23.08
36.91
41.27
18.98
34.35
42.01
20.49
33.35
31.45
16.92
32.72
40.03
20.28
42.02
30.82
19.27
30.77
33.47
18.88
43.22
38.68
16.07
28.35
36.41
20.87
36.49
36.55
15.04
32.6
35.94
13.39
37.16
30.84
17.22
28.22
37.71
19.31
39.67
32.58
14.26
29.64
40.68
21.49
33.74
34.24
14.83
29.11
36.75
17.15
36.95
32.58
14.7
28.75
38.99
13.41
38.72
35.32
15.97
30.72
39.75
12.71
37.7
37.08
15.3
23.01
37.06
13.47
35.88
37
17.1
27.25
38.66
13.15
33.72
41.25
20.24
26.79
44.79
14.53
38.91
37.43
17.13
29.85
39.72
15.59
34.42
38.77
15.25
29.62
35.69
18.95
37.1
35.06
14.2
24.2
38.15
13.43
36.54
36.31
15.29
20.91
36.01
16.66
36.92
38.41
17.63
28.54
36.96
14.53
37.83
37.41
9.81
26.41
35.9
16.07
33.66
37.34
18.32
27.33
37.39
16.91
32.12
40.65
14.99
22.8
35.79
19.78
32.31
37.33
18.35
17.33
35.96
19.28
38.77
37.7
16.06
20.58
36.47
20.8
34.53
38.11
15.55
17.61
35.1
16.21
34.89
35
26.15
14.96
33.59
27.48
34.71
34.14
20.37
20.3
33.77
23.91
32.89
39.18
20.72
24.93
35.51
17.89
33.33
32.81
23.06
19.6
33.52
23.67
31.17
33.94
25.14
14.85
33.46
20.92
38.8
38.73
23.46
17.29
35.49
24.95
34.72
31.03
27.23
17.92
33.65
28.57
30.05
35.21
24.67
17.93
29.66
20.64
35.27
34.11
17.1
19.23
30.95
14.44
34.5
35
22.86
14.67
37.69
26.77
32.03
33.31
17.12
20.47
33.55
12.45
32.46
37.16
25.4
18.34
39.84
19.11
34.53
40.11
16.4
19.51
44.8
18.95
37.63
35.52
20.21
17.15
37.52
15.75
31.7
33.85
16.98
23.79
38.67
14.03
33.57
35.93
19.45
16.61
37.98
15.73
32.17
31.99
15.14
21.62
35.03
20.66
32.79
39.54
11.71
19.39
33.73
21.27
33.58
38.42
19.08
21.58
41.97
21.55
35.51
38.41
16.17
23.21
33.76
17.07
37.85
36.32
15.53
18.39
36.5
18.06
33.19
42.51
19.74
23.46
35.31
24.56
38.91
41.18
16.88
25.9
34.91
18.91
36.96
37.27
17.74
22.4
42.06
24.56
37.53
33.33
18.79
19.82
38.19
18.6
38.56
40.77
22.61
18.98
40.68
21.66
38.08
37.91
20.53
19.76
37.96
19.38
37.63
37.43
21.57
21.62
38.21
15.83
36.29
40.95
25.13
21.11
33.53
21.68
35.11
35.54
20.36
21.85
38.33
24.26
34.59
35.93
20.19
21.37
40.2
23.46
34.87
40.56
21.94
17.71
41.31
24.96
36.15
39.25
25.94
22.31
40.86
18.59
35.39
40.65
24.14
19.91
36.34
19.2
32.03
30.22
22.57
16.77
32.72
24.77
36.63
39.94
29.21
14.36
36.93
22.43
36.22
27.54
27.55
21.72
39.2
26.12
36.35
34.66
27.1
23.17
36.6
24.61
32.99
38.96
29.56
22.1
33.59
20.57
37.61
33.16
28.88
23.67
40.53
28.47
33.59
30.27
24.41
20.07
33.97
21.1
35.63
37.29
27.71
24.4
39.3
23.07
34.58
28.65
32.13
22.67
29.75
30.64
32.87
40.81
27.08
37.19
34.03
19.31
37.25
36.94
29.93
31.61
34.95
26.17
33.94
29.18
32.11
27.21
29
29.53
37.58
33.35
25.44
28.39
33.42
23.55
34.22
33.33
21.43
33.9
36.39
19.54
36.13
31.88
30.85
26.26
39.94
28.78
30.74
30
26.67
23.92
31.61
23.49
33.49
40.67
27.9
26.11
37.59
22.29
32.53
33.87
29.11
22.47
35.13
27.64
28.82
36.19
20.58
22.37
29.66
16.11
31.12
37.73
32.26
25.22
33.39
24.19
35.32
40.53
26.35
22.62
33.74
33.41
35.45
39.82
18.1
18.22
31.5
14.8
38.65
42.62
29.05
18.87
34.47
18.06
36.36
41.39
26.94
24.67
29.58
29.86
31.32
39.94
12.87
27.57
34.16
12.26
32.39
40.81
31.1
34.33
33.79
8.76
36.08
36.38
36.48
22.85
32.42
29.68
33.82
36.07
20.27
25.21
28.77
17.95
33.01
39.3
26.97
23.97
29
13.92
36.76
39.9
25.63
30.43
33.17
30.35
37.08
36.51
17.48
34.68
31.44
12.13
34.22
37.98
27.83
32.99
28.65
13.67
36.93
36.18
29.88
31.12
30.78
31.14
35.8
38.59
16.94
32.8
32.82
13.53
36.67
33.84
29.29
36.39
33.72
14.95
36.97
39.97
29.72
27.78
31.56
24.71
32.08
34.17
17.21
32.96
32.15
26.88
33.58
39.71
14.45
24.05
29.79
30.01
36.32
42.03
15.67
28.63
30.01
27.13
35.53
47.31
13.35
27.91
31.05
27.81
33.99
43.64
22.51
28.16
33.37
25.44
41.82
42.39
22.45
24.36
29.46
26.97
41.5
40.91
22.13
23.24
31.23
28.93
41.04
42.28
21.23
20.2
38.64
28.09
43.91
31.32
24.87
26.77
31.43
27.73
38.63
35.94
21.58
24.96
36.51
26.13
29.75
32.4
28.91
44.26
26.9
34.25
40.49
39.33
19.64
28.72
35.65
24.19
42.38
28.42
28.83
30.26
42.11
33.76
35.15
29.5
22.72
25.25
27.87
21.78
35.76
41.28
33.65
29.31
44.26
21.88
37.25
37.96
39.67
31.06
40.73
22.13
40.17
33.61
34.89
34.15
31.51
33.09
39.5
44.5
24.72
30.02
42.12
18.64
36.88
32.35
28.66
28.97
37.47
19.05
35.78
28.94
26.35
27.8
30.55
24.01
35.92
41.57
20.72
28.87
42.89
17.87
34.71
35.32
27.74
29.58
33.25
23.15
34.3
42.12
28.45
28.13
42.15
27.83
38.9
33.19
19.31
29.65
42.51
19.39
30.65
31.42
28.15
31.35
31.3
19.76
35.43
40.02
34.81
28.97
38.19
17.47
34.29
27.67
28.48
34.7
38.79
34.75
33.05
28.13
21.51
38.92
25.96
18.57
32.66
43.01
26.64
34.1
43.14
21.89
33.3
25.58
33.01
38.89
42.26
28.88
34.78
24.46
19.44
38.51
27.16
20.23
33.4
41.69
23.36
34.67
38.94
24.86
34.73
26.15
24.44
36.77
38.34
29.69
29.35
25.68
30.4
35.17
27.5
22.8
36.9
37.52
33.66
38.25
40.46
32.25
36.32
24.95
22.15
39.13
40.38
20.69
40.36
24.29
28.8
36.24
41.09
24.27
36.11
25.03
28.34
43.77
22.75
24.44
35.18
43.78
32.6
38.04
40.56
31.72
35.65
27.2
23.34
30.7
42.19
19.96
37.94
21.9
31.46
34.68
18.56
36.28
34
44.02
21.52
35.94
43.92
27.04
38.4
21.89
40.61
33.77
21.69
26.57
36.32
43.69
34.05
34.58
44.91
24.82
31.87
25.07
36.24
35.55
40.02
37.56
34.5
24.71
28.59
35.07
49
24.63
32.71
25.89
38.78
35.69
31.51
20.03
37.16
45.32
38.25
34.26
49.96
39.07
35.37
27.17
25.36
38.76
31.29
22.53
38.6
47.2
39.05
38.81
24.93
27.33
36.68
44.5
42.14
38.29
27.4
38.34
32.49
36.42
28.44
39.99
27.32
27.09
33.48
44.69
36.44
38.29
22.92
35.43
33.32
42.56
34.56
36.4
20.73
40.06
36.86
46.48
35.04
37.93
23.03
39.26
39.57
46.99
34.3
38.4
18.09
34.6
33.72
44.38
37.3
40.06
21.28
36.39
39.77
41.74
40.79
35.37
23.79
36.32
39.08
45.76
38.51
33.35
20.1
35.12
35.34
43.7
35.9
37.88
23.31
34.57
39.47
44.76
37.25
33.23
23.34
37.39
40.53
49.68
33.99
35.94
18.47
32.27
35.55
43.18
33.34
37.62
17.97
29
31.81
45.38
34.67
35.25
22.29
32.52
38
42.02
30.3
37.08
27.14
28.91
35.16
46.39
39.7
36.72
23.19
23.22
35.07
50.49
37.2
39.5
21.4
28.24
39.87
45.35
34.84
31.72
41.63
32.91
33.46
20.7
34.48
33.92
21.73
22.76
34.97
40.5
34.92
40.26
28.18
27.69
38.13
40.57
37.38
36.91
24.09
31.25
37.51
45.41
39.84
39.71
21.48
24.85
38.34
39.07
41.47
36.28
21.58
28.45
35.88
38.36
34.4
31.74
40.59
24.3
35.81
31.1
35.8
35.56
25.56
37.69
35.27
42.7
28.31
35.74
41.25
26.1
35.68
31.02
36.28
34.33
46.5
25.26
35.24
31.99
35.94
33.31
28.91
36.04
34.97
45.4
24.1
37.16
43.15
28.59
34.74
30.1
36.52
40.45
46.15
36.63
34.03
21.27
22.6
37.71
26.54
36.48
36.49
44.16
26.77
34.6
41.52
21.61
34.94
20.63
41.59
38.66
19.35
42.57
37.76
46.8
33.95
38.59
44.63
42.09
33.07
18.8
30.6
37.39
43.47
33.61
36.94
11.47
41.53
39.26
17.52
41.46
38.53
40.95
31.59
33.45
16.02
40.69
30.4
41.53
30.34
38
18.49
34.8
31.9
40.78
39.14
35.88
23.24
40.55
32.74
43.28
38.37
30.92
25.87
39.82
36.76
40.12
38.21
38.85
25.48
35.91
34.57
46.21
40.05
27.84
28.19
39.15
29.29
43.57
41.18
30
26.09
33.83
29.03
41.99
43.58
33.14
29.12
41.58
38.53
42.54
37.89
30.21
33.27
36.04
27.81
41.39
35.84
34.31
27.85
31.6
30.58
43.01
39
33.56
24.99
40.42
27.96
44.75
30.99
35.69
28.11
31.54
32.03
42.35
36.45
37.41
28.98
39.92
38.01
45.61
40.08
39.68
31.4
35.65
41.8
44.11
39.15
39.19
34.98
32.96
34.65
40.14
34.23
40.84
39.63
38.44
34.39
41.61
38.66
34.75
33.92
35.57
33.11
41.73
38.01
34.59
31.83
36.54
35.8
43.26
36.71
35.83
35.02
39
37.05
46.78
37.04
34.06
36.68
37.65
37.51
41.58
39.78
41.51
34.61
36.41
39.38
38.63
37.04
35.39
32.48
36.84
34.18
37.64
33.66
37.64
37.07
40.04
35.73
42.47
35.05
33.06
39.2
37.74
35.1
42.43
33.55
37.32
38.04
38.84
34.55
41.7
35.86
31.39
33.42
32.77
39.36
44.73
32.55
39.26
30.68
37.56
32.93
44.3
35.38
32.67
32.48
40.58
34.76
40.2
34.7
34.34
42.01
39.7
33.81
40.42
41.21
35.79
39.78
37.82
33.01
41.81
35.24
40.33
35.09
41.75
42.22
43.02
36.41
38.21
39.02
31.5
41.16
41.82
42.29
41.06
37.51
35.15
38.75
36.21
37.76
39.05
38.79
39.36
35.76
42.91
47.58
39.62
31.32
40.7
41.46
39.25
40.21
37.18
34.57
36.66
38.51
42.22
44.45
34.57
33.23
34.48
42.01
37.28
38.55
34.28
32.4
34
36.83
41.13
41.41
33.42
40.23
32.98
40.56
46.38
43.87
36.63
33.57
37.72
40.82
40.16
38.94
38.69
36.75
38.97
38.97
42.4
44.92
35.84
35.47
36.52
41.76
36.02
40.21
36.89
35.74
34.15
40.14
39.55
33.96
32.03
37.19
36.4
42.58
42.09
32.81
33.12
30.48
32.82
35.84
36.67
34.81
33.03
38.33
38.1
39.7
41.71
35.25
32.7
38.05
37.04
37.87
40.69
38.57
32.96
35.51
31.7
40.6
45.19
39.78
38.58
37.92
34.64
40.22
43.53
36.51
34.29
37.58
28.95
37.75
41.9
32.32
36.96
35.62
36.06
37.91
45.08
36.01
37.13
33.43
39.02
35.64
42.03
34.61
38.28
37.86
36.91
36.35
44.01
31.54
36.21
35.94
37.89
39.66
41.69
32.58
36.62
36.39
33.69
37.39
45.03
38.01
34.19
34.81
31.05
38.74
42.09
39.28
37.32
36.32
36.85
32.29
43.82
42.72
34.65
33.34
36.41
33.06
38.94
38.19
32.02
37.2
35.55
35.77
43.06
36.04
33.96
35.36
41.87
35.49
43.52
35.72
29.05
37.56
36.73
34.84
45.72
38.69
37.43
36.14
37.55
33.82
46.15
41.2
35.13
39.53
38.77
33.07
38.98
41.03
36.28
34.77
36.53
34.13
46.28
40.62
33.63
37.37
33.25
36.5
44.05
38.32
37.34
39.32
34.13
33.43
44.85
37.34
37.52
40.63
31.74
36.36
39.97
38.99
36.31
39.6
35.31
30.06
45.08
35.92
32.53
39.17
36.62
29.91
44.43
35.26
31.63
36.45
32.58
33.51
43.65
34.47
32.93
40.56
36.88
33.81
45.17
34.16
37.43
38.1
34.49
32.81
45.34
32.44
36.65
35.85
37.53
34.4
45.64
30.21
35.86
32.6
36.06
27.17
44.32
30.08
36.8
37.82
36.86
29.21
43.54
33.39
33.47
35.14
32.31
33.45
42.89
32.97
34.33
36.11
34.66
33.04
41.03
33.56
37.15
38.1
34.63
31.65
40.77
33.75
34.27
34.39
34.02
27.58
43.59
29.97
34.34
35.28
35.49
36.61
42.99
29.3
31.78
34.28
33.63
38.16
43.06
34.73
33.91
35.22
33.35
36.63
38.46
29.68
37.7
37.9
34.78
39.59
35.56
27.8
36.84
36.99
34.81
36.54
41.67
33.44
31.71
31.55
34.35
35.78
39.27
34.95
33.97
38.99
31.11
29.21
38.43
39.14
35.69
37.89
33.49
24.81
44.77
33.33
37.25
34.97
31.72
26.94
40.78
34.63
36.85
41.92
35.48
20.77
41.66
36.3
36.15
36.55
34.65
27.14
40.12
35.13
37.66
39.49
34.92
25.28
39.08
37.58
33.6
39.38
39.06
28.73
39.7
34.53
34
36.87
36.95
25.99
45.33
31.49
29.66
36.02
39.02
27.2
41.82
34.05
28.04
33.87
38.07
28.28
39.8
38.46
30.45
35.39
38.92
31.04
37.5
33.62
33.86
37.72
37.91
33.37
39.31
36.05
29.01
33.94
40.16
36.91
44.87
37.34
30.42
34.58
37.46
35.45
42.95
41.47
37.39
35.2
38.84
38.51
42.71
41.35
35.61
38.17
38.91
33.67
45.83
37.8
36.5
33.62
40.75
31.57
42.19
46.83
33.56
29.66
37.82
37.18
43.4
42.43
34.17
27.55
39.71
32.96
43.46
42.48
29.87
31.23
36.93
37.06
45.82
40.98
30.75
30.58
36.86
35.71
44.6
39.31
33.91
25.43
36.71
34.89
46.05
35.46
31.49
28.65
31.61
33.4
42.8
37.84
31.53
28.52
34.68
39.77
46.63
38.09
32.05
29.86
36.67
40
35.95
36.2
37.85
26.17
34.18
34.99
37.73
35.21
30.26
25.56
35.86
37.82
46.04
36.38
35.54
27.49
34.21
39.29
39.58
38.02
29.25
28.34
31.18
37.71
41.01
33.51
34.03
29.21
33.41
35.92
34.18
34.46
33.51
25.05
33.84
33.36
39.12
36.3
37.27
25.66
36.93
33.04
39.38
36.57
36.21
28.68
38.41
34.15
42.4
34.35
37.25
33.78
37.03
35.95
37.13
31.5
35.65
19.96
39.79
36.04
43.5
31.5
33.86
25.9
37.69
31.6
44.49
31.97
34.71
24.5
38.12
29.87
39.2
33.21
40.7
24.76
39.09
32.62
38.42
32.21
35.82
26.41
38.75
30.12
37.78
27.34
32.4
19.84
44.33
32.93
36.18
33.81
33.49
24.04
40.1
29.75
36.62
36.26
32.99
22.16
44.65
33.69
35
35.86
35.45
20.93
40.3
30.73
40.83
33.31
35.62
22.76
39.04
35.12
40.33
27.65
39.66
27.36
38.62
29.94
38.55
31.91
34.22
28.17
35.33
34.44
38.54
34.56
33.96
29.26
38.28
25.75
39.5
34.52
31.47
25.02
35.17
30.63
41.16
36.72
35.4
21.33
39.16
30.61
36.16
29.71
35.84
26.64
37.14
36.97
41.63
32.38
33.28
25.61
39.92
32.76
39.04
32.16
33.86
27.11
33.65
32.56
43.06
29.84
35.9
26.85
33.52
35.6
39.51
33.46
30.51
25.79
35.67
22.58
44.07
30.95
36.06
20.29
33.59
27.61
36.61
28.64
32.18
25.62
36.31
25.29
41.49
30.5
35.9
23.18
40.34
18.1
41.93
32.74
29.36
26.29
33.34
23.29
40.68
28.02
34.91
30.67
34.64
19.83
34.81
33.08
33.72
33.74
37.21
22.07
35.28
29.97
32.38
27.08
37.43
25.07
35.25
34.27
37.33
25.62
36.68
26
42.51
31.98
31.05
30.35
38.8
21.49
38.96
34.06
28.51
27.07
35.81
20.97
44.61
37.46
28.49
27.42
31.51
24.29
43.43
33.47
32.75
35.12
35.7
22.05
41.61
34.04
31.6
29.29
32.28
23.4
39.79
31.27
32.29
38.94
36.69
15.45
44.59
30.44
33.46
32.05
40.44
22.53
40.11
32.42
29.8
31.06
36.8
22.5
38.59
31.13
32.02
31.91
39.02
19.78
36.18
29.6
33.23
32.25
35.22
18.07
35.8
30.08
31.31
39.31
38.34
14.26
38.32
32.84
35.41
41.48
34.79
17.35
40.29
33.75
30.14
39.04
34.26
19.45
38.69
32.01
31.32
31.45
33.14
19.33
42.12
30.69
30.85
29.97
39.47
18.87
38.89
37.19
29.52
34.27
39.91
21.07
44.77
33.76
29.46
38.12
35.84
16.1
39.87
32.91
32.73
35.37
36.73
17.86
40.42
30.72
34
33.1
37.55
23.36
41.93
31.6
36.78
35.89
37.22
17.4
35.27
30.75
30.39
33.4
37.48
19.28
44.73
32.75
31.66
37.07
32.3
19.01
35.26
29.78
34.65
37.49
32.97
19
40.13
34.66
36.1
37.94
34.74
26.41
38.41
35.07
36.07
39.19
37.02
21.57
37.63
38.25
32.66
35.29
40.2
24.73
35.7
36.45
35.29
33.83
39.86
20.19
39.87
33.24
29.95
29.75
40.81
21.39
38.18
32.72
29.57
33.85
38.19
20.42
38.57
39.48
24.47
33.25
37.91
18.22
42.3
32.23
27.03
35.04
39.75
26.63
39.79
35.13
33.64
33.2
36.27
25.81
44.17
32.26
28.55
33.98
41.94
28.16
43.33
27.92
34.17
30.94
37.65
24.38
40.88
29.4
30.52
35.22
35.5
28.54
39.39
38.6
31.58
35.88
35.7
22.12
39.18
32.28
35.05
33.82
41.22
22.82
43.09
40.02
37.39
36.14
33.61
21.41
45.46
37.87
36.31
39.61
37.68
21.67
46.31
34.76
29.51
35.38
30.67
17.76
44.38
33.49
33.92
31.82
35.71
22.73
42.19
34.71
34.82
38.79
32.58
22.93
48.61
34.43
32.9
35.8
21.51
35.83
35.05
34.97
19.6
33.63
38.96
31.51
22.26
35.87
37.11
33.97
24.73
37.94
28.9
34.26
21.34
34.19
28.51
31.98
22.48
42.28
31.36
34.62
22.92
39.59
34.78
33.39
21.46
33.88
32.67
28.42
24.69
40.16
29.3
32.82
25.29
34.7
34.31
27.35
17.76
36.5
31.36
32.32
23
41.09
29.69
30.65
16.67
38.29
33.72
29.83
17.09
41.04
30.76
33.06
17.58
37.65
34.25
36.3
20.26
36.5
34.58
31.05
17.52
37.32
32.64
37.65
22.89
36.21
32.59
32.65
25.38
31.2
30
31.82
21.12
31.71
30.24
30.56
21.2
31.06
31.37
32.56
16.48
33.27
30.64
33
24.09
32.93
32.76
32.37
17.11
35.06
33.41
31.25
20.42
35.53
35.01
35.39
17.53
35.02
34.44
35.58
20.89
39.04
30.83
33.08
24.33
38.86
27.1
31.04
22.16
35.95
33.47
33.36
24.32
36.46
31.02
33.47
22.72
35.7
29.3
34.11
25.34
36.79
34.9
34.02
23.15
40.03
33.54
31.21
27.75
44.21
31.66
32.18
26.53
41.65
33.37
33.9
21.48
43.95
37
32.5
21.15
40.67
33.26
31.11
19.53
45.37
36.04
34.27
18.65
46.16
35.69
32.34
21.96
43.01
30.96
30.04
19.9
46.92
33.35
31.31
22.89
42.41
35.22
31.53
23.33
41.26
33.17
31.09
22.04
42.26
36.02
30.84
22.7
43.55
33.88
31.61
22.12
42.86
35.84
29.09
25.44
40.41
39.32
27.76
24.88
43.18
39.56
30
25.15
39.68
36.74
22.99
26.59
38.98
35.25
26.11
21.79
39.75
34.79
33.03
29.47
42.13
35.82
26.34
24.69
46.32
33.77
23.53
26.04
42.14
34.23
30.83
23.59
43.29
34.42
34.78
22.6
46.23
34.35
32.32
23.35
45.72
33.09
35.05
17.12
43.26
33.01
30.4
16.94
41.95
37.55
27.95
24.62
43.76
33.97
32.51
24.68
45.25
40.09
34.48
24.52
44.55
36.43
33.74
23.89
40.22
33.34
33.18
20.61
46.83
30.86
31.13
24.84
45.5
31.33
31.12
25.23
45.23
39.41
29.75
18.8
46.27
35.63
31
15.49
46.92
35.58
34.59
20.86
42.41
28.96
30.92
26.29
43.2
30.05
31.33
33.33
41.87
22.5
37.04
22.54
45.72
34.72
39.4
21.62
45.69
33.27
35.92
19.97
38.74
36.68
34.53
34.96
42.43
20.6
34.42
35.62
45.14
23.5
30.03
19.46
47.86
37.64
37.55
32.43
44.81
19.73
28.47
30.7
43.85
21.77
30.47
24.35
41.1
34.05
35.46
26.18
45.48
20.82
36.42
26.01
43.5
22.75
37.04
27.04
40.09
18.79
34.58
19.95
42.44
26.17
39.01
19.62
42.86
22.99
36.96
21
43.31
32.66
37.46
21.57
45.13
27.27
35.8
20.6
41.16
24.48
34.69
18.49
43.78
20.35
35.01
20.02
45.66
22.71
29.47
24.5
45.33
14.2
31.66
16.08
44.56
24.47
33.31
21.49
46.3
18.72
37.2
21.16
49.03
22.91
36.77
23.6
46.48
26.43
32.15
21.22
47.73
18.49
31.15
18.4
48.47
20.83
33.91
20.45
44.31
26.98
33.05
18.64
46.63
24.68
32.81
23.79
44.49
18.32
31.71
17.9
42
22.32
35.68
22.06
46.18
16.32
39.78
17.17
43
21.35
33.72
12.55
45.99
20.7
36.28
21.92
46.8
19.47
30.78
20.72
45.08
22.5
35.63
17.44
41.15
25.33
33.16
22.68
41.21
17.66
34.11
22.69
42.63
19.54
34.01
18.23
40.37
22.73
37.03
26.03
38.35
21.34
34.62
23.85
32.7
19.51
34.82
20.87
35.9
18.9
32.63
21.84
31.45
27.44
35.56
17.21
38.07
23.72
32.12
20.27
36.89
15.74
38.47
23.6
40.53
18
36.65
19.87
38.93
26.56
30.53
14.78
38.55
27.95
37.14
17.17
39
26.47
37.33
11.03
41.33
22.54
36.91
9.58
30.5
21.93
37.69
13.93
33.09
17.71
34.2
17.17
31.12
17.66
32.45
13.21
40.43
24.44
35.11
20.79
33.93
21.97
33.72
17.47
35.82
20.64
29.15
15.26
41.28
19.28
34.89
18.73
34.95
20.78
38.34
20.79
31.51
18.78
35.88
17.81
32.81
24.8
34.19
22.71
35.41
21.23
38.34
17.99
32.9
16.14
38.87
15.64
33.54
16.92
34.01
21.02
34.81
21.16
33.64
22.1
29.77
21.84
30.58
22.84
26.68
21.56
33.5
22.19
26.76
15.77
35.37
22.3
28.24
19.15
35.15
20.59
31.16
20.07
29.51
25.24
31.91
21.37
33.06
22.76
31
22.27
36.85
21.17
27.63
20.49
27.44
22.05
26.99
21.35
32.33
18.97
27.47
25.2
35.03
21.15
25.59
22.23
33.78
21.25
34.67
21.94
34.2
20.42
33.34
21.96
28.85
16.78
31.68
24.37
39.28
18.46
29.86
24
31.55
19.56
28.34
26.78
36.8
22.59
28.93
19.89
32.91
23.59
34.2
24.57
32.22
25.61
34.32
22.04
32.12
24.78
31.28
20.5
32.82
24.63
31.61
18.13
33.65
27.03
30.85
25.4
29.96
25.01
29.58
22.03
32.84
26.14
34.52
23.94
31.36
23.57
31.26
28.75
34.23
23.58
32.5
24.85
35.04
26.31
30.65
24.05
26.02
26.51
28.03
19.01
30.69
21.42
29.23
18.21
28.62
24.18
30.61
24.25
32.49
23.58
33.15
27.16
32.55
24.63
27.71
28.2
33.03
30.58
24.96
20.78
36.11
21.79
32.99
26.64
35.61
29.34
35.23
21.53
34.98
24.75
35.16
28.03
35.2
23.71
32.35
31.92
33.99
31.47
36.42
23.09
31.4
22.43
32.99
29.23
31.84
20.22
34.8
21.15
38.19
24.22
35.27
25.5
36.89
23.7
38.86
24.49
36.19
28.81
37.91
20.31
38.44
24.46
36.06
23.06
36.26
24.6
40.26
27.34
37.09
28.82
34.59
25.16
40.26
24.55
38.06
21.66
37.51
28.88
32.45
25.45
34.23
21.99
34.87
28.16
36.92
24.4
35.8
22.53
35.03
24.17
37.68
28.73
33.02
25.1
40.11
21.77
37.92
19.98
36.59
19.69
34.2
21.06
37.39
24.93
37.27
19.69
36.61
22.55
34.2
22.87
37.62
20.12
29.57
21.86
38.52
20.9
35.55
26.89
39.04
20.84
32.94
20.33
40.7
17.32
31.98
19.14
36.49
20.01
34.53
24.52
41.15
21.04
35.88
20.1
38.98
15.18
38.7
24.64
34.11
19.62
33.91
23.97
35.15
19.98
36.02
23.3
36.49
23.01
35.03
21.84
39.47
20.85
40.01
23.79
37.06
23
39.34
22.95
32.76
19.77
39.73
19.39
31.76
16.97
36
15.94
35.46
14.67
36.47
14.64
38.5
16.41
36.54
17.68
38.58
18.55
36.9
22.34
41.12
17.85
34.37
24.17
38.17
20.83
37.55
22.95
34.12
19.39
35.49
20.73
35.15
19.12
34.12
20.18
39.92
17.48
31.21
21.72
36.91
17.77
32.31
25.21
38.81
15.31
33.45
19.01
38.42
18.94
30.87
25.18
41.27
15.84
36.32
24.21
36.48
15.37
29.75
18.34
41.54
17.21
34.41
17.9
38.46
22.02
33.96
19.02
37.58
22.89
29.32
20.77
37.7
21.47
30.91
19.78
42.15
22.68
33
19.77
32.3
16.3
34.78
18.15
38.94
23.37
33.11
20.16
35.67
22.96
33.28
19.78
34.79
22.84
32.94
16.53
33.98
25.08
31.45
20.33
35.81
22.38
30.32
22.7
40.9
21.1
38.51
17.78
46.47
17.95
34.28
24.97
45.55
15.04
30.85
23.43
42.52
20.63
30.74
23.15
44.85
13.08
34.13
25.51
44.6
15.23
33.37
19.89
45.91
17.05
32.16
19.09
44.21
18.09
29.77
17.49
47.31
19.44
37.55
21.27
39.2
17.48
32.85
22.19
42.47
21.09
32.17
19.45
41.24
17.94
36.69
22.43
42.27
14.6
38.39
16.72
39.11
14.85
34.69
21.48
40.58
14.8
35.75
15.81
32.23
17.72
34.69
15.72
33.83
22.38
35.77
21.43
35.48
19.7
36.08
24.19
34.14
17.08
37.03
22.57
31.39
20.34
39.74
22.89
33.8
19.42
40.81
19.45
31.71
17.83
38.2
18.12
29.99
19.4
37.41
23.62
34.82
19.14
43.12
24.82
31.35
14.9
36.85
27.06
35.02
18.11
41.14
27.73
34.15
19.14
38.26
27.94
37.5
18.6
38.53
24.9
36.82
15.41
35.58
29.9
32.29
13.12
36.03
29.98
32.41
20.89
41.22
27.02
30.92
17.31
37.43
24.66
30.43
19.32
40.14
24.55
23.36
13.13
36.04
25.23
28.65
17.69
32.37
26.1
27.32
19.71
37.9
24.09
31.02
21.42
39.87
24.16
25.67
18.89
33.98
20.97
28.84
18.19
36.09
25.15
22.74
21.06
32.97
21.87
25.85
21.88
34
20.85
28.61
14.8
34.35
17.92
29.66
20.8
32.96
21.14
30.12
19.43
33.77
16.77
29.77
23.52
34.26
22.48
26.4
22.61
36.79
22.76
28.68
17.82
32.8
23.37
24.65
22.07
35.76
23.75
25.38
13.34
35.99
19.85
30.86
18.3
38.82
23.63
27.75
14.81
34.73
23.8
26.62
16.18
34.19
29.1
28.48
19.2
37.37
27.67
24.78
17.01
38.18
25.74
25.3
19.47
39.95
31.21
29.05
16.7
39.52
26.76
25.9
12.22
34.42
28.66
21.72
11.96
37.23
31.76
25.33
6.96
32.98
25.85
24.22
14.56
39.09
26.43
30.92
14.23
36.02
28.44
22.98
14.7
34.15
34.38
27.4
14.91
36.3
28.12
33.4
13.23
35.08
32.3
37.25
11.8
36.28
33.08
37.46
15.6
35.13
28.17
34.53
15.04
36.07
17.5
34.35
13.97
39.41
28.23
36.25
14.22
39.12
24.07
36.18
16.39
35.95
20.59
36.93
15.26
37.64
28.93
34.69
17.63
39.74
27.11
32.92
14.08
36.09
24.2
35.09
20.25
36.95
28.01
33.9
21.13
32.48
26.86
34.75
13.78
35.59
30.48
33.54
21.92
36.55
29.65
36.98
24.37
38.31
27.64
36.91
24.84
35.52
22.72
31.31
21.01
40.12
24.33
34.63
21.32
40.31
30.85
31.36
15.14
39.35
27.19
32.89
24
39.53
25.36
33.8
17.06
35.33
22.45
36.35
24.13
34.8
27.36
30.84
19.26
39.1
30.5
36.72
18.77
32.26
28.59
37.67
20.9
36.94
27.04
36.35
25.15
38.47
30.71
37.58
24.81
38.91
26.53
40.01
19.25
38.76
23.02
35.58
26.52
37.89
20.98
32.4
25.65
42.36
22.1
31.46
28.88
37.77
24.42
31.31
21.34
37.18
19.3
39.85
23.76
34.51
22.94
37.37
25.27
34.41
21.29
32.26
23.01
37.97
26.98
35.85
20.67
37.19
28.74
35.25
26.54
39.83
27.54
37.01
20.66
36.8
20.76
39.28
20.17
31.29
24.37
36.53
17.07
35.3
23.11
38.51
23.87
33.85
23.56
36.8
25.74
37.03
25.57
36.21
22.48
34.91
24.78
38.76
21.75
37.76
21.44
37.25
19.95
33.68
28.66
34.84
22.84
36.7
26.69
34.04
23.77
37.3
23.35
36.2
19.71
37.96
28.27
35.8
22.78
36.88
28.71
34.18
16.02
30.76
27.95
32.21
19.1
36.08
26.94
37.79
21.47
37.24
27.54
33.8
22.34
33.35
29.9
32.61
19.25
36.17
22.93
33.72
23.79
38.93
29.7
34.69
22.64
34.09
28.39
36.53
25.47
34.86
23.07
36.09
19.52
33.53
32.2
38.06
23.89
36.56
34.82
35.25
22.15
37.5
36.63
35.2
19.52
36.37
30.85
40.99
16.66
33.76
35.15
39.96
15.83
41.99
31.04
35.46
22.65
36.78
34.24
34.7
23.05
34.69
38.96
39.03
19.64
35.73
32.65
33.29
24.39
38.37
36.55
38.51
22.93
38.23
32.65
36.39
23.98
38.49
31.58
29.64
26.29
41.91
31.99
32.61
23.32
37.54
29.64
33.62
23.51
39.01
27.79
35.87
22.49
36.05
21.81
34.97
20.02
31.26
35.04
38.59
36.84
36.19
39.64
35.28
38.73
33.25
40.47
35.47
37.77
37.82
36.29
