0.00574
0.0271
0.025
0.03293
0.02501
0.0261
0.0262
0.02513
0.02611
0.02954
0.0285
0.02629
0.02475
0.02521
0.03383
0.03107
0.02882
0.02184
0.02354
0.02641
0.02886
0.0157
0.02697
0.02882
0.0261
0.02668
0.02777
0.01446
0.02958
0.0285
0.02349
0.02124
0.02863
0.02394
0.01983
0.02742
0.02454
0.02959
0.02633
0.02284
0.02186
0.02594
0.0311
0.02706
0.02826
0.02543
0.02392
0.02677
0.03005
0.02312
0.02735
0.02238
0.02062
0.02668
0.03063
0.02349
0.02516
0.02812
0.02779
0.02536
0.03162
0.02452
0.02561
0.02554
0.02693
0.02434
0.03103
0.02493
0.02595
0.02811
0.02405
0.02604
0.0143
0.02468
0.02567
0.02907
0.02648
0.0258
0.01101
0.0215
0.02301
0.02777
0.02603
0.02634
0.00342
0.02066
0.02555
0.0282
0.02582
0.01312
0.03338
0.02588
0.02477
0.03097
0.01303
0.03384
0.02425
0.02635
0.02962
0.02648
0.02263
0.03183
0.02583
0.03009
0.02684
0.022
0.03193
0.02116
0.03159
0.02636
0.02352
0.03184
0.03029
0.02987
0.01969
0.02284
0.03119
0.02804
0.02944
0.0073
0.02592
0.02535
0.02652
0.03101
0.02491
0.03181
0.02801
0.03153
0.02564
0.02799
0.00408
0.03218
0.02369
0.02875
0.00424
0.03024
0.02616
0.02663
0.02257
0.02736
0.025
0.02582
0.02255
0.02584
0.02605
0.02641
0.02329
0.02925
0.03256
0.02138
0.02219
0.02857
0.02694
0.02247
0.02449
0.02692
0.03138
0.02691
0.02437
0.02781
0.02603
0.02771
0.02357
0.02937
0.02477
0.02742
0.02404
0.03018
0.0235
0.0258
0.02922
0.02278
0.02496
0.02861
0.02627
0.02571
0.02735
0.02543
0.02606
0.02611
0.02711
0.02714
0.02661
0.02657
0.02749
0.02538
0.02395
0.03601
0.0277
0.02794
0.03481
0.02717
0.02509
0.02714
0.02166
0.02598
0.02815
0.02296
0.0247
0.03077
0.02882
0.02393
0.03022
0.02874
0.0319
0.023
0.02451
0.02289
0.02403
0.00015
0.02349
0.00017
0.02452
0.03207
0.02502
0.03309
0.03364
0.03229
0.03153
0.03533
0.0349
0.03278
0.0328
0.03619
0.03412
0.03392
