5.5534
4.8925
5.4455
5.2313
5.2976
4.9838
5.5109
5.3771
5.1816
4.7439
4.8346
4.5070
5.6707
4.9876
5.7872
5.8080
4.9301
5.3605
4.8840
4.9560
5.7580
5.7348
5.0999
4.9489
4.9307
5.0413
5.4899
6.0475
5.3773
4.9344
4.9854
6.4402
5.0501
5.0700
4.9211
5.3604
5.1154
6.1908
5.4894
5.0029
4.8896
5.7853
5.7193
6.0498
5.2914
4.8393
4.7975
5.5249
5.7323
5.8874
4.9908
4.3511
4.9566
4.6170
4.8950
5.6222
5.2742
4.4184
4.8134
5.6819
4.9547
5.8700
5.8537
5.8222
4.7110
5.4944
5.0199
5.9138
6.1792
4.3448
4.9733
4.2761
5.1555
5.8350
5.7194
5.5888
6.1540
5.6814
5.2304
5.2525
5.8381
4.3617
5.6906
5.5795
6.1733
6.3993
5.2407
6.7568
5.6148
4.6277
5.1569
4.9349
5.5187
5.7186
6.1332
5.6138
5.6820
4.9327
6.0212
5.1571
5.9491
5.5881
5.6021
5.1296
5.2355
5.9150
5.8160
4.3143
5.9571
5.6325
5.9725
5.6351
4.9061
5.0996
5.2934
5.3717
5.9396
5.3620
4.8929
5.1055
4.8867
4.9803
5.9105
5.7867
5.3255
4.8604
5.0627
5.7601
5.7654
6.1297
5.7385
4.9854
4.9039
6.0725
4.8889
4.9970
5.5945
5.0236
4.9341
5.1613
5.2407
4.7876
5.1371
5.1286
5.1217
5.1720
5.7599
5.0756
5.7391
5.0756
5.1223
5.8979
5.3252
5.0697
5.0249
5.1032
5.6625
4.9959
5.7334
4.9973
5.8198
5.0419
4.3814
5.3617
6.0369
4.8907
5.3489
4.9499
5.7403
4.9564
5.9711
4.9627
5.7155
4.3909
5.7140
5.1750
4.9998
4.8732
5.1489
4.3499
4.3808
4.9186
5.1565
5.1086
5.7940
4.0897
5.1017
5.2252
4.8408
5.0080
5.0374
5.4823
5.1164
5.1050
4.8003
5.0816
5.0034
5.7110
6.9815
5.1461
5.0495
5.3020
5.2407
4.4303
4.3494
5.0132
4.9374
5.8497
4.8306
4.3933
4.3769
4.8662
5.1772
5.8373
4.8462
4.3815
4.7856
4.8629
4.9005
5.1487
5.1772
5.9808
4.9226
5.1007
4.9023
4.9428
5.0180
4.3494
4.9153
4.8895
5.0938
5.0456
4.9466
5.4372
4.7534
5.0710
5.1644
4.8914
4.8190
5.9834
4.7947
5.0454
4.7709
5.8318
5.0572
4.9395
5.3186
5.1241
5.0664
6.2292
5.1335
6.6743
5.1335
5.2495
4.8144
5.8431
4.9998
5.7967
4.9417
5.1173
4.8425
6.2752
5.2263
6.0246
4.8775
5.0634
4.7535
5.7870
4.8597
6.1097
5.0399
5.1504
4.9920
6.0304
4.9234
4.9612
4.8051
4.8775
4.9080
5.8919
5.1527
4.9097
5.0978
4.9178
5.0820
6.3410
5.1022
5.0332
5.0811
4.8699
5.1858
5.0249
4.8415
4.8222
4.7722
4.9027
4.9842
4.9405
4.8654
4.8946
5.0713
5.1142
4.9044
4.7481
4.9253
5.0518
4.7664
5.8999
4.8376
4.9851
5.0902
4.9397
4.8163
5.2359
5.1207
4.9591
5.3847
5.1008
4.8329
5.2136
5.7279
4.7253
5.3653
5.1332
4.8236
5.9754
5.5238
4.9314
5.1118
5.1606
4.8096
5.8485
5.9036
5.6521
5.7726
4.9606
5.3137
4.9575
5.4580
5.8411
6.0011
4.9041
5.1059
5.3223
4.9464
5.5583
5.1777
5.0937
4.8039
5.4390
5.7753
5.9939
5.2471
4.9132
4.9894
5.1084
4.9738
4.3730
5.9247
5.2939
4.9103
5.3370
4.8651
4.3129
5.0103
5.0337
4.9012
5.1654
5.5888
4.4856
5.2960
5.2335
5.1479
5.0473
5.7576
4.3995
4.9097
4.9061
5.0325
4.8909
5.4671
6.1474
5.1807
4.9040
4.7878
4.8426
5.8688
5.6273
4.8990
4.9480
5.1574
4.8711
5.1982
4.4049
5.2453
5.0419
6.2581
4.8783
6.0828
4.3950
5.1125
5.0106
5.8156
5.1730
5.8387
4.3227
5.1244
4.9093
5.7122
5.1114
5.8450
4.0487
5.0101
4.9206
5.6621
5.1418
6.0043
4.3802
4.8813
5.1083
5.2553
5.2410
5.6889
4.3251
4.8539
5.0136
4.5536
5.1010
5.8341
5.6965
5.0982
4.8999
6.1808
5.0886
5.9899
4.4472
4.9417
5.0309
5.2222
5.1467
4.8552
4.3860
5.1149
5.1038
6.1459
4.9848
5.6224
5.7478
5.0928
4.9193
4.8847
5.0463
5.8840
5.6624
5.1181
5.1737
6.3868
4.8647
5.4000
4.8715
5.2217
4.8741
4.4380
4.8698
5.5358
6.0197
5.1525
4.8615
4.7215
5.0134
5.4589
5.1326
5.0921
4.9865
6.4430
5.1581
5.0376
5.5363
5.1416
5.0288
4.7261
5.1238
5.5095
5.6107
4.8808
4.9620
5.9068
5.1846
4.8970
5.9242
4.9144
5.0639
5.7507
4.9191
4.8172
5.5851
4.8640
5.1609
5.5291
5.1724
4.8800
4.8931
4.8777
5.0713
5.2927
4.9425
5.0077
4.8756
4.9941
5.4618
6.0322
5.1003
5.0207
4.8093
5.0746
5.6400
4.6559
5.3660
4.8053
5.3170
5.9415
5.2162
6.1928
5.3119
5.1526
5.5819
5.3021
5.3223
5.6502
5.0319
4.8394
4.8161
5.7180
4.8164
6.1731
4.9457
4.7862
5.0838
5.3854
4.9864
5.3483
5.1271
4.8352
5.7669
5.8002
4.8872
6.2122
5.0547
4.9578
5.0285
4.8527
4.8291
5.0501
4.9988
4.9130
5.0350
5.9999
4.9904
4.7114
5.0996
5.1205
5.2489
5.3801
5.4434
6.4360
5.5282
5.1798
4.7998
5.7704
5.6999
4.7683
5.3838
4.9823
4.7962
5.5305
5.0059
4.6743
5.0878
4.8705
4.8209
5.6420
4.8727
5.5859
4.9605
4.7996
5.0003
4.8809
4.9850
5.3910
5.1096
5.0950
5.0666
5.0064
4.9885
5.2164
5.0691
4.6278
5.0828
4.8079
4.9084
5.0496
4.9858
5.1394
5.1738
4.9728
4.9784
5.0574
5.8507
5.0127
4.9651
5.1013
4.8418
4.8816
5.4045
5.1435
4.8319
5.1491
5.0047
5.1076
5.1577
4.9116
4.8417
4.7815
5.2259
4.7934
5.1604
5.0124
4.8855
4.8462
5.5882
5.0926
5.0632
4.8220
5.0644
5.2563
5.2346
5.6284
5.1199
5.3611
5.8564
5.0679
6.2114
5.7506
4.9686
5.2129
5.3080
5.0601
5.7748
4.3776
5.1244
5.5350
5.0104
4.8903
4.8762
4.3667
4.8338
5.9175
5.8517
4.8765
4.9738
5.7136
4.8414
5.3844
5.1241
4.9035
4.8769
4.3679
5.1347
5.3808
4.9629
4.7480
4.8944
4.6206
5.1047
4.8287
5.0210
5.1327
5.0379
5.8098
4.7961
5.6634
4.8269
4.7887
5.2437
4.3737
5.0468
5.5230
4.8487
4.8175
5.6923
4.3848
5.0909
5.4396
4.7895
5.2423
4.9014
5.4694
5.0854
5.2867
5.2505
5.0423
4.8254
5.6775
4.7995
4.8205
5.0047
5.6610
4.9841
4.3910
5.0814
5.7136
5.0770
5.8229
4.8886
5.6790
5.2026
5.8496
5.0055
5.1316
4.8590
5.6945
5.2810
5.5603
4.8460
4.7350
4.8723
5.7380
5.3465
5.6724
4.8552
5.1558
4.9886
5.7188
4.9910
5.9230
4.8640
5.1168
5.1289
4.3747
5.2386
5.1153
5.2247
4.8561
5.4153
4.3666
5.1933
5.9682
5.0337
4.9080
6.0807
5.9851
5.0256
5.8876
4.8238
5.3933
5.7943
4.3995
5.2602
5.7567
4.9502
5.2245
5.2243
5.6857
4.7217
5.2645
5.1006
5.1020
5.3513
4.3810
4.8024
6.1028
5.1225
4.9628
5.0021
5.6659
6.1817
5.7639
4.9389
4.9984
4.8917
4.3732
4.8218
4.9339
4.9475
5.1181
4.8653
4.3676
4.7289
5.6310
5.1126
5.0833
5.0457
6.0067
4.8025
5.3718
5.1074
5.0870
5.0466
4.5024
6.1851
5.7725
4.9334
5.0934
5.3362
4.3610
4.8195
5.6879
4.9766
5.1770
6.1023
5.5392
5.1409
5.0531
5.4367
5.3916
5.6536
5.6000
5.3799
5.1119
5.2004
5.0593
4.9766
5.5036
5.3584
4.9332
4.9217
5.1590
5.0210
5.6332
5.1572
4.8417
5.0871
5.0602
4.9876
5.0333
4.9862
5.0518
5.1177
5.0542
4.8866
5.2188
5.1229
4.8556
4.8798
4.9971
4.9710
5.5234
5.1180
5.2296
5.0636
4.7348
4.8412
5.2042
4.9699
4.8597
5.1237
6.1314
5.0489
5.7752
4.8956
4.9765
5.1514
6.0164
5.0997
5.6963
4.9274
4.9306
4.9200
4.8627
5.3411
5.0371
5.1341
5.1993
4.8834
4.9549
6.1203
4.9476
4.9693
5.1356
5.0129
4.8840
5.7040
4.7837
5.1440
4.8500
5.0078
4.9407
5.2955
5.1092
4.9940
4.7490
5.0396
5.6910
6.1641
5.3014
5.1497
4.9174
4.9305
5.5189
5.7312
5.4459
5.0461
4.9658
5.9886
5.1383
5.0006
5.1220
4.8466
4.9061
5.0032
5.0127
4.8835
5.5043
4.8584
4.8751
4.9419
5.0593
4.8895
5.4424
4.9202
4.8061
4.9291
4.8992
5.0177
5.0746
4.9092
4.9595
4.9414
5.3122
5.1782
5.0344
4.9406
4.8283
4.9505
5.1881
5.7147
5.0530
4.9513
5.0504
5.1255
5.4383
5.3095
5.0779
5.1112
4.7964
4.9399
5.4958
5.2886
5.0472
5.2477
5.1211
4.9579
4.9497
4.9397
5.0909
5.2592
5.2372
4.9326
5.2502
5.0121
5.0928
5.0682
5.7600
5.1264
5.1909
4.9061
5.4185
4.9359
5.4049
5.2300
4.9462
5.1490
5.3443
4.8872
5.4143
5.0756
5.2465
4.8636
5.0361
4.9609
5.7486
4.9853
5.1281
5.0314
5.0298
5.0101
5.8531
4.9514
5.1068
5.1036
5.1144
5.3794
5.0169
4.9685
5.3351
5.6089
5.0845
5.3140
5.4836
4.8737
5.0316
5.0720
5.0426
5.1134
5.6009
4.8852
5.1215
4.9820
4.3843
5.0059
5.9493
4.9630
5.0543
4.9701
4.3504
5.0520
5.8619
4.9920
5.4297
4.9873
5.7313
5.1097
5.1284
5.2587
4.9419
4.8729
5.2510
5.0060
6.0220
5.0883
5.2529
4.9154
4.3124
5.0794
5.6880
5.0225
5.3171
5.1810
6.0649
6.0347
5.8024
5.3954
5.0470
4.8448
5.5757
5.7760
6.0222
5.1357
5.0723
6.0634
5.6440
5.6973
4.7564
4.8832
5.0395
5.4284
6.0738
5.9475
5.6757
5.1243
5.1203
5.2707
5.5170
5.8670
5.8125
4.9605
5.0447
5.0554
5.6547
5.9224
5.0429
4.8555
5.0817
5.1173
5.9365
5.7869
4.7747
5.4640
5.3601
5.4399
5.5734
5.9634
4.8723
5.5397
5.3455
6.0715
5.9586
5.8224
5.6008
5.0747
5.1051
4.9329
5.0390
5.8782
4.8609
5.0343
5.0385
5.0090
4.9879
5.9547
5.3487
5.0358
5.0372
5.0203
4.9791
5.7545
5.6066
5.0618
5.1011
5.0585
4.9344
6.0156
6.0190
5.0211
5.0581
5.5971
5.0469
5.4466
4.9984
5.0504
5.0525
5.4735
6.2895
4.8906
5.8218
5.1044
6.0408
5.7275
10.0035
4.9059
5.0906
5.2626
5.4558
5.2237
6.2836
5.0007
4.8221
5.2687
5.8527
5.3745
17.8018
5.0682
4.8397
5.0215
4.9519
4.9941
6.2709
6.1059
5.0097
5.0631
5.9324
4.9043
10.0511
6.1091
5.1677
5.0611
5.3897
5.0746
6.2717
5.8054
5.2582
4.9730
4.9041
5.1094
5.1460
20.1624
4.8986
5.0974
5.0841
5.2549
4.9207
6.0983
4.9431
4.5652
4.8915
5.2396
4.8784
6.1219
4.7281
6.3235
5.1128
5.0794
5.1080
5.8529
4.8403
4.7078
5.2645
5.2726
4.9601
5.0040
4.8721
6.4915
5.2126
6.0376
4.9147
6.1076
5.0959
5.7185
5.1066
4.7983
5.0275
6.0748
4.7748
5.1504
5.0996
4.8697
5.1341
6.3170
5.1380
4.8244
4.9282
4.9120
4.9819
5.5304
5.1410
4.6870
5.0446
4.9634
4.8612
5.2233
4.8556
5.1331
4.8929
5.1333
5.0062
5.7525
4.9100
4.9263
4.8806
5.4397
5.0387
5.2338
4.8612
4.9128
5.1213
4.9866
6.2950
6.2371
4.9283
4.9447
5.1425
5.1683
5.6797
5.3557
4.9892
4.8872
5.0012
5.2627
5.1119
5.8462
5.2081
5.0249
4.9549
6.0019
5.0876
6.3020
4.9714
5.1097
4.9264
4.8207
5.1844
6.2529
4.9050
4.9719
4.9967
4.8930
4.7822
5.0197
4.8113
4.9153
5.1033
4.9068
4.9929
6.0346
6.0281
5.0602
4.8599
4.9220
5.1274
6.3130
5.0480
5.1023
4.9246
4.9945
5.1979
6.5133
5.8324
5.0360
5.0364
5.1039
4.9795
5.9650
5.6098
4.9708
5.0548
5.1346
5.0439
6.1086
5.4599
5.1176
5.1194
5.7146
4.9294
6.2901
5.5719
5.1055
4.9094
5.1251
5.0378
4.8223
5.4000
5.0387
5.3298
5.3336
5.0686
5.8409
5.6554
5.0003
4.9608
5.9191
4.8746
5.6886
4.8243
5.3926
5.1243
4.8281
5.8469
4.8726
5.0148
5.7058
5.0404
5.0990
6.0313
4.9889
5.8357
5.6382
4.9977
5.0789
6.0584
5.1570
4.9869
5.1386
4.9833
5.0953
6.0693
4.8481
4.5485
5.6806
4.9686
4.9313
5.9815
4.9696
5.9863
5.6570
4.9257
5.1100
6.0632
5.2103
5.7107
4.8225
5.8488
5.0980
5.8362
6.3005
5.9416
4.9830
5.2420
4.9446
5.8934
10.1680
6.0071
4.9780
6.0887
5.1307
6.2215
6.3058
5.3541
4.8240
6.1318
5.2750
6.2093
6.2753
5.5591
4.9213
5.5740
5.9937
5.7058
10.0399
6.0814
4.4041
4.9005
4.8228
5.9609
6.2804
5.4523
4.3737
5.7660
4.9045
5.1260
11.3545
6.0969
4.3747
4.9179
4.9179
5.2536
6.2658
5.8493
5.7062
4.9291
4.8212
5.9100
10.1417
6.0035
5.7459
5.1253
5.1298
5.6298
6.3385
6.1124
5.7503
5.9063
5.8010
5.9213
6.2852
4.8059
5.6881
6.0203
5.2486
5.9009
9.9713
5.7193
4.3797
5.3679
5.3254
6.2624
6.3088
5.2239
4.3776
5.9798
5.5312
4.9257
5.2458
5.7337
5.7053
5.7785
5.8207
4.3619
5.2955
5.3035
5.7422
5.9875
4.9482
4.3659
4.3720
5.2830
5.7373
6.0511
4.8932
4.3723
5.6713
4.9853
6.1307
5.7916
4.9613
4.3733
4.3814
4.8338
5.8989
5.7152
5.1063
5.7417
4.3722
4.9858
5.0404
6.0142
5.0603
4.3760
5.7039
5.0048
6.0913
5.3082
5.0743
4.3654
4.3569
5.1448
4.8422
5.9663
5.7490
4.3732
4.3680
4.8880
4.7542
5.8814
5.4570
4.3909
5.9525
4.9042
4.9334
5.5397
5.0938
5.8115
4.6039
5.1944
4.8285
5.9061
5.5757
4.3663
5.7464
5.2958
5.2122
5.8689
4.3633
5.7902
4.7972
5.7209
4.9165
4.3714
5.3483
5.1255
5.8232
4.8792
4.3701
4.9966
4.8489
5.6227
4.9003
4.3812
4.9907
4.8788
5.0499
4.9944
5.6661
5.1734
4.8049
4.9562
4.9714
5.1162
5.8571
5.0174
5.0202
5.0825
4.9243
5.2725
4.9177
5.0578
5.1258
4.9471
4.9041
5.0699
4.8594
5.6898
5.0933
5.2285
5.2174
5.1910
5.3609
5.0424
5.7559
4.9881
4.8184
5.7908
4.8946
5.0518
4.6404
4.8607
5.4499
4.9875
6.0332
4.7970
4.8326
5.8584
5.6068
5.5555
5.0498
4.8459
4.9370
5.8995
5.7347
4.8793
5.1088
5.6076
5.9235
4.8582
5.0550
6.1094
5.7548
4.8271
5.0458
4.7608
5.8984
4.9136
4.9443
4.8563
4.9953
5.0676
5.0658
4.9897
5.5724
5.1994
5.1011
5.3448
4.7868
5.1799
5.9627
5.0402
5.2943
5.9482
4.9731
5.5231
5.2860
5.2283
5.4419
5.6067
5.1692
5.8289
5.3272
4.9712
5.1349
4.8798
4.8972
4.9803
5.2161
5.0341
4.9239
4.8992
4.7918
5.1238
5.0971
5.4525
4.8800
5.0493
4.9832
5.5335
4.9503
5.4948
4.8684
5.7921
4.9792
4.9996
4.7379
4.8877
4.7956
4.9726
5.0980
4.9809
4.6970
4.9535
5.1303
4.8873
5.1271
5.3875
4.8881
5.3003
4.7940
5.0453
4.9158
4.8173
4.8945
5.0576
5.0413
4.9636
4.8314
5.1073
4.8305
5.3531
5.2386
5.2129
5.4213
5.5856
5.6905
4.8771
4.9093
4.9748
4.8813
5.1243
5.7279
4.9827
4.9816
4.9508
4.9918
4.8914
4.8880
4.9480
4.9969
5.1000
5.7845
4.9739
4.8749
4.9577
5.0380
4.8884
4.9178
4.8913
4.9924
5.4062
5.0744
4.8264
5.1691
4.9547
4.8172
5.0120
5.3903
5.5121
5.1816
5.1464
4.9992
4.9259
4.9038
4.8587
4.9452
4.9433
4.8739
5.6939
5.6655
5.8276
5.8787
5.4943
5.0633
5.9681
5.7324
5.7862
5.7653
4.9193
4.9844
4.9849
4.9092
6.0841
5.2545
5.2372
5.9625
5.8095
5.6401
5.3481
5.1351
4.9717
4.9081
4.9060
5.0151
4.9582
4.9181
5.2464
5.7805
5.7862
5.0783
5.1215
4.8732
5.2083
5.0023
4.8690
5.1554
5.0965
4.8661
5.1704
4.8920
5.4854
5.5316
5.8388
5.4600
5.3440
5.1243
5.0830
4.9257
5.0532
5.0464
5.5151
5.4066
5.1875
4.9523
5.2443
5.1814
4.9352
5.2456
5.0280
5.2319
5.3041
5.0284
4.9889
5.0973
5.0668
4.9930
5.1510
5.4825
5.0331
4.5033
4.9935
5.0887
4.9569
5.3263
5.3280
5.2388
5.1085
5.0751
5.0643
5.0946
5.0436
5.0615
6.0297
4.9661
6.0657
5.1212
6.0656
5.1077
5.0974
5.2028
4.7726
4.8212
4.8127
4.9297
4.8737
5.0266
4.9099
5.2380
6.5029
5.4369
6.3666
4.9500
6.6151
4.7895
6.4966
4.7039
4.8323
4.7838
6.3623
6.8054
4.9416
4.8502
4.8949
4.9166
5.2890
4.8792
4.8381
4.8101
4.8080
4.9873
4.8482
4.8249
4.7991
4.8281
4.8763
4.7451
4.8360
4.7909
4.7974
4.8106
4.9122
4.7945
4.8276
4.7994
5.3038
4.7665
4.7070
4.6995
4.8229
5.1829
4.7104
4.7029
4.7184
4.8762
6.2138
4.9719
4.4033
4.6395
4.3737
4.8376
5.2401
4.8646
5.7488
5.8315
5.2282
4.7888
4.8746
4.3926
4.3821
5.7353
5.7629
5.7426
5.7497
4.3684
5.7078
