3.7745
3.7352
3.8007
3.8590
3.7559
3.7781
3.7501
3.7707
3.7320
3.7829
3.7775
3.7992
3.7668
3.8204
3.7828
3.7877
3.7743
3.7821
3.7875
3.7950
3.7683
3.7703
3.7860
3.7938
3.7852
3.7941
3.7763
3.7907
3.8049
3.8009
3.7720
3.7799
3.7752
3.7788
3.7969
3.7855
3.7869
3.7786
3.7856
3.7871
3.7899
3.7920
3.7720
3.7999
3.7937
3.7763
3.7918
3.7794
3.7953
3.7903
3.8022
3.7843
3.7936
3.7850
3.7793
3.7945
3.7849
3.7762
3.7716
3.7806
3.8049
3.7909
3.7879
3.8013
3.7926
3.7863
3.7756
3.7738
3.8010
3.7882
3.7895
3.7861
3.7880
3.8008
3.7998
3.7754
3.7732
3.7754
3.7960
3.7882
3.8013
3.7885
3.7864
3.7965
3.7972
3.7735
3.7757
3.7993
3.7757
3.7720
3.7789
3.7879
3.7844
3.8007
3.7944
3.7689
3.7767
3.8001
3.7740
3.7731
3.7869
3.7871
3.7844
3.7699
3.7774
3.7893
3.7956
3.7798
3.8000
3.7848
3.7420
3.7460
3.7606
3.7571
3.7326
3.7672
3.7871
3.7751
3.7450
3.7769
3.7826
3.7581
3.7462
3.7512
3.7283
3.7306
3.7400
3.7490
3.7787
3.7734
3.8210
3.7332
3.7509
3.7583
3.7577
3.7559
3.7542
3.7479
3.7478
3.7834
3.7849
3.7855
3.7864
3.7723
3.7799
3.7767
3.7712
3.7774
3.7896
3.7781
3.7853
3.7993
3.7937
3.7706
3.7700
3.7893
3.7921
3.7834
3.7968
3.7895
3.7894
3.7943
3.7906
3.7897
3.7914
3.7827
3.7849
3.7891
3.7918
3.7937
3.7877
3.7900
3.7778
3.7627
3.7942
3.7514
3.7564
3.7944
3.7791
3.7800
3.7960
3.7787
3.7814
3.7943
3.7823
3.7705
3.7749
3.7926
3.7816
3.7924
3.7867
3.8069
3.7513
3.7746
3.7898
3.8013
3.7502
3.7735
3.7912
3.7714
3.7719
3.7930
3.7895
3.7897
3.7677
3.7687
3.8101
3.7857
3.7840
3.7891
3.8034
3.7766
3.7787
3.7928
3.8012
3.8013
3.7910
3.7895
3.7872
3.7776
3.7763
3.8018
3.7756
3.7739
3.7903
3.7730
3.7802
3.7878
3.7730
3.7838
3.7751
3.7823
3.7796
3.7825
3.7983
3.8027
3.7841
3.7949
3.7847
3.7921
3.7729
3.7690
3.7778
3.7869
3.7811
3.7897
3.7906
3.8007
3.7996
3.7801
3.7897
3.7778
3.7814
3.8003
3.7800
3.7741
3.7827
3.7843
3.7927
3.7824
3.7740
3.7839
3.7996
3.7953
3.7925
3.7882
3.7754
3.7829
3.7756
3.7708
3.7765
3.7841
3.7784
3.7954
3.7901
3.8000
3.7952
3.7814
3.7783
3.7823
3.7759
3.7872
3.7732
3.7926
3.7919
3.7827
3.7830
3.7929
3.7972
3.7942
3.7880
3.7933
3.7949
3.7881
3.7835
3.7885
3.7980
3.7953
3.7845
3.7932
3.7737
3.7852
3.7919
3.7659
3.7710
3.7761
3.7894
3.7837
3.7648
3.7789
3.7727
3.7636
3.7747
3.7756
3.7646
3.7840
3.7830
3.7711
3.7742
3.7928
3.7732
3.7669
3.7805
3.7968
3.7777
3.7724
3.7749
3.7802
3.7731
3.7701
3.7828
3.8108
3.7906
3.7691
3.7843
3.7859
3.7827
3.7955
3.7549
3.7824
3.7963
3.7707
3.7699
3.7893
3.7767
3.7834
3.7855
3.7799
3.7870
3.7778
3.7706
3.7657
3.7848
3.7817
3.7943
3.7719
3.7905
3.7794
3.7767
3.7768
3.7653
3.7918
3.7686
3.7692
3.7808
3.7949
3.7779
3.7808
3.7718
3.7934
3.7758
3.7631
3.7821
3.7852
3.7791
3.7825
3.7699
3.7754
3.7794
3.7684
3.7855
3.7668
3.7673
3.7757
3.7632
3.7881
3.7894
3.7800
3.7881
3.7870
3.7671
3.7838
3.7850
3.7834
3.7859
3.7798
3.7672
3.7631
3.7865
3.7880
3.7952
3.7749
3.7791
3.7700
3.7595
3.8043
3.7762
3.7602
3.7396
3.7613
3.8255
3.7628
3.7758
3.7941
3.7870
3.7759
3.7903
3.7902
3.7889
3.8002
3.7950
3.7773
3.7897
3.7979
3.7933
3.8020
3.7819
3.7946
3.7781
3.7871
3.7843
3.7798
3.7872
3.7854
3.7787
3.7914
3.8285
3.8655
3.8160
3.8430
3.7929
3.8606
3.8161
3.8334
3.8033
3.8101
3.8174
3.8010
3.8488
3.8494
3.8109
3.7785
3.7925
3.7783
3.7955
3.7490
3.8022
3.8125
3.8082
3.7698
3.7873
3.7352
3.7568
3.7795
3.8068
3.7446
3.7588
3.7315
3.7420
3.7588
3.7438
3.7602
3.7937
3.7798
3.7761
3.7779
3.7823
3.7976
3.7811
3.7898
3.7899
3.7675
3.7766
3.7764
3.7697
3.7722
3.7796
3.7962
3.7811
3.7626
3.7879
3.8000
3.7902
3.7900
3.7948
3.7795
3.7657
3.7836
3.7942
3.7854
3.7993
3.7916
3.7796
3.7775
3.7699
3.8761
3.8415
3.8321
3.8384
3.8429
3.8707
3.8436
3.8410
3.8320
3.8139
3.8154
3.8380
3.8126
3.8330
3.8358
3.8139
3.8344
3.8115
3.8130
3.8294
3.8360
3.8196
3.8154
3.8340
3.7798
3.7819
3.7976
3.7889
3.7907
3.7929
3.7900
3.7864
3.7837
3.7794
3.7931
3.7899
3.7923
3.7926
3.7899
3.7916
3.7949
3.7843
3.7916
3.7733
3.7897
3.7745
3.7891
3.7833
3.7988
3.7808
3.7703
3.7732
3.7822
3.7802
3.7954
3.7886
3.7878
3.7889
3.7927
3.7790
3.7768
3.7981
3.7978
3.7916
3.7917
3.8031
3.7960
3.7889
3.7733
3.7736
3.7695
3.7806
3.7741
3.7773
3.7732
3.7914
3.7852
3.7814
3.7967
3.7753
3.7746
3.7679
3.7812
3.7834
3.7638
3.7875
3.7691
3.7672
3.7703
3.7734
3.7797
3.7650
3.7865
3.7699
3.7771
3.7836
3.7601
3.7757
3.7914
3.7776
3.7762
3.7582
3.7593
3.7431
3.7646
3.7487
3.8164
3.8138
3.8309
3.7836
3.7444
3.8057
3.7848
3.8341
3.8102
3.7893
3.7890
3.7936
3.7959
3.7845
3.7752
3.7898
3.7835
3.7849
3.7948
3.8030
3.7883
3.7764
3.7713
3.8080
3.7776
3.7913
3.7890
3.7873
3.7827
3.7984
3.7837
3.7847
3.7896
3.7858
3.7877
3.7745
3.7790
3.7956
3.7964
3.7969
3.8011
3.7877
3.7830
3.7837
3.7888
3.7969
3.7880
3.7911
3.7823
3.7680
3.7785
3.7885
3.7927
3.7945
3.7794
3.7941
3.7966
3.8208
3.8019
3.8069
3.8040
3.7498
3.7759
3.7964
3.7900
3.7857
3.8157
3.7777
3.7827
3.7994
3.7790
3.8070
3.8328
3.8084
3.7804
3.8009
3.7556
3.7745
3.7976
3.7899
3.7988
3.8048
3.7796
3.7890
3.8010
3.7833
3.7620
3.7830
3.7679
3.7794
3.7819
3.7757
3.8000
3.7650
3.8108
3.7670
3.7815
3.7747
3.7801
3.7721
3.7852
3.7656
3.7731
3.7737
3.7800
3.7851
3.7862
3.7808
3.7661
3.7826
3.7835
3.7805
3.7948
3.7801
3.7853
3.7876
3.7916
3.7762
3.7648
3.7825
3.7740
3.7817
3.7645
3.7633
3.7984
3.7941
3.7901
3.7933
3.7967
3.7931
3.7891
3.7684
3.7829
3.7889
3.7803
3.7853
3.7693
3.8024
3.7893
3.7835
3.7781
3.7910
3.7926
3.7997
3.7914
3.7873
3.7942
3.7672
3.7801
3.7884
3.7773
3.7812
3.7869
3.7744
3.7883
3.7856
3.8108
3.7858
3.8091
3.7963
3.7860
3.8068
3.7831
3.8027
3.7877
3.8060
3.7901
3.7505
3.7502
3.7480
3.7403
3.7271
3.7437
3.7433
3.7435
3.7720
3.7431
3.7478
3.7478
3.7523
3.7462
3.7539
3.7610
3.7605
3.7436
3.8145
3.7603
3.7312
3.7536
3.7536
3.7564
3.8220
3.7316
3.7337
3.7437
3.7809
3.7817
3.7994
3.7937
3.7924
3.7902
3.7862
3.7739
3.7891
3.7966
3.7927
3.7762
3.7878
3.7939
3.7991
3.8029
3.7901
3.7574
3.7966
3.7845
3.7812
3.7732
3.7725
3.7700
3.7827
3.7674
3.7777
3.7642
3.7888
3.7788
3.7801
3.7724
3.7695
3.7764
3.7802
3.7889
3.7625
3.7786
3.7623
3.7810
3.7755
3.7612
3.7686
3.7942
3.7723
3.7701
3.7797
3.7851
3.7904
3.7749
3.7838
3.7737
3.7804
3.7855
3.7808
3.8053
3.7494
3.7897
3.7838
3.7882
3.7627
3.7692
3.7925
3.7808
3.7950
3.7735
3.7820
3.7945
3.7848
3.7776
3.7842
3.7743
3.7874
3.7775
3.7745
3.7956
3.7763
3.7777
3.7817
3.7858
3.7803
3.7343
3.7618
3.7878
3.7759
3.7646
3.7923
3.7823
3.7754
3.7787
3.7675
3.7752
3.7777
3.7777
3.7681
3.7709
3.7820
3.7649
3.7764
3.7765
3.7841
3.7703
3.7754
3.7753
3.7985
3.7928
3.7862
3.7677
3.7599
3.7818
3.7847
3.7899
3.7849
3.7804
3.7752
3.7838
3.7701
3.7697
3.8059
3.7793
3.7860
3.7879
3.7895
3.7663
3.7792
3.7800
3.8036
3.7879
3.7737
3.7804
3.7813
3.7815
3.7612
3.7720
3.7652
3.7633
3.7732
3.7801
3.7656
3.7692
3.7812
3.7751
3.7824
3.7833
3.7701
3.7763
3.7924
3.7710
3.7680
3.7722
3.7965
3.7847
3.7718
3.7721
3.7765
3.7873
3.7745
3.7639
3.7807
3.7850
3.7792
3.7844
3.7578
3.7827
3.7936
3.7601
3.7553
3.7806
3.7689
3.7808
3.7809
3.7751
3.7819
3.7774
3.7677
3.7654
3.7832
3.7810
3.7929
3.7785
3.8284
3.7709
3.7681
3.8250
3.7642
3.7787
3.7856
3.7701
3.7742
3.8181
3.7770
3.8041
3.7679
3.7939
3.7841
3.8258
3.7778
3.7669
3.8308
3.7608
3.7631
3.8223
3.8209
3.8155
3.7589
3.8087
3.7521
3.7617
3.8038
3.7961
3.7990
3.7865
3.7962
3.8092
3.7908
3.7859
3.7877
3.7932
3.7818
3.7894
3.7737
3.7906
3.7846
3.7790
3.7938
3.7939
3.7933
3.7939
3.7912
3.7857
3.7872
3.7862
3.7872
3.7995
3.7985
3.7710
3.7764
3.7995
3.7753
3.7784
3.8000
3.7859
3.7889
3.7868
3.7966
3.7958
3.7764
3.7778
3.7770
3.7774
3.7978
3.7860
3.7845
3.7742
3.7987
3.7965
3.7751
3.7720
3.7750
3.7915
3.7872
3.7869
3.7881
3.7949
3.7701
3.8003
3.8000
3.7778
3.7728
3.7975
3.7724
3.7793
3.7982
3.7969
3.7772
3.7854
3.7944
3.7800
3.7870
3.7745
3.7732
3.7828
3.7906
3.7861
3.7940
3.7955
3.7817
3.7758
3.7698
3.7778
3.7996
3.8064
3.7931
3.7948
3.7954
3.7939
3.7748
3.7756
3.7710
3.7768
3.7993
3.8035
3.7848
3.7935
3.7975
3.7853
3.7953
3.7747
3.7895
3.7719
3.7800
3.7975
3.8023
3.7767
3.7910
3.7891
3.7807
3.7938
3.7706
3.7727
3.7692
3.7786
3.7966
3.8010
3.7920
3.7977
3.8009
3.7920
3.7902
3.7807
3.7793
3.7893
3.7925
3.7820
3.7939
3.7959
3.7850
3.7772
3.7981
3.7884
3.7754
3.7775
3.7898
3.7930
3.7816
3.7857
3.7951
3.7932
3.7888
3.7795
3.7962
3.7878
3.7760
3.7893
3.7842
3.7963
3.7828
3.7773
3.7882
3.7875
3.7790
3.7808
3.7949
3.7785
3.7809
3.7767
3.7825
3.7947
3.7900
3.7953
3.7922
3.7898
3.7853
3.7968
3.7733
3.7761
3.7761
3.7871
3.7933
3.7868
3.7836
3.7937
3.7958
3.7895
3.7843
3.7803
3.7815
3.7968
3.7995
3.7842
3.7818
3.7964
3.7822
3.7787
3.7845
3.7880
3.7914
3.7945
3.7952
3.7937
3.7940
3.7939
3.7837
3.7926
3.7816
3.7859
3.7884
3.7851
3.7864
3.7861
3.7854
3.7922
3.7855
3.7903
3.7878
3.7832
3.7883
3.7865
3.7841
3.7853
3.7840
3.7859
3.7978
3.7962
3.7726
3.7964
3.7967
3.7991
3.7770
3.7785
3.7759
3.7761
3.7974
3.7968
3.8007
3.8011
3.7890
3.7869
3.8000
3.7857
3.7834
3.7886
3.7959
3.7846
3.7974
3.7941
3.7850
3.7871
3.7819
3.7840
3.7907
3.7874
3.7874
3.8032
3.7791
3.7822
3.8019
3.7884
3.7834
3.7759
3.7962
3.7889
3.7850
3.7972
3.7931
3.7861
3.7845
3.7779
3.7855
3.7868
3.8015
3.7802
3.7924
3.7743
3.7921
3.7986
3.7826
3.7812
3.7937
3.7775
3.7978
3.7871
3.7814
3.7798
3.7826
3.7757
3.7894
3.7813
3.7819
3.7903
3.7814
3.8163
3.8135
3.8319
3.8366
3.8132
3.8324
3.8380
3.8160
3.7933
3.7795
3.7790
3.7943
3.7939
3.7949
3.7901
3.7933
3.7938
3.7877
3.7715
3.8010
3.7923
3.7966
3.7983
3.7753
3.7793
3.7792
3.8001
3.7899
3.7900
3.8001
3.7893
3.7909
3.7919
3.7681
3.7910
3.7748
3.7911
3.7743
3.8026
3.7666
3.7937
3.7911
3.7916
3.7972
3.8022
3.7869
3.8049
3.7712
3.7966
3.7367
3.7667
3.7457
3.8039
3.7581
3.8294
3.8089
3.7939
3.8118
3.8001
3.8106
3.7997
3.7914
3.7937
3.7913
4.0577
3.9910
4.0072
4.0109
3.9838
4.0125
3.9862
4.0062
4.0102
3.9965
4.0375
3.9963
4.0192
4.0141
4.0140
3.9850
4.0462
4.0136
4.0160
4.0168
4.0428
3.8284
3.9541
3.9625
3.9246
4.0305
3.9408
3.9581
3.9418
3.8128
3.7923
3.7893
3.7605
3.7452
3.7929
3.7953
3.7806
3.7703
3.7898
3.7821
3.7791
3.7969
3.7954
3.7812
3.7449
3.7305
3.7355
3.7371
3.7269
3.7385
3.7253
3.7945
3.7831
3.7837
3.7729
3.7801
3.7999
3.7815
3.7766
3.7921
3.7741
3.7795
3.7956
3.7722
3.7874
3.7737
3.7839
3.7803
3.7820
3.7959
3.8013
3.7857
3.7954
3.7824
3.7868
3.7765
3.7710
3.7718
3.7872
3.7815
3.7892
3.7888
3.7985
3.7995
3.7908
3.7951
3.7751
3.7839
3.7877
3.7818
3.7991
3.7875
3.7966
3.7803
3.7886
3.7936
3.7967
3.7808
3.7664
3.7662
3.7936
3.7834
3.8000
3.7912
3.7922
3.7848
3.8011
3.7851
3.8218
3.7972
3.7999
3.8154
3.7998
3.8233
3.8124
3.7988
3.8181
3.8146
3.8095
3.8200
3.8166
3.8123
3.8093
3.8199
3.8325
3.8101
3.8101
3.8078
3.8268
3.8359
3.8146
3.8301
3.7719
3.7870
3.7802
3.7930
3.7768
3.7937
3.7777
3.7866
3.7973
3.7912
3.8007
3.7998
3.8002
3.7885
3.7947
3.7804
3.7831
3.7881
3.7947
3.7930
3.7974
3.7921
3.7851
3.7833
3.7925
3.7923
3.7907
3.7929
3.7924
3.7867
3.7848
3.7840
3.7828
3.7853
3.7843
3.7866
3.7819
3.7862
3.7850
3.7842
3.7899
3.7779
3.7894
3.7833
3.7983
3.7807
3.7880
3.7864
3.8031
3.7889
3.7924
3.7974
3.7996
3.7863
3.7924
3.7985
3.7746
3.7825
3.7631
3.8019
3.8070
3.8184
3.8036
3.8373
3.7851
3.8177
3.8356
3.7880
3.8078
3.7862
3.7708
3.7853
3.7918
3.7724
3.8017
3.7898
3.7907
3.7881
3.7903
3.7905
3.7792
3.8010
3.7901
3.7913
3.7753
3.7488
3.7577
3.7896
3.7476
3.8060
3.7906
3.7772
3.7477
3.7545
3.7807
3.7600
3.8018
3.7522
3.7567
3.7523
3.7270
3.7419
3.7438
3.7289
3.7510
3.7798
3.7811
3.7620
3.7879
3.7908
3.7821
3.7657
3.7680
3.7706
3.7836
3.7730
3.7708
3.7794
3.7844
3.7750
3.7811
3.7748
3.7797
3.7836
3.7736
3.7873
3.7602
3.7720
3.7768
3.7877
3.7724
3.7827
3.7839
3.7842
3.7736
3.7982
3.7624
3.7661
3.7894
3.7705
3.7955
3.7751
3.7760
3.7928
3.7824
3.7890
3.7854
3.7687
3.7944
3.7675
3.7712
3.7935
3.7957
3.7914
3.7821
3.7768
3.7815
3.7928
3.7572
3.8046
3.8733
3.7599
3.8045
3.8001
3.7646
3.7850
3.7772
3.7654
3.7854
3.7863
3.7967
3.7866
3.7625
3.7843
3.7891
3.7875
3.7849
3.7949
3.7873
3.7629
3.7826
3.7696
3.7739
3.7949
3.7827
3.7920
3.7996
3.7951
3.7840
3.7904
3.7959
3.7825
3.7783
3.7708
3.7735
3.7792
3.7903
3.7836
3.7773
3.7741
3.7917
3.7919
3.7816
3.7820
3.7802
3.7915
3.7910
3.7765
3.7875
3.7864
3.7868
3.7943
3.7775
3.7873
3.7848
3.7860
3.7822
3.7750
3.7942
3.7950
3.7836
3.7834
3.7926
3.7945
3.7821
3.7852
3.7717
3.7911
3.7747
3.7901
3.7824
3.8015
3.7920
3.7975
3.8106
3.7889
3.7872
3.7988
3.7913
3.7924
3.7963
3.7902
3.7925
3.7934
3.7785
3.7798
3.7941
3.7881
3.7894
3.7936
3.7914
3.7906
3.7688
3.8103
3.7674
3.7720
3.7903
3.8100
3.8285
3.7911
3.7720
3.7717
3.8006
3.7971
3.7894
3.7941
3.7956
3.7942
3.7864
3.7928
3.7872
3.7980
3.7891
3.7828
3.7942
3.7893
3.7830
3.7923
3.7964
3.7799
3.7967
3.7890
3.8005
3.7989
3.7905
3.7968
3.7924
3.7781
3.7502
3.7440
3.7269
3.7330
3.7335
3.7639
3.7456
3.7457
3.7310
3.7364
3.7310
3.7690
3.7784
3.7864
3.7757
3.7724
3.7791
3.7689
3.7929
3.7773
3.7818
3.7708
3.7822
3.7939
3.7854
3.7668
3.7930
3.7922
3.7676
3.7741
3.7866
3.7900
3.7867
3.7883
3.7851
3.7666
3.7883
3.7848
3.7702
3.7693
3.7897
3.7884
3.7979
3.7857
3.7826
3.7713
3.7874
3.7790
3.7897
3.7692
3.7897
3.7770
3.7753
3.7841
3.7876
3.7685
3.7878
3.7894
3.7854
3.7710
3.7717
3.7973
3.7856
3.7675
3.7771
3.7873
3.7982
3.7842
3.7923
3.7815
3.7698
3.7997
3.7922
3.7631
3.7824
3.8261
3.7871
3.8028
3.8126
3.7772
3.7877
3.8014
3.8043
