2.7132
2.6906
2.7283
2.7104
2.6905
2.7189
2.7201
2.6902
2.7188
2.7019
2.7362
2.8954
2.7081
2.7158
2.7431
2.7198
2.7296
2.6880
2.7199
2.7229
2.7345
2.7143
2.7221
2.7184
2.7192
2.7246
2.7157
2.7118
2.6912
2.8744
2.7129
2.7077
2.7146
2.7233
2.7218
2.6895
2.7065
2.7082
2.7159
2.7323
2.7376
2.7175
2.7264
2.7177
2.7457
2.7280
2.7178
2.7141
2.7150
2.7332
2.7277
2.7273
2.7234
2.7342
2.7241
2.7175
2.7209
2.7340
2.7183
2.7257
2.8452
2.7252
2.7097
2.7179
2.7392
2.7252
2.7099
2.7036
2.7309
2.7317
2.7247
2.7047
2.7204
2.7179
2.7080
2.7258
2.7362
2.7237
2.7188
2.7250
2.7358
2.7065
2.7770
2.7152
2.7223
2.7214
2.7256
2.7176
2.7232
2.7129
2.7416
2.7225
2.7212
2.7140
2.7059
2.7138
2.7344
2.7203
2.7035
2.7133
2.7234
2.7069
2.7245
2.7190
2.7128
2.7289
2.7142
2.7303
2.7359
2.7264
2.7164
2.7311
2.7264
2.7327
2.7043
2.7256
2.7158
2.7160
2.7285
2.7145
2.7185
2.7399
2.7079
2.7235
2.7029
2.7046
2.7256
2.7222
2.7204
2.7151
2.7264
2.7304
2.7169
2.7127
2.7114
2.7114
2.7044
2.7518
2.7174
2.7223
2.7146
2.7104
2.7456
2.7198
2.7127
2.7152
2.7300
2.7730
2.7308
2.7259
2.7098
2.7271
2.7283
2.7047
2.7186
2.7061
2.7105
2.7240
2.7020
2.7389
2.7156
2.7315
2.7113
2.7620
2.7032
2.7146
2.7096
2.7193
2.7105
2.7063
2.7210
2.7288
2.7261
2.7288
2.7410
2.7072
2.7227
2.7298
2.7779
2.7251
2.7220
2.7217
2.7110
2.7201
2.7078
2.7292
2.7223
2.7229
2.7382
2.7173
2.7125
2.7142
2.7266
2.7245
2.7134
2.7074
2.7404
2.7366
2.7294
2.7284
2.7103
2.7357
2.8497
2.7183
2.7217
2.6762
2.7099
2.7209
2.7985
2.7250
2.7343
2.7014
2.7108
2.7475
2.8658
2.7171
2.7282
2.7185
2.7029
2.7493
2.7724
2.7086
2.7487
2.7144
2.7125
2.7695
2.9721
2.7315
2.7149
2.7407
2.7074
2.7181
2.8827
2.7259
2.7343
2.7214
2.7319
2.7298
2.8466
2.7111
2.7337
2.7075
2.7213
2.7256
2.7777
2.7146
2.7181
2.7472
2.7400
2.7072
2.7403
2.7364
2.6938
2.7639
2.7277
2.7341
2.7342
2.7307
2.7015
2.7018
2.7135
2.7298
2.8075
2.7216
2.7071
2.7478
2.7237
2.7410
2.7428
2.7231
2.7269
2.7338
2.7081
2.7254
2.8278
2.7122
2.7059
2.7381
2.7165
2.7176
2.8034
2.7089
2.7221
2.7325
2.7298
2.7444
2.7460
2.7055
2.7102
2.7278
2.7285
2.7562
2.7221
2.7313
2.7254
2.6788
2.7040
2.7589
2.7305
2.7321
2.7193
2.6957
2.7091
2.7129
2.7199
2.7171
2.7198
2.7191
2.7117
2.7412
2.7189
2.7079
2.6993
2.7098
2.7237
2.7137
2.7250
2.7087
2.7448
2.7099
2.7027
2.7039
2.7045
2.7168
2.7053
2.7280
2.7077
2.7045
2.7141
2.7138
2.7257
2.7231
2.7181
2.7545
2.7275
2.7252
2.7085
2.7140
2.7394
2.7587
2.7326
2.7205
2.7155
2.7125
2.7266
2.7199
2.7035
2.7236
2.7312
2.7288
2.7376
2.7128
2.7154
2.7510
2.7073
2.7448
2.7079
2.7159
2.7217
2.7105
2.7291
2.7194
2.7189
2.7213
2.7024
2.7687
2.7337
2.7231
2.7178
2.7108
2.7310
2.7263
2.6988
2.6906
2.7093
2.7444
2.7110
2.7172
2.7221
2.7086
2.7272
2.7172
2.7095
2.7203
2.7160
2.7097
2.7158
2.7048
2.7304
2.7134
2.7251
2.7060
2.7141
2.6994
2.7092
2.7564
2.7121
2.7088
2.7289
2.7287
2.7218
2.7242
2.7092
2.7154
2.7036
2.7407
2.7208
2.7265
2.7051
2.7167
2.6915
2.7201
2.7196
2.7141
2.7120
2.7170
2.7322
2.7054
2.7140
2.7247
2.7046
2.7080
2.6941
2.7129
2.7206
2.7231
2.7308
2.7178
2.7667
2.7073
2.7159
2.7228
2.7191
2.7092
2.7664
2.7174
2.7363
2.7253
2.7468
2.7025
2.7159
2.7075
2.7345
2.7317
2.7274
2.7202
2.7065
2.7204
2.7238
2.7323
2.7142
2.7100
2.7309
2.7252
2.7224
2.7024
2.7362
2.7196
2.6908
2.7104
2.7309
2.7117
2.7259
2.7095
2.7274
2.7162
2.7198
2.7192
2.7147
2.7179
2.7453
2.7091
2.7423
2.7011
2.7205
2.7364
2.7220
2.7166
2.7539
2.7069
2.7220
2.7206
2.7102
2.7220
2.7496
2.7199
2.7264
2.7242
2.7317
2.7105
2.7195
2.7267
2.7003
2.7234
2.7151
2.7153
2.7331
2.7113
2.7488
2.7183
2.6860
2.7235
2.7184
2.7072
2.7211
2.7115
2.7338
2.7154
2.7151
2.7432
2.7222
2.7216
2.7073
2.7125
2.7359
2.7294
2.7250
2.7022
2.6947
2.7059
2.7329
2.7316
2.7234
2.7296
2.7104
2.7171
2.7427
2.7177
2.7045
2.7085
2.7221
2.7272
2.7183
2.7268
2.7165
2.7193
2.7120
2.7120
2.7543
2.7092
2.7529
2.7206
2.7041
2.7153
2.7141
2.7100
2.7282
2.7141
2.7260
2.7107
2.7231
2.7297
2.7169
2.7227
2.7344
2.7120
2.7114
2.7290
2.7142
2.7233
2.7109
2.7238
2.7279
2.7329
2.7516
2.7027
2.7247
2.7177
2.7222
2.7215
2.7333
2.7183
2.7108
2.7090
2.7609
2.7292
2.7135
2.7088
2.7224
2.7158
2.7239
2.7086
2.7308
2.7155
2.7166
2.7165
2.7294
2.7347
2.7050
2.7317
2.7085
2.7192
2.7358
2.6975
2.7419
2.7314
2.7335
2.7187
2.6952
2.7156
2.7124
2.7331
2.7235
2.7250
2.7190
2.7066
2.7624
2.7207
2.7095
2.7077
2.7143
2.7181
2.7224
2.7404
2.7208
2.7400
2.7503
2.7072
2.7093
2.7328
2.7287
2.7350
2.7203
2.7245
2.7202
2.7460
2.7113
2.7057
2.7101
2.7200
2.7092
2.7183
2.7442
2.7399
2.7099
2.7165
2.9901
2.7206
2.7093
2.7321
2.7351
3.0066
2.7230
2.7579
2.7483
2.7164
2.7319
2.7351
2.7395
2.7158
2.7389
2.7856
2.7220
2.7418
2.7202
2.7236
2.7219
2.7221
2.7558
2.7282
2.7459
2.7276
2.7039
2.7209
2.7092
2.7108
2.7635
2.7139
2.7666
2.7169
2.7156
2.7412
2.7275
2.7529
2.8110
2.6962
2.7099
2.7218
2.7185
2.7338
2.7015
2.7149
2.7059
2.8302
2.7240
2.7229
2.7257
2.7084
2.7728
2.7422
2.7066
2.7138
2.7173
2.7637
2.7533
2.7320
2.7154
2.7263
2.7541
2.7093
2.7160
2.7255
2.7216
2.8325
2.7322
2.7210
2.7097
2.7217
2.7686
2.7176
2.7043
2.7110
2.7010
2.7619
2.7273
2.7280
2.7315
2.7149
2.7551
2.7341
2.7129
2.7053
2.7286
2.7140
2.7691
2.7225
2.7085
2.7151
2.7196
2.7271
2.7427
2.7207
2.7058
2.7101
2.7005
2.7210
2.7411
2.7345
2.7006
2.7126
2.7078
2.7221
2.7371
2.7523
2.7049
2.7290
2.7191
2.7069
2.7412
2.7184
2.7037
2.7300
2.7208
2.7073
2.7748
2.7304
2.7257
2.7172
2.7158
2.7199
2.7420
2.6962
2.7063
2.7074
2.7214
2.7094
2.7452
2.7304
2.7021
2.7192
2.7232
2.7172
2.7062
2.7258
2.7007
2.7181
2.7037
2.7565
2.7112
2.7191
2.7197
2.7186
2.7153
2.7277
2.7085
2.7032
2.7154
2.7237
2.7290
2.7303
2.7335
2.7136
2.7215
2.7357
2.7175
2.7448
2.7083
2.7422
2.7201
2.7820
2.7106
2.7227
2.7266
2.7458
2.7193
2.7638
2.7361
2.7062
2.7054
2.7395
2.7177
2.7517
2.7241
2.7090
2.7258
2.7216
2.7346
2.7784
2.7189
2.7229
2.7165
2.7320
2.7184
2.7833
2.7253
2.7128
2.7187
2.7216
2.7121
2.7893
2.7188
2.7098
2.7128
2.7500
2.7117
2.8022
2.7215
2.7207
2.7172
2.7396
2.7158
2.7668
2.7041
2.7112
2.7165
2.7598
2.7166
2.7637
2.7208
2.7072
2.7190
2.7419
2.7117
2.7465
2.7110
2.7230
2.7248
2.7461
2.7134
2.7476
2.7115
2.7126
2.7077
2.7209
2.7132
2.7684
2.7216
2.7103
2.7101
2.7109
2.7116
2.7236
2.7151
2.7204
2.7126
2.7252
2.7050
2.7630
2.7215
2.7088
2.7164
2.7250
2.7101
2.7674
2.7046
2.7117
2.7160
2.7170
2.7249
2.7279
2.7188
2.7080
2.7142
2.7336
2.7165
2.7729
2.7227
2.7145
2.7152
2.7210
2.7177
2.7390
2.7040
2.7262
2.7141
2.7208
2.7178
2.7403
2.7157
2.7101
2.7109
2.8803
2.7245
2.7393
2.7034
2.7118
2.7220
2.7223
2.7234
2.7702
2.7207
2.7139
2.7805
2.7196
2.7435
2.7096
2.7088
2.7620
2.7097
2.7445
2.7174
2.7200
2.7170
2.7031
2.7455
2.7191
2.7122
2.7398
2.7360
2.7069
2.7154
2.7076
2.7370
2.7042
2.7066
2.7070
2.7534
2.7420
2.7298
2.7114
2.7235
2.7212
2.7286
2.7520
2.7326
2.7069
2.7120
2.7358
2.7318
2.7567
2.7068
2.7161
2.7085
2.7148
2.7441
2.7608
2.7283
2.7237
2.7227
2.7089
2.7319
2.7589
2.7438
2.7115
2.7121
2.7208
2.7325
2.7497
2.7092
2.7217
2.7108
2.7024
2.7379
2.7575
2.7066
2.7091
2.7077
2.7181
2.7271
2.7586
2.7063
2.7131
2.7074
2.7285
2.7238
2.7429
2.7290
2.7211
2.7221
2.7198
2.7019
2.7449
2.7068
2.7128
2.7118
2.7242
2.7111
2.7519
2.7163
2.7128
2.7106
2.7132
2.7258
2.7660
2.7273
2.7187
2.7256
2.7238
2.7221
2.7522
2.7374
2.7138
2.7142
2.7167
2.7166
2.7304
2.7131
2.7096
2.7102
2.7122
2.7180
2.7157
2.7366
2.7255
2.7231
2.7226
2.7151
2.7395
2.7083
2.7098
2.7170
2.7085
2.6983
2.7287
2.7515
2.7060
2.7266
2.7097
2.7139
2.7118
2.7382
2.7143
2.7067
2.7163
2.7171
2.7699
2.7338
2.7104
2.7344
2.7214
2.7175
2.7400
2.7303
2.7227
2.7174
2.7209
2.6985
2.7362
2.6992
2.7109
2.7345
2.7232
2.7150
2.7163
2.7379
2.7153
2.7137
2.7044
2.6937
2.7777
2.7104
2.6973
2.7186
2.7042
2.6930
2.7390
2.7310
2.7253
2.7092
2.7078
2.7239
2.7336
2.7490
2.7228
2.6983
2.7114
2.7161
2.7169
2.7631
2.7132
2.7020
2.7211
2.7279
2.7200
2.7265
2.7500
2.7040
2.7294
2.7108
2.7180
2.7554
2.7216
2.7117
2.7374
2.7225
2.7158
2.7264
2.7224
2.7124
2.7152
2.7164
2.7079
2.7287
2.7324
2.7122
2.7149
2.7307
2.7069
2.7298
2.7232
2.7343
2.7228
2.7131
2.7152
2.7430
2.6948
2.7414
2.7162
2.7093
2.7031
2.7459
2.6948
2.7252
2.6995
2.7215
2.7362
2.7204
2.7176
2.7069
2.7047
2.7170
2.7116
2.7161
2.7285
2.7053
2.7084
2.7084
2.7131
2.7224
2.7109
2.7166
2.7192
2.7126
2.7507
2.7443
2.7228
2.7302
2.7306
2.7106
2.7244
2.7405
2.7168
2.7154
2.7193
2.7415
2.7335
2.7514
2.7288
2.7309
2.7161
2.7321
2.6997
2.7686
2.7076
2.7166
2.7138
2.7052
2.7203
2.7111
2.7224
2.7324
2.7101
2.7084
2.7372
2.7492
2.7121
2.7111
2.7225
2.7317
2.7251
2.7328
2.7187
2.7065
2.7007
2.7140
2.7273
2.7146
2.7257
2.7009
2.7184
2.7150
2.7177
2.7269
2.7107
2.6995
2.7063
2.7150
2.7265
2.7254
2.7128
2.7085
2.7098
2.7119
2.7248
2.7384
2.8067
2.7041
2.7143
2.7216
2.7168
2.7139
2.7168
2.7055
2.7297
2.7979
2.7349
2.7161
2.7299
2.7012
2.7125
2.7754
2.7155
2.7240
2.7166
2.7153
2.7176
2.7492
2.7055
2.7114
2.7090
2.7156
2.7138
2.7921
2.7337
2.7093
2.7191
2.7208
2.7160
2.7691
2.7219
2.7451
2.7214
2.7130
2.7213
2.7504
2.7104
2.7436
2.7365
2.7286
2.7032
2.8331
2.6935
2.7401
2.7302
2.7230
2.6963
2.7392
2.7135
2.7443
2.8192
2.7562
2.7039
2.7317
2.6942
2.7334
2.7509
2.7304
2.7081
2.7161
2.7018
2.7456
2.7415
2.7262
2.7167
2.7142
2.7083
2.7514
2.7137
2.7288
2.7292
2.7134
2.7296
2.7323
2.7150
2.7192
2.7151
2.7625
2.7098
2.7141
2.7107
2.6968
2.7636
2.7131
2.7301
2.7204
2.7096
2.7370
2.7168
2.7214
2.7151
2.6966
2.7443
2.7601
2.7158
2.7173
2.7012
2.7072
2.7574
2.7041
2.7286
2.7182
2.7361
2.7268
2.7078
2.7361
2.7145
2.7302
2.7613
2.7128
2.7219
2.7108
2.7155
2.7838
2.7159
2.7061
2.7274
2.7440
2.7204
2.7138
2.7581
2.7353
2.7338
2.7245
2.7278
2.7157
2.7630
2.7176
2.7582
2.7121
2.7272
2.7062
2.7475
2.7149
2.7477
2.7224
2.7239
2.7213
2.7199
2.7192
2.7541
2.7249
2.7239
2.7595
2.7812
2.7186
2.7179
2.7440
2.7242
2.7414
2.7041
2.7097
2.7075
2.7309
2.7420
2.7217
2.7311
2.7299
2.7181
2.7141
2.7310
2.7916
2.7505
2.7211
2.7197
2.7469
2.7251
2.7201
2.7141
2.7572
2.7226
2.7179
2.7174
2.7450
2.7322
2.7146
2.7127
2.7939
2.7410
2.7159
2.7074
2.7469
2.7443
2.7351
2.7128
2.7339
2.7228
2.7395
2.7229
2.7211
2.7198
2.7037
2.7409
2.7521
2.7177
2.7159
2.7090
2.7089
2.7126
2.7065
2.7262
2.7205
2.7232
2.7780
2.7231
2.7225
2.7072
2.8207
2.7583
2.7132
2.7209
2.7391
2.7494
2.7512
2.7157
2.7195
2.7363
2.7094
2.7310
2.7174
2.7257
2.7339
2.7518
2.7114
2.7212
2.7407
2.7404
2.7147
2.7273
2.7637
2.7610
2.7117
2.7391
2.7296
2.7350
2.7211
2.7415
2.7148
2.7376
2.7191
2.7252
2.7278
2.7148
2.7226
2.7234
2.7772
2.7036
2.7609
2.7387
2.7058
2.7558
2.7269
2.7183
2.7129
2.7194
2.7111
2.7291
2.7182
2.7163
2.7190
2.7149
2.7059
2.7397
2.7175
2.7172
2.7021
2.7112
2.7625
2.7182
2.7478
2.7200
2.7248
2.7168
2.7306
2.7026
2.7539
2.7164
2.7284
2.7123
2.7217
2.7120
2.7472
2.7139
2.7318
2.7203
2.7731
2.7165
2.7049
2.7133
2.7609
2.7136
2.7221
2.7196
2.7073
2.7140
2.7191
2.7043
2.7392
2.7170
2.7145
2.7345
2.7249
2.7110
2.7116
2.7270
2.7533
2.7212
2.7512
2.7088
2.7092
2.7063
2.7144
2.7151
2.7113
2.7380
2.7190
2.7144
2.7397
2.7187
2.7163
2.7122
2.7098
2.7123
2.7171
2.7259
2.7193
2.7140
2.7097
2.7230
2.7177
2.7132
2.7186
2.7123
2.7162
2.7266
2.7130
2.7216
2.7083
2.7072
2.7219
2.7480
2.7127
2.7182
2.7501
2.7182
2.7079
2.7116
2.7010
2.7162
2.7146
2.7187
2.7214
2.7384
2.7226
2.7164
2.7308
2.7218
2.7207
2.7261
2.7207
2.7087
2.7199
2.7325
2.7272
2.7310
2.7239
2.7187
2.7145
2.7233
2.7211
2.7250
2.7076
2.7019
2.7200
2.7252
2.7193
2.7142
2.7210
2.7157
2.7176
2.7179
2.7164
2.7143
2.7183
2.7007
2.7237
2.7171
2.7187
2.7050
2.7282
2.7004
2.7085
2.7180
2.7107
2.7045
2.7260
2.7088
2.7204
2.7152
2.7264
2.7284
2.7191
2.7158
2.7215
2.7074
2.7272
2.7202
2.7227
2.7474
2.7432
2.7630
2.7677
2.7245
2.7672
2.7671
2.7275
2.7195
2.7078
2.7111
2.7111
2.7118
2.7265
2.7091
2.7119
2.7254
2.7140
2.6979
2.7142
2.7122
2.7210
2.7185
2.7159
2.7082
2.7050
2.7189
2.7132
2.7122
2.7266
2.7133
2.7131
2.7255
2.7128
2.7191
2.7179
2.7272
2.7121
2.7179
2.7133
2.7878
2.7590
2.7698
2.7295
2.7183
2.7144
2.7151
2.7282
2.7307
2.9953
2.7105
2.7882
2.7230
2.7173
2.7669
2.6906
2.6925
2.7054
2.7317
2.7188
2.7336
2.7305
2.7312
2.7266
2.3661
2.3471
2.3535
2.3566
2.3491
2.3614
2.3517
2.3530
2.3584
2.3472
2.3745
2.3601
2.3612
2.3540
2.3554
2.3470
2.3721
2.3576
2.3508
2.3592
2.3673
2.3558
2.3632
2.3616
2.3456
2.3650
2.3561
2.3582
2.3594
2.3457
2.7893
2.7158
2.7077
2.7264
2.7191
2.7139
2.7578
2.7441
