5.3336
4.9810
4.8128
4.7913
4.8824
3.5527
3.5569
3.3014
3.5900
3.2782
11.3498
3.5089
3.5951
3.6353
3.6188
3.3704
3.4086
3.5402
3.4331
3.3754
3.4440
3.6716
3.4729
3.1797
3.5058
3.3431
3.5327
3.6487
3.5996
3.2050
3.6094
3.3957
3.2535
3.9736
3.5127
3.5807
3.6986
3.8937
3.2780
3.5364
3.6232
3.4317
3.6774
3.9237
3.5434
3.5977
3.6361
3.5103
3.6197
3.6547
3.2024
3.6960
3.2713
3.8601
3.3325
4.9420
4.9680
5.0089
4.9001
11.3713
5.9238
4.9535
4.8788
4.9267
7.9028
4.9440
4.8949
4.8704
4.9622
4.9043
3.5413
3.6096
3.8663
11.2227
3.5033
3.3967
11.1409
3.5646
3.4579
3.3971
3.4731
10.5323
3.3795
3.4569
4.8671
4.8893
3.7781
3.5125
3.4731
3.7431
11.3106
3.7448
3.7710
3.5174
3.2011
3.3908
3.1439
3.3595
3.3635
3.5033
3.8612
3.7380
3.3208
3.6978
3.4334
3.4152
3.2246
3.1320
3.0992
3.4695
3.3129
3.7027
3.4481
3.8799
3.7137
3.4959
3.4279
3.7049
3.9619
3.6044
3.6902
3.2878
3.3862
3.0807
3.2562
3.2151
3.3238
3.5944
3.8108
3.3923
3.7037
3.8280
3.5217
3.3411
3.4254
3.1459
3.3628
3.1834
3.5190
3.3591
3.5667
11.3341
3.3182
3.4610
3.3071
3.5839
10.9431
3.3073
3.5253
3.4378
3.0940
3.7395
3.9524
3.4612
3.7042
3.3996
3.4565
3.5776
3.4657
3.1621
3.8837
3.4081
3.7864
3.8224
4.1480
3.2869
3.5108
3.2782
3.1637
3.6146
3.7694
3.8106
3.2694
3.6545
3.7495
3.5802
3.4596
3.8222
3.2390
3.8066
4.0288
3.8669
3.3011
3.5120
3.2047
3.2155
3.6227
3.6756
3.8772
3.2920
4.4500
3.1614
4.9368
7.1525
4.9768
5.6320
3.8343
3.2588
3.4688
3.6794
3.7307
3.7265
3.3231
3.5110
3.3892
3.2743
3.8226
3.9982
7.0984
5.9589
3.8139
4.5868
5.1882
7.1900
4.9811
4.9980
7.2459
6.7346
5.0169
4.9100
4.9695
4.8766
5.8829
4.8752
4.9895
3.5639
3.5940
3.3304
3.0369
4.0271
3.5758
3.6953
3.4925
10.3462
3.3008
3.1698
3.7666
3.5930
3.7039
3.6106
6.4937
3.8257
12.0436
4.1150
4.6502
3.9021
3.1835
6.7855
3.8992
3.2079
3.4029
3.5451
9.9269
3.5480
3.6715
3.4669
3.4283
10.6495
3.4294
3.3579
3.4674
3.4085
10.2887
3.4721
3.3897
3.7035
3.2862
3.6966
3.2523
3.0384
3.0701
3.2829
3.4253
3.7077
3.3767
3.6534
3.7876
3.5877
3.6567
3.4292
11.9899
3.6960
3.6407
3.3617
3.4898
3.4158
3.5325
3.5892
4.9114
4.9124
4.9046
4.8937
3.2690
11.5013
3.4644
3.6571
11.3326
3.4782
3.1439
3.6545
11.3335
3.4734
3.2107
3.5899
3.4368
3.6120
3.5909
4.2563
11.4611
3.7512
3.9441
3.7707
11.2879
11.0223
3.6023
3.9204
4.1278
3.6567
3.8909
3.8515
3.6831
2.9799
3.2005
3.7319
3.2550
3.6469
3.7860
3.4606
3.7921
3.9276
3.4332
4.0063
3.8877
3.9748
3.9195
3.6806
3.0601
3.1761
3.9638
3.3865
3.6913
3.5892
3.4352
3.8574
3.8183
3.3164
3.6494
3.5673
3.8016
3.4689
3.9666
3.1359
3.8820
3.8542
3.8229
3.6544
3.7021
3.7285
3.8701
3.7468
3.4690
3.1121
4.1498
3.5993
3.6021
3.3899
3.1412
3.5844
3.5980
3.4206
10.4301
3.5979
3.6729
3.4318
3.2371
3.4293
3.2971
3.8699
3.6937
3.3141
3.3652
25.3181
3.4939
3.6273
3.5407
3.4217
3.6818
11.3351
4.8939
4.8845
4.9016
4.9424
4.9256
4.8738
4.8785
11.4335
4.8815
4.8897
4.9042
4.9004
4.8944
4.6609
5.1126
4.4198
5.0927
3.2812
3.3663
3.7709
3.6891
3.5673
10.8268
3.4495
3.1860
3.4894
3.6933
11.3196
3.7515
3.7879
3.4882
3.3631
3.7175
3.4642
3.9202
3.5293
3.2279
3.6151
3.8679
3.3341
3.8893
3.2846
3.5271
3.4279
3.5674
3.0410
3.2186
3.6770
4.1184
3.7742
3.7580
3.5308
3.3707
3.8442
3.6939
3.8711
3.5157
3.8647
3.3295
3.2232
3.7452
3.7131
3.6579
3.3750
2.9310
3.5787
3.2464
3.7932
3.8668
3.8712
3.3762
3.9639
3.3253
3.3088
3.9201
3.7157
3.6854
3.5126
3.4723
3.3203
3.6398
3.7584
3.8343
3.2761
3.0087
3.6555
3.9336
3.7269
3.5311
3.4412
3.4177
3.6494
3.3404
3.6926
4.1258
3.4064
3.8758
3.8316
4.1154
3.4729
3.6095
3.4239
3.1023
3.5439
4.5674
3.8373
3.7807
3.1214
3.7455
3.4876
3.4947
3.3130
3.5139
2.7736
3.6516
3.7824
3.7415
3.7064
3.7784
4.2068
11.3479
3.6032
3.4968
8.8684
3.3136
3.2900
3.5043
3.6019
3.4344
3.6522
3.5265
3.6103
3.6288
3.6277
3.6210
3.6268
3.1201
3.6462
3.6064
3.2787
3.5004
3.5976
3.5132
3.1302
3.6568
3.5962
3.5351
3.3530
3.5125
3.5640
3.5069
3.7594
3.7729
3.5987
3.4508
3.7459
3.4370
3.5904
3.4901
3.3290
3.7489
3.3148
3.5486
3.4828
3.3625
3.7329
3.5646
3.4694
3.7629
3.3985
3.7355
3.5665
3.4707
3.3577
3.4248
3.4625
3.6004
3.4729
3.3955
3.3406
3.3987
3.2937
3.5620
3.3556
3.3952
3.3439
3.3863
3.7560
3.6192
3.4075
3.4162
3.3474
3.4423
3.5779
3.4486
3.4052
3.4540
3.7190
3.2845
3.5933
3.7826
3.6166
3.4273
3.7730
3.5746
3.2920
3.3255
3.5122
3.6432
3.5267
3.3309
3.2668
3.5070
3.5493
3.3051
3.4856
3.6455
3.4435
3.5062
3.2734
3.7904
3.2804
3.5650
3.7899
3.4457
3.8092
3.7286
3.8588
3.5640
3.5114
3.8022
3.4521
3.3986
3.5151
3.5467
3.4237
3.3847
3.6077
3.4574
3.4279
3.4496
3.2007
3.7495
3.1137
3.4574
3.7432
3.3775
3.3155
3.7687
3.2484
3.6528
3.1638
3.7858
3.6718
3.5151
3.8987
3.1968
6.7925
3.9232
3.2008
3.3969
3.4660
10.8220
3.3275
3.4622
4.7748
3.4937
11.3307
3.4603
3.4837
3.4476
3.3704
10.8765
3.4846
3.4588
4.0236
3.5528
4.1492
4.0066
4.0399
3.7328
3.7328
3.4006
4.6551
4.3552
5.4065
5.3036
4.2474
4.8215
5.0663
3.7091
3.6828
3.6548
3.6110
12.6899
3.6692
3.6598
3.6393
3.6127
3.5102
3.7517
3.6115
3.5857
3.6183
11.0298
3.6490
3.6583
3.6029
3.6585
3.5230
3.5079
3.7042
12.9363
3.5054
3.5131
3.5583
3.8776
11.3636
4.8184
4.2145
4.0122
3.8012
4.9544
4.9602
3.5995
3.1669
3.4242
3.1171
3.3973
3.3070
3.5459
3.7727
3.7905
3.3729
3.6580
3.3982
3.3179
3.2077
3.1480
3.0706
3.4457
3.2710
3.7083
3.4610
3.8956
3.7004
3.3650
3.3286
3.3557
8.7231
3.4746
3.5014
3.6520
3.3025
11.0962
3.5440
3.2297
3.4104
3.7497
3.3378
11.2925
3.4128
3.7579
3.3324
3.7983
3.2481
7.3196
3.7086
3.1698
4.1774
4.0637
11.2938
4.1544
4.0719
3.3008
3.5787
11.0334
3.3874
3.6136
3.5641
3.2588
3.7212
3.2241
3.6829
3.2137
3.6320
3.5433
3.6405
3.6467
3.6296
3.5899
3.6323
3.3865
3.5212
11.0979
3.5571
3.4546
3.4684
3.3480
11.0133
3.4755
3.3287
3.6675
3.5941
3.5927
3.2951
11.2949
3.6641
3.4905
3.1657
3.8735
3.5111
4.0539
3.9999
4.9538
4.9509
4.8800
4.9020
4.9380
3.5647
3.0261
3.9164
3.8570
3.4226
3.6426
3.7702
3.4995
3.6142
3.7312
4.2716
4.1027
3.1635
3.8207
3.2155
3.1987
3.6015
3.7498
3.7421
3.4485
3.1634
3.8383
3.9020
3.1099
3.3945
4.7208
3.0367
3.3893
4.3745
3.0587
3.3618
3.7271
3.5656
4.1212
3.0238
3.4126
10.6328
3.3741
3.7508
3.5605
3.8769
3.0543
3.4533
3.3453
3.6339
3.5514
10.0656
3.2516
3.5923
3.4848
3.6124
3.1318
3.0733
3.0494
3.6191
3.5592
3.5913
3.4808
3.4996
3.6352
3.6263
3.3245
3.3268
3.3376
3.5815
3.3403
3.3010
3.3064
3.3436
3.3030
3.5250
3.3830
3.3475
3.5617
3.6450
3.3803
3.2399
3.1392
3.2281
3.5072
11.3197
3.3831
3.6084
3.5156
3.4282
10.9971
3.5211
3.4264
3.4288
3.3752
11.8427
3.4384
3.4472
6.9141
3.7418
3.8450
3.6677
3.6163
3.4117
11.3335
3.5885
3.6025
3.3551
3.3988
3.5505
10.8509
3.2591
3.4804
3.6963
3.6763
9.3286
3.7643
3.8034
4.9243
4.9758
4.9655
4.9629
3.4186
3.0842
3.7952
3.6497
3.1498
3.5300
3.5070
3.7512
3.5233
11.1770
3.4386
3.0659
3.7980
3.6052
3.1497
3.4168
3.6691
3.7323
3.5351
3.4150
3.7975
3.5207
3.4073
3.1576
3.8459
3.7432
3.0679
3.2828
11.2588
3.5490
3.7078
3.5471
4.2982
3.1677
3.8419
3.7768
3.1910
3.4501
3.9141
3.4811
11.3927
3.6347
3.6505
