2.821
2.745
3.947
2.516
4.113
7.315
2.658
2.937
3.135
2.727
2.770
1.606
2.787
3.489
3.203
2.286
3.673
5.286
2.258
3.449
3.370
2.573
2.618
5.335
2.754
3.000
2.526
2.445
2.160
2.804
3.078
2.729
2.610
2.516
4.411
4.774
3.215
3.292
2.631
2.589
5.656
2.897
3.377
3.260
2.758
2.575
1.455
7.253
2.556
2.689
1.916
2.540
2.482
4.573
3.096
3.959
3.494
2.842
2.496
3.832
3.459
1.945
3.005
3.146
1.528
1.510
2.543
3.030
3.264
2.555
2.119
1.765
2.520
4.127
5.970
2.926
2.257
1.661
2.280
5.758
2.847
2.345
2.396
1.445
2.445
2.383
2.835
2.527
2.644
1.625
2.999
3.808
2.636
2.702
3.287
1.590
2.966
2.521
2.686
2.778
2.302
4.649
2.920
3.381
2.381
2.474
2.331
1.447
2.314
2.432
2.565
3.138
4.260
2.550
2.491
2.115
2.900
3.015
4.965
2.496
3.137
4.070
2.602
3.273
2.693
3.088
3.154
2.616
3.154
2.390
2.214
2.813
2.860
2.320
2.057
5.577
2.715
2.483
2.904
4.490
2.929
1.579
2.244
1.343
2.988
2.092
2.947
2.128
2.006
2.114
3.005
2.618
2.224
4.267
2.417
2.210
3.286
3.071
2.385
1.860
2.346
2.515
2.006
3.150
2.868
2.429
2.690
2.164
2.422
3.114
3.488
1.592
2.168
3.146
3.055
3.238
2.382
2.548
2.066
3.084
1.824
2.919
2.681
2.397
2.429
2.703
3.165
2.835
2.965
2.527
2.175
2.734
2.512
2.984
2.356
2.648
2.984
2.418
2.031
2.938
3.799
2.365
2.681
2.410
1.737
3.053
2.643
2.563
2.354
2.295
2.428
3.230
2.586
2.612
2.437
2.405
3.728
2.963
1.961
2.680
2.390
2.390
2.144
2.887
3.326
2.839
2.487
2.766
1.860
2.905
3.381
2.696
2.940
2.592
1.683
3.056
2.763
2.475
3.229
2.483
2.163
3.219
2.362
2.511
2.749
2.255
2.957
2.917
3.711
2.355
2.523
2.431
2.535
3.778
3.065
2.547
2.482
2.579
3.064
2.791
3.839
2.572
2.451
2.729
2.118
2.504
2.009
2.435
2.505
2.643
4.071
2.560
3.207
2.332
2.851
2.586
2.254
2.505
2.077
3.176
3.001
2.235
2.181
2.574
4.190
2.814
3.056
2.382
3.673
2.894
2.735
2.438
2.869
2.427
2.678
2.923
2.496
2.854
3.138
2.698
2.587
3.023
3.022
3.145
3.034
2.365
2.196
3.176
4.579
2.518
2.897
2.479
2.715
3.133
2.342
2.189
2.888
2.231
1.839
3.033
1.892
2.572
2.852
2.402
2.985
3.084
2.529
2.578
2.976
2.828
2.621
2.791
2.124
2.758
3.168
2.563
2.070
3.018
1.650
2.724
2.938
2.615
3.824
3.151
2.425
2.851
2.846
2.425
2.418
3.047
3.118
2.523
3.022
2.446
3.411
3.021
2.774
2.604
3.161
2.480
2.339
3.182
3.696
2.690
3.163
2.437
1.920
2.479
2.863
2.913
2.876
2.197
1.850
2.528
3.133
3.328
3.152
2.548
2.360
2.654
3.018
2.972
2.874
2.675
3.327
2.641
3.009
2.870
2.510
2.418
2.601
2.579
2.468
3.600
2.714
2.343
2.970
3.628
2.615
2.828
2.496
2.211
2.064
2.845
2.882
3.110
2.609
2.835
4.268
3.048
2.320
3.036
2.587
2.837
2.160
3.004
2.493
3.771
2.611
2.616
2.454
2.946
1.926
2.103
2.304
2.394
2.472
2.986
3.176
2.163
2.367
2.190
2.210
2.842
2.725
2.612
2.580
2.757
2.882
2.916
2.532
2.602
2.403
2.768
2.136
2.965
2.877
2.588
2.739
2.353
3.133
2.916
3.322
2.896
2.268
2.391
2.909
3.066
2.462
3.076
2.302
2.236
2.847
2.904
2.896
3.072
2.884
2.437
2.491
2.459
3.010
2.873
2.936
2.676
3.305
2.828
3.481
3.058
2.832
2.652
2.366
2.621
2.219
3.062
2.796
2.464
4.053
2.976
3.214
2.819
3.120
2.218
4.289
2.344
2.660
3.153
2.620
2.808
1.745
2.312
2.971
2.854
3.058
2.599
2.864
3.670
2.090
3.160
3.338
2.320
2.928
3.958
3.750
3.443
2.841
2.148
2.572
3.628
2.451
3.045
2.353
2.413
2.645
3.950
2.840
2.793
2.920
2.459
3.751
3.885
2.982
2.742
2.974
2.586
1.709
4.030
2.768
3.121
2.856
2.776
3.971
3.869
3.249
2.723
2.812
2.600
2.889
4.034
3.091
2.880
3.635
2.268
2.397
2.927
4.461
2.714
6.688
2.412
2.424
2.390
2.457
2.602
1.813
2.647
2.712
2.372
3.413
2.647
6.262
2.979
2.222
2.367
2.208
2.566
4.102
1.943
1.495
2.900
4.387
2.691
2.842
2.476
2.180
3.037
2.616
2.798
2.636
2.501
2.980
2.720
2.826
2.638
2.815
2.475
2.777
2.848
2.667
2.860
2.701
2.172
3.622
2.876
2.813
2.497
2.843
2.266
2.558
2.778
2.638
2.395
3.137
2.665
3.722
2.830
3.229
2.312
2.829
2.312
2.969
2.728
3.124
1.743
2.799
2.966
1.635
2.601
2.755
2.267
2.344
2.385
2.544
2.277
2.216
2.612
2.423
2.146
2.768
2.172
2.685
2.253
2.208
2.350
2.902
3.223
2.957
2.302
2.681
2.836
3.021
3.309
2.729
5.606
2.183
3.233
1.969
3.005
2.467
3.833
2.311
2.463
2.863
3.141
2.147
6.032
3.672
2.195
2.886
2.580
2.851
3.513
5.897
2.454
2.572
3.106
3.730
2.074
2.770
2.661
2.859
3.219
2.576
6.094
5.360
3.236
2.469
2.709
3.136
2.753
3.677
2.324
2.450
2.383
2.117
2.893
3.953
2.192
2.663
2.768
2.465
3.170
3.714
2.335
2.571
2.479
3.554
2.931
3.950
2.189
2.381
1.761
1.830
2.282
2.733
3.175
2.626
3.161
2.416
2.564
2.634
3.090
2.735
2.827
2.847
2.204
2.740
2.727
2.480
2.783
3.392
2.135
2.573
2.384
2.427
2.779
2.928
2.805
2.381
2.685
2.031
2.906
2.652
2.453
2.333
2.324
3.295
2.765
2.582
2.599
3.087
2.535
2.682
2.575
2.435
2.644
2.607
2.462
2.386
2.405
1.023
2.083
2.375
3.017
2.440
1.551
3.262
2.392
2.885
2.566
4.680
2.495
2.613
2.679
2.537
1.024
2.517
2.540
2.529
1.725
1.353
2.799
2.812
2.779
2.370
7.256
3.021
2.495
2.677
3.002
1.526
3.564
2.650
2.541
2.855
1.228
2.211
2.780
2.338
2.591
2.727
1.824
1.569
2.766
1.510
2.489
2.719
1.611
2.561
1.599
3.137
3.025
3.753
2.668
1.844
2.243
2.075
2.823
2.435
3.099
2.700
3.456
4.442
2.437
1.613
4.185
2.298
4.060
3.050
1.538
2.566
3.325
6.075
3.012
1.857
2.980
2.249
3.572
3.000
3.134
3.030
3.077
6.181
3.009
2.081
2.826
2.847
3.601
3.033
4.153
3.781
2.378
2.963
2.786
2.110
2.352
3.949
2.994
2.485
2.860
2.691
2.823
4.061
2.972
2.421
3.326
2.604
2.459
3.280
4.005
2.672
2.735
3.403
2.940
1.966
3.904
2.322
2.566
2.327
2.460
2.146
4.178
2.743
3.028
2.606
3.313
2.808
2.284
2.826
2.607
3.777
4.820
3.667
2.312
2.576
3.082
3.803
4.124
2.611
2.363
2.524
3.298
3.239
2.259
2.702
2.648
2.539
3.026
2.501
2.792
2.417
3.408
3.878
2.511
2.647
3.203
3.171
2.898
2.815
2.781
3.466
2.870
3.677
2.787
3.056
3.265
3.263
3.120
2.651
2.878
4.463
3.304
2.758
3.012
3.094
3.118
3.321
2.718
2.819
2.446
3.289
2.435
2.844
2.866
2.183
2.236
3.467
2.532
3.053
2.272
3.396
2.754
3.111
2.916
2.580
3.021
2.370
3.460
2.922
2.363
3.536
3.220
3.000
2.976
1.735
2.291
2.250
3.045
2.922
1.647
2.333
2.328
3.838
2.736
2.154
3.229
3.025
2.947
2.707
2.386
3.663
3.114
3.167
3.023
2.657
2.440
3.062
2.485
2.921
2.876
2.500
2.579
3.645
2.425
2.607
3.582
2.774
3.132
3.051
2.493
2.188
2.644
4.119
2.885
3.227
3.645
3.378
2.433
2.429
3.584
3.710
2.957
2.346
2.443
3.118
3.077
2.400
2.483
3.382
2.820
3.576
2.007
2.728
2.392
2.402
2.718
2.587
2.344
4.347
3.043
4.050
2.369
3.900
4.164
4.013
2.335
2.402
2.468
3.156
2.576
2.356
4.060
4.788
2.323
3.290
2.840
2.923
2.360
2.874
2.819
3.789
2.337
2.853
3.143
2.663
2.369
3.582
2.350
2.928
3.295
2.339
2.665
2.700
2.327
3.798
2.847
2.685
3.332
4.051
2.422
3.688
2.226
2.495
2.664
3.059
2.273
2.746
2.597
3.714
2.404
3.784
2.523
3.171
2.653
2.629
2.784
2.116
2.816
3.091
2.951
2.814
2.873
3.350
2.929
2.733
2.651
2.711
2.516
4.072
2.494
2.291
2.619
3.417
2.795
2.639
2.783
5.627
3.954
2.795
3.652
2.181
3.942
2.450
3.592
4.382
2.788
3.109
2.763
3.052
2.698
2.158
2.974
2.993
2.422
3.273
2.519
2.755
2.506
3.158
2.960
2.014
2.795
2.769
2.787
3.305
2.879
2.872
2.753
2.148
2.427
3.349
3.299
2.423
3.166
3.806
3.152
4.791
2.077
2.766
2.174
2.691
2.123
2.855
1.305
2.557
1.350
4.935
1.445
3.120
4.775
2.560
3.809
2.291
4.747
2.146
2.961
2.916
3.502
2.498
2.882
3.098
6.840
2.674
3.105
3.837
2.835
3.312
2.005
2.710
3.221
2.989
3.107
3.721
2.319
2.795
4.006
4.666
2.090
4.531
2.170
4.402
3.347
2.604
3.869
1.731
