3.0158
3.0144
2.7896
2.8798
3.0164
3.0133
3.0158
3.0103
3.0155
3.0137
3.0148
2.7700
2.8357
2.7449
2.8007
2.8004
2.7932
2.8070
2.7914
2.8053
2.7980
2.7993
2.7735
2.7867
2.7832
2.8091
2.7835
2.7826
2.7599
2.7989
2.8003
2.7882
2.7984
2.7835
2.7579
2.7664
2.7742
2.7997
2.7855
2.7673
2.7707
2.8183
2.7910
2.7563
2.7700
2.7792
2.7695
2.7887
2.7559
2.7758
2.7692
2.7654
2.7749
2.7780
2.7840
2.8136
2.7831
2.8029
2.8023
2.7997
2.7769
2.7901
2.7818
2.7631
2.8058
2.7853
2.8014
2.7976
2.7804
2.7635
2.7875
2.7804
2.7797
2.7598
2.8035
2.7925
2.8004
2.8037
2.7798
2.7919
2.7865
2.7847
2.7785
2.7603
2.8086
2.8022
2.8013
2.7714
2.7990
2.8046
2.7928
2.7873
2.7828
2.7595
2.8113
2.8029
2.8013
2.7712
2.7995
2.8025
2.7661
2.7755
2.7948
2.8157
2.7963
2.8288
2.7876
2.7826
2.7637
2.7806
3.0174
3.0164
3.0150
3.0186
3.0197
3.0150
2.9244
3.0124
3.0186
3.0204
2.7701
3.0166
3.0183
3.0173
3.0191
3.0193
3.0153
3.0141
3.0133
3.0146
2.9855
3.0169
3.0194
3.0143
3.0189
3.0164
2.7878
3.0191
3.0181
2.7881
2.7864
2.7873
2.7914
2.8067
2.7887
2.8080
2.7986
2.7996
2.8060
2.8094
2.7980
2.7787
2.8131
2.7907
2.7944
2.8239
2.7801
2.7801
2.8039
2.7698
2.7778
2.8032
2.7715
2.7754
2.8074
2.7852
2.7864
2.7748
2.7673
2.8194
2.7817
2.7715
3.0167
3.0124
3.0028
3.0163
3.0187
2.7965
2.8123
2.8141
2.7945
2.8120
2.8175
2.7904
2.8010
2.8132
2.7950
2.7701
2.8049
2.7908
2.7757
2.7574
2.8023
2.6996
2.8124
2.7596
2.8101
2.7036
2.8213
2.7921
2.7914
2.8160
2.8185
2.8267
2.7841
2.7866
2.7453
2.7603
2.7855
2.7784
2.7512
2.7813
2.7644
2.7571
2.7753
2.7716
2.8194
2.7734
2.7785
2.8055
2.8119
2.7696
2.8072
2.7902
2.7803
2.8020
2.7857
2.7929
2.8062
2.7726
2.7884
2.7843
2.7899
2.7964
2.7929
2.7643
2.7846
2.7660
2.7821
2.7729
2.8023
2.8134
2.7809
2.7823
2.7908
2.7938
2.7748
2.7898
2.7746
2.7763
2.7750
2.7876
2.8054
2.7704
2.8039
2.8066
2.7834
2.7819
2.8179
2.7851
2.7991
2.7721
2.7724
2.8106
2.7804
2.7875
2.7942
2.7863
2.7816
2.8151
2.7946
2.7807
2.7862
2.7714
2.7762
2.7685
2.7920
2.7980
2.7913
2.7865
2.7845
2.7744
2.8081
2.7807
2.8162
2.7898
2.7924
2.7730
2.7702
2.8158
2.7820
2.7701
2.8135
2.7810
2.7860
2.7812
2.7651
2.8172
2.7807
2.7710
2.7878
2.7838
2.8191
2.8129
2.7857
2.7971
2.7707
2.7595
2.7981
2.7769
2.7857
2.8072
2.7994
2.7775
2.8719
2.7821
2.7724
2.8050
2.8022
2.7691
2.7973
2.7987
2.7922
2.7554
2.7994
2.7815
2.7939
2.7805
2.7860
2.8123
2.7875
2.7782
2.7689
2.7881
2.7818
2.8095
2.7833
2.7673
2.8087
2.7708
2.7670
2.7803
2.7882
2.7784
2.7910
2.8019
2.8102
2.8142
2.7650
2.7880
2.8034
2.7981
2.7835
2.7826
2.7763
2.7993
2.7559
2.7885
2.7996
2.8096
2.8044
2.7927
2.8011
2.7897
2.7793
2.7619
2.7801
2.7762
2.8005
2.7687
2.8056
2.8083
2.8030
2.7739
2.7934
2.7759
2.8023
2.7884
2.8003
2.7911
2.7780
2.7999
2.7920
2.7801
2.8118
2.7770
2.7813
2.7780
2.7721
2.7784
2.8083
2.7991
2.8139
2.8103
2.7614
2.7791
2.8054
2.8095
2.7838
2.7804
2.7757
2.7960
2.7931
2.7926
3.0171
3.0096
3.0129
3.0154
3.0172
3.0176
2.9688
3.0168
2.8024
2.7773
2.7945
2.8063
2.7825
2.7802
2.8220
2.7776
2.8085
2.7955
2.7714
2.7736
2.7923
2.7743
2.7966
2.7713
2.7966
2.7875
2.7966
2.7908
2.8247
2.7842
2.7852
2.7967
2.9229
2.8201
2.9459
2.7935
2.9895
2.8933
2.9320
2.7828
2.8003
2.8616
2.8743
2.8188
2.8781
2.8640
2.8804
2.7912
2.7856
2.7885
2.7739
3.0209
3.0010
2.7839
3.0070
3.0155
3.0139
3.0182
3.0171
3.0153
2.9343
3.0179
3.0184
3.0189
3.0177
3.0165
3.0179
3.0160
2.8101
2.7996
2.8069
2.8051
2.7916
2.7774
2.8010
2.7850
2.7869
2.7864
2.7784
2.7800
2.7875
2.7795
2.7695
2.7943
2.7656
2.7953
2.7904
2.7501
2.7694
2.7616
2.7957
2.7662
2.7958
2.7871
2.7550
2.7746
2.7495
2.8047
2.7765
2.7825
2.7867
2.8237
2.8189
2.8299
2.8726
2.8255
2.8430
2.8287
2.8631
2.8628
2.8319
2.8288
2.8166
2.8136
2.8608
2.8179
2.8145
2.8685
2.8252
2.8274
2.7901
2.8651
2.8165
2.8273
2.7819
2.7910
2.7885
2.8051
2.7717
2.7750
2.8113
2.7711
2.7794
2.7893
2.7885
2.8137
2.7691
2.7760
2.8115
2.7703
2.7799
2.7638
2.7894
2.7804
2.8023
2.7830
2.7958
2.7985
2.7873
2.7696
2.7851
2.8006
2.7906
2.7813
2.7812
2.7676
2.7785
2.8026
2.8091
2.8194
2.7906
2.7956
2.7624
2.7793
2.7741
2.8241
2.7522
2.7836
2.7764
2.7984
2.7892
2.7982
2.7880
2.7960
2.7880
2.7935
2.7708
2.7851
2.7908
2.7717
2.8011
2.7907
2.8183
2.7795
2.7784
2.8102
2.7890
2.7954
2.8101
2.8062
2.8246
2.8171
2.8208
2.8092
2.8358
2.8042
2.7890
2.8166
2.8176
2.7825
2.7950
2.8164
3.0165
3.0181
3.0161
3.0145
3.0176
2.8539
2.9341
2.9407
3.0130
3.0194
2.7534
2.7914
2.7533
2.7703
2.7809
2.7743
2.7800
2.8061
2.7835
2.7995
2.7808
2.8018
2.7766
2.7654
2.7935
2.7721
2.7931
2.8053
2.7555
2.7911
2.7796
2.7825
2.7837
2.7882
2.7705
2.7909
2.7897
2.7788
2.7629
2.7710
2.7982
2.7907
2.7996
2.8210
2.8055
2.7761
2.7800
2.7845
2.7883
2.7840
2.7793
2.8042
2.8182
2.7962
2.8160
2.7811
2.7591
2.7667
2.8158
2.8114
2.8004
2.8188
2.7449
2.7894
2.7399
2.7593
2.8070
2.7920
2.7875
2.7845
2.8062
2.7615
2.7963
2.8275
2.7904
2.7907
2.7750
2.7525
2.7774
2.7833
2.7598
2.8061
2.7825
2.7724
2.7938
2.7898
2.7759
2.7930
2.8268
2.7847
2.7955
2.8270
2.8072
2.8144
2.7866
2.7929
2.8045
2.7798
2.8301
2.7815
2.8010
2.8168
2.7988
2.8021
2.7990
2.8022
2.7980
2.7951
2.8067
2.7987
2.7902
2.7821
2.8177
2.8161
2.8332
2.8131
2.8144
2.7661
2.8082
2.7940
2.8024
2.7855
2.8165
2.8062
2.8276
2.8109
2.7819
2.8167
2.8124
2.7636
2.7798
2.7787
2.8165
2.7609
2.7742
2.7742
2.8109
2.7751
2.7814
2.7848
2.7779
2.8115
2.7750
2.7896
2.7820
2.7909
2.8191
2.7825
2.7646
2.7777
2.7832
2.7717
2.8601
2.8341
2.8130
2.8580
2.8349
2.7905
2.8742
2.7970
2.7910
2.7584
2.7821
2.7639
2.8050
2.7898
2.7665
2.7878
2.7684
2.7997
2.7800
2.8141
3.0169
3.0168
3.0178
3.0169
3.0179
3.0181
3.0161
3.0177
3.0211
3.0198
3.0168
3.0181
3.0173
3.0163
3.0173
3.0149
3.0167
3.0121
2.8141
3.0166
3.0203
3.0197
3.0172
3.0124
2.8224
3.0196
3.0220
3.0190
2.7887
2.7965
2.7696
2.7905
2.7711
2.8159
2.7789
2.7992
2.7806
2.7711
2.7862
2.7958
2.7680
2.7999
2.7762
2.7828
2.7676
2.8010
2.7690
2.7830
2.8209
2.7839
2.7862
2.8092
2.7844
2.7927
2.7822
2.8024
2.7612
2.7782
2.7800
2.7987
2.8035
2.7952
2.7959
2.7600
2.8141
2.7763
2.7976
2.7758
2.8404
2.8059
2.8030
2.7767
2.8156
2.7947
2.7850
2.7754
2.7699
2.7965
2.7768
2.7876
2.7955
2.8108
2.7806
2.7607
2.8011
2.7694
2.7818
2.7644
2.8039
2.7980
2.7739
2.7894
2.7766
2.7930
2.7800
2.7446
2.8000
2.8091
2.8152
2.8164
2.7963
2.7887
2.7761
2.7628
2.7995
2.7874
2.7818
2.7629
2.7992
2.8990
2.8081
2.8079
2.8143
2.8077
2.7581
2.7925
2.7863
2.7833
2.8055
2.7988
2.7898
2.7875
2.8077
2.7880
2.7738
2.7977
2.7789
2.7786
2.7806
2.7910
2.8002
2.7812
2.7779
2.7768
2.7799
2.8127
2.8106
2.7886
2.7539
2.7582
2.8056
2.8289
2.8020
2.7991
2.8027
2.8094
2.7640
2.8025
2.7866
2.7698
2.7638
2.8058
2.8017
2.8048
2.7684
2.7917
2.7881
2.7960
2.7895
2.7684
2.8065
2.8060
2.8089
2.8165
2.8009
2.7789
2.8137
2.8210
2.7933
2.8095
2.7971
2.7860
2.8122
2.8142
2.7881
2.8033
2.8193
2.8219
2.7596
2.7935
2.7990
2.8065
2.8001
2.7462
2.8058
2.8061
2.7930
2.8199
2.8112
2.8071
2.8198
2.7859
2.7879
2.7970
2.8324
2.8467
2.8384
2.8254
2.8145
2.8490
2.7992
2.8089
2.8253
2.8072
2.7787
2.8630
2.7970
2.7602
2.7477
2.8476
2.8077
2.7434
2.8132
2.8195
2.8087
2.8125
2.7821
2.7424
2.7990
2.7734
2.8430
2.7866
2.7928
2.7653
2.8343
2.8096
2.7446
2.8208
2.7948
2.7530
2.7315
2.7419
2.8114
2.7357
2.8030
2.8004
2.7752
2.7903
2.7694
2.7999
2.7791
2.7666
2.8222
2.7881
2.7904
2.7747
2.7908
2.8161
2.8042
2.8106
2.7878
2.7933
2.8176
2.7633
2.7701
2.8151
2.7724
2.7822
2.7886
2.7786
2.7762
2.7596
2.8080
2.8057
2.7994
2.7707
2.7986
2.7987
2.7798
2.7841
2.7858
2.7820
2.7583
2.8052
2.7912
2.8003
2.8056
2.7934
2.7713
2.7872
2.7789
2.7963
2.7621
2.8101
2.7959
2.8019
2.7969
2.7791
2.7633
2.7875
2.7748
2.7676
2.7974
2.7611
2.7824
2.7984
2.7999
2.8102
2.8026
2.8013
2.7759
2.7609
2.8031
2.7894
2.8119
2.7905
2.7880
2.7997
2.8024
2.7852
2.7877
2.7816
2.7608
2.8097
2.7924
2.7930
2.8031
2.7943
2.7614
2.7648
2.7963
2.7752
2.7628
2.8136
2.8031
2.8013
2.8018
2.7916
2.7616
2.7664
2.7755
2.7759
2.7604
2.7736
2.8088
2.7913
2.7753
2.8035
2.7897
2.7667
2.7679
2.7936
2.7816
2.7745
2.7852
2.8109
2.8027
2.8010
2.8007
2.7937
2.7625
2.7716
2.7743
2.7577
2.7719
2.8087
2.7704
2.7880
2.7915
2.7808
2.7699
2.7865
2.7897
2.7753
2.7749
2.7858
2.8038
2.7824
2.8008
2.7949
2.7880
2.7725
2.7815
2.7723
2.7756
2.7653
2.7716
2.7874
2.8099
2.7782
2.7939
2.7783
2.7851
2.7687
2.7829
2.7875
2.7797
2.7758
2.7846
2.7904
2.8093
2.7926
2.7888
2.7955
2.7867
2.7673
2.7664
2.7984
2.7712
2.7732
2.7778
2.8097
2.7985
2.7936
2.7920
2.7840
2.7684
2.7715
2.7758
2.7759
2.7686
2.7679
2.7767
2.7944
2.7844
2.7960
2.7748
2.7890
2.7977
2.8057
2.7876
2.7915
2.7851
2.7802
2.7687
2.8004
2.7736
2.7645
2.7977
2.8148
2.7799
2.7737
2.7748
2.7663
2.7875
2.7790
2.7754
2.7688
2.7666
2.8158
2.7751
2.7733
2.7738
2.7680
2.7892
2.7834
2.7746
2.7742
2.7612
2.7786
2.8032
2.7960
2.8019
2.7779
2.7907
2.8016
2.7851
2.7783
2.7837
2.8001
2.7695
2.7977
2.7670
2.7898
2.7810
2.7827
2.7762
2.7811
2.7935
2.7885
2.7736
2.7775
2.8012
2.7817
2.7957
2.7890
2.7936
2.7803
2.7722
2.7896
2.7860
2.7616
2.7896
2.7756
2.7552
2.7907
2.7913
2.7971
2.8058
2.7708
2.7747
2.7760
2.7661
2.7710
2.7839
2.7805
2.7827
2.7778
2.8003
2.7854
2.7839
2.7905
2.7687
2.7653
2.7855
2.7825
2.7793
2.7846
2.7605
2.7876
2.8091
2.8006
2.7888
2.8051
2.8194
2.7735
2.7895
2.7829
2.8036
2.8285
2.8301
2.8645
2.8178
2.8124
2.8653
2.8151
2.8167
2.8048
2.7901
2.7926
2.7713
2.7668
2.8143
2.7760
2.7693
2.8147
2.7823
2.7987
2.7629
2.7675
2.8109
2.7700
2.7714
2.7863
2.7913
2.8139
2.7726
2.7786
2.8192
2.7685
2.7785
2.7723
2.8103
2.7636
2.8094
2.7709
2.8051
2.7807
2.8143
2.8473
2.8236
2.8267
2.7811
2.7633
2.7774
2.7844
2.8294
2.7740
2.9958
2.7820
2.8782
2.7627
2.8197
2.7802
2.7531
2.7729
2.7671
2.7929
2.7755
2.7964
2.7838
2.7837
2.7867
2.7492
2.7906
2.7870
2.7851
2.7920
2.7858
2.7908
2.7861
2.7862
2.7889
2.7719
2.7924
2.7796
2.7882
2.7846
2.7973
2.7612
2.7851
2.7860
2.7845
2.7522
2.8320
2.8048
2.8045
2.8072
2.7592
2.8094
2.8044
2.8084
2.8311
2.7762
2.8346
3.0010
2.9239
3.0193
2.8658
2.8045
2.8168
2.7810
2.7858
2.8120
2.8132
2.8077
3.0196
3.0179
3.0176
3.0175
3.0169
3.0183
3.0171
3.0179
2.8177
2.7853
2.7830
2.8078
2.8079
2.7698
2.8056
2.7892
2.7769
2.7981
2.7868
2.7743
2.8047
2.7730
2.7897
2.7835
2.7878
2.7937
2.7902
2.7676
2.7768
2.7736
2.7825
2.7827
2.8024
2.8060
2.7843
2.7805
2.7880
2.7901
2.7713
2.7988
2.7771
2.7669
2.8231
2.7966
2.7902
2.7775
2.7585
2.8152
2.7976
2.7675
2.7833
2.7789
2.8150
2.7628
2.7901
2.7991
2.7977
2.8147
2.7777
2.7776
2.7747
2.8077
2.7752
2.7753
2.7838
2.8614
2.8352
2.8363
2.8257
2.8027
2.8714
2.8280
2.8019
3.0200
2.9798
2.9754
2.9645
3.0215
2.9808
2.9747
2.9645
2.8682
2.8316
2.8315
2.8339
2.7939
2.8691
2.8299
2.7921
2.8086
2.7755
2.7910
2.7858
2.7955
2.7892
2.7956
2.7919
2.7543
2.7741
2.7617
2.7622
2.7677
2.7768
2.8152
2.7898
2.7891
2.7804
2.7634
2.7946
2.7673
2.7730
2.7878
2.7916
2.8172
2.7678
2.7790
2.8146
2.7688
2.7806
2.8043
2.8136
2.8211
2.8160
2.8159
2.8091
2.8236
2.8125
2.8028
2.8108
2.8085
2.8340
2.7954
2.7987
2.7645
2.8136
2.7907
2.7785
2.8023
2.8139
2.8051
2.7960
2.8081
2.8114
2.8014
2.7970
2.8048
2.7378
2.7980
2.7772
2.7733
2.7518
2.7718
2.7386
2.7952
2.7508
2.7541
2.7881
2.7979
2.7559
2.8017
2.8055
2.7684
2.8044
2.7559
2.8119
2.7807
2.7760
2.7896
2.7863
2.7885
2.7800
2.7798
2.8092
2.6947
2.8002
2.7122
2.6993
2.7833
2.7558
2.8154
2.6961
2.7956
2.7176
2.7001
2.8020
2.7540
2.7853
2.7862
3.0162
3.0183
3.0168
3.0177
3.0187
3.0182
3.0129
2.7489
2.8158
2.7814
2.7677
2.7812
2.8072
2.8106
2.7843
2.7887
2.7928
2.7873
2.7735
2.7646
2.7763
2.7986
2.8090
2.7806
2.7885
2.8197
2.7570
2.8144
2.8013
2.7861
2.7891
2.8187
2.7761
2.7790
2.7776
2.7824
2.7515
2.8061
2.8324
2.7926
2.8101
2.7649
2.8204
2.7874
2.7638
2.7957
2.7892
2.8263
2.7835
2.7989
2.8088
2.7857
2.7554
2.7679
2.7449
2.7724
2.7663
2.8138
2.7924
2.8163
2.7481
2.8607
2.7875
2.7445
2.9235
2.7869
2.7808
2.7848
2.7844
2.7719
2.7848
2.7562
2.7980
2.7989
2.7650
2.8068
2.7661
2.7874
2.7547
2.7986
2.8000
2.7693
2.7968
2.7984
2.8109
2.7798
2.7852
2.7612
2.8131
2.7750
2.7837
2.7698
2.7794
2.7896
2.8020
2.7989
2.7918
2.7769
2.7751
2.7779
2.7836
2.7815
2.7621
2.7919
2.7949
2.7936
2.7798
2.7842
2.7847
2.7673
2.7680
2.7668
2.7747
2.7982
2.7658
2.7698
2.7687
2.7898
2.7999
2.8154
2.7627
2.7841
2.7781
2.7691
2.7805
2.7905
2.7756
2.8065
2.8280
2.7983
2.7848
2.7888
2.7544
2.8170
2.7624
2.7446
2.7830
2.7832
2.8070
2.7689
2.7715
2.8056
2.7679
2.7732
2.8159
2.7863
2.7872
2.7761
2.7719
2.8137
2.7692
2.7693
2.7666
2.8203
2.7713
2.7788
2.8343
2.8087
2.7465
2.7296
2.8195
2.7892
2.7899
2.7602
2.7724
2.7784
2.8113
2.7643
2.7783
2.7819
2.8128
2.7840
2.7649
2.8178
2.7883
2.7711
2.9043
2.7878
2.7890
2.7723
2.7928
2.7766
2.7855
2.7791
2.7837
2.9120
2.7994
2.7954
3.0153
3.0186
3.0183
3.0180
3.0179
3.0182
3.0155
3.0172
3.0180
3.0182
3.0157
3.0172
2.7833
2.7762
2.7612
2.7730
2.7851
2.7701
2.7854
2.7600
2.7778
2.7806
2.7792
2.7732
2.7978
2.7618
2.7963
2.7638
2.7649
2.7891
2.7803
2.7678
2.7743
2.7651
2.8040
2.7642
2.7945
2.7659
2.7707
2.7863
2.7906
2.7637
2.7784
2.7569
2.8101
2.7655
2.7866
2.7686
2.7848
2.7701
2.7891
2.7876
2.7865
2.7886
2.7789
2.7679
2.7876
2.7679
2.7938
2.7702
2.7975
2.7910
2.7761
2.7808
2.8069
2.7700
2.8010
2.7528
2.7875
2.7648
2.8123
2.7874
2.7744
2.7765
2.7979
2.7629
2.9807
2.9981
2.7909
2.8175
2.7970
2.8218
2.8055
2.7695
