5.025
4.588
6.574
4.747
4.835
4.611
4.527
4.101
4.880
4.091
7.819
4.594
4.816
5.230
5.090
4.847
5.112
5.563
4.994
5.154
5.097
4.417
5.153
4.799
4.923
4.147
5.015
5.144
5.172
4.232
4.427
4.150
4.473
4.918
4.962
4.876
4.081
4.907
4.933
4.800
4.539
4.652
4.838
3.863
4.741
4.648
4.719
5.030
4.471
4.895
4.723
5.598
4.919
5.057
4.457
5.158
4.776
4.758
5.161
5.118
4.948
5.104
4.632
4.775
5.209
4.922
4.548
4.787
4.396
7.719
4.529
4.661
4.879
4.830
4.748
4.642
4.744
4.641
4.519
4.662
4.629
5.365
4.868
5.200
5.269
4.875
4.809
8.048
4.595
5.169
4.504
4.772
4.928
5.108
5.097
4.715
4.685
4.534
4.902
4.971
4.711
4.989
4.959
5.108
4.892
4.528
4.929
4.189
4.946
4.478
5.021
5.191
4.578
4.791
5.135
5.044
4.646
4.708
5.051
4.961
4.788
5.012
5.094
4.942
4.618
4.524
5.088
4.263
4.643
5.121
4.661
4.637
5.001
4.960
4.525
4.970
5.169
4.616
4.769
4.588
5.005
4.987
4.797
4.707
4.153
5.161
6.093
4.627
4.986
5.316
4.978
4.823
4.740
5.041
4.684
4.933
5.453
4.892
4.666
5.021
5.315
4.690
4.817
4.939
3.362
5.295
4.593
4.480
4.898
5.814
4.607
5.035
4.980
4.583
4.721
5.039
5.043
5.091
4.449
4.950
4.908
4.732
4.896
4.781
5.288
4.505
4.791
5.128
5.303
4.656
4.600
5.070
4.950
4.686
4.234
5.330
5.159
4.493
4.387
4.988
4.762
4.795
4.645
4.591
3.942
4.953
5.573
4.734
5.044
4.648
4.499
5.251
4.842
4.892
5.468
4.401
5.126
4.231
5.587
4.606
5.134
4.551
4.487
5.145
4.540
5.530
4.962
4.675
4.738
5.444
4.184
4.700
5.016
4.742
5.127
4.878
4.822
5.095
4.541
5.038
5.434
4.629
5.085
5.060
5.061
4.074
4.623
4.951
4.277
5.331
5.052
4.539
5.096
4.715
5.095
5.218
4.098
4.410
4.876
4.861
4.712
4.183
5.241
5.282
4.920
5.065
5.061
5.095
4.126
5.116
5.171
4.184
4.714
4.989
4.976
4.901
4.732
5.092
5.101
4.645
5.578
5.132
5.062
4.878
4.851
4.219
4.945
4.233
5.441
5.033
4.873
5.021
5.068
4.953
4.733
5.153
5.081
4.941
4.986
4.288
4.929
4.601
4.745
4.749
5.174
4.889
5.006
5.026
4.752
5.046
4.579
5.102
5.037
4.931
5.046
4.920
4.537
4.745
5.087
4.724
4.805
4.665
4.760
4.869
5.069
4.301
4.735
4.938
4.984
4.570
4.915
5.026
4.899
5.090
5.173
4.235
4.829
4.612
4.460
4.987
4.732
4.114
5.016
4.739
4.917
4.928
4.361
5.124
5.109
4.542
4.693
4.758
4.574
4.705
5.243
4.864
4.877
5.033
4.797
4.393
4.995
5.135
4.813
5.222
4.872
6.337
5.092
4.749
4.756
5.365
4.806
3.566
5.205
4.844
4.986
4.973
5.456
4.608
5.414
5.170
4.975
5.084
5.178
4.487
4.527
4.704
4.710
4.774
4.879
4.586
4.739
4.936
5.004
4.675
4.667
4.884
5.011
4.659
4.641
5.311
4.879
4.972
4.891
5.002
3.993
4.813
5.357
4.436
4.803
4.533
5.147
4.760
4.474
5.200
5.412
4.693
4.455
4.935
4.632
4.956
4.733
4.557
4.552
4.689
4.425
4.602
4.770
4.829
4.644
4.536
5.175
4.261
5.086
4.819
4.971
5.235
4.907
3.580
5.038
5.138
4.911
5.175
4.680
5.351
5.298
4.634
4.144
5.017
4.954
4.902
5.338
5.167
5.188
4.989
5.342
4.266
5.067
4.822
4.183
5.283
4.292
5.949
4.928
5.423
4.722
5.136
4.466
3.600
4.936
5.253
4.763
5.184
4.634
5.153
4.657
5.584
5.025
4.714
5.238
4.462
5.131
5.026
4.669
4.594
4.438
4.731
5.256
4.949
4.775
5.207
4.715
5.017
4.404
5.043
4.945
4.712
4.975
4.761
4.880
4.759
4.621
4.474
4.849
5.079
5.435
4.972
5.011
4.933
4.585
4.840
3.990
4.658
5.114
4.685
5.244
4.874
5.043
5.391
4.634
4.870
5.183
4.803
5.328
4.356
4.831
5.392
5.176
4.858
4.948
4.768
4.842
4.180
5.032
4.847
4.735
5.182
4.720
4.603
4.960
4.933
5.229
4.767
5.160
4.447
4.425
4.795
5.160
4.752
4.960
4.872
4.565
5.043
5.378
4.617
4.923
4.907
4.848
4.730
4.880
5.371
4.654
4.679
5.059
4.968
4.952
4.318
4.655
5.008
4.766
5.275
5.240
4.930
5.261
5.302
4.925
4.389
5.149
4.602
4.320
4.939
4.879
4.817
4.128
4.700
4.801
4.871
5.178
4.852
4.621
5.008
5.161
4.296
5.237
4.487
4.907
4.809
4.471
4.833
5.276
5.074
5.120
4.538
5.166
5.192
5.344
5.129
5.052
4.902
4.882
3.955
4.721
4.370
4.904
4.653
4.773
4.733
4.719
4.331
5.068
4.977
4.687
4.755
5.471
4.519
4.929
5.101
4.649
4.559
5.560
5.306
4.584
5.156
4.153
4.129
3.998
4.571
5.105
4.732
4.599
4.802
4.737
5.123
5.024
4.488
4.958
4.834
4.953
4.807
5.215
4.785
4.955
4.979
5.258
4.920
4.031
4.520
4.961
4.671
4.663
5.191
4.980
4.698
4.963
5.138
5.295
4.690
4.892
7.353
4.529
4.489
4.920
4.625
6.037
5.331
4.210
4.411
4.671
5.089
4.261
5.221
4.938
5.139
5.253
4.515
5.163
4.046
5.344
7.343
4.606
4.491
5.115
5.328
5.674
5.239
5.660
4.676
4.995
4.888
4.390
5.794
5.198
5.124
4.648
5.093
5.965
5.049
4.603
5.056
4.837
5.174
4.750
5.136
4.701
4.433
5.617
4.876
5.021
4.336
4.919
5.775
5.336
4.651
4.549
4.708
6.021
5.439
5.065
5.120
5.114
5.212
4.926
4.950
5.078
4.458
5.091
5.537
5.115
4.949
5.414
4.999
4.930
5.105
4.956
4.169
4.805
5.194
4.989
4.656
4.585
4.951
4.782
4.336
4.719
5.473
4.360
4.819
4.881
4.462
5.146
4.818
5.446
5.147
4.786
5.114
4.928
4.768
5.169
5.089
4.710
4.371
5.002
4.843
4.910
4.977
4.358
5.450
5.155
4.973
4.707
4.954
4.184
5.207
4.904
4.901
5.213
4.645
4.627
5.108
4.744
5.036
5.296
4.977
4.212
3.790
5.170
5.075
4.278
4.472
4.620
4.936
4.730
4.335
4.868
4.435
4.299
5.304
5.006
4.691
4.629
4.397
4.941
5.344
4.812
4.452
4.432
4.516
4.954
5.342
4.816
4.281
5.082
4.559
4.950
4.789
4.768
5.433
4.896
5.126
5.025
4.635
5.116
5.516
4.709
5.123
4.768
5.221
4.556
4.898
5.262
4.317
4.504
4.372
4.835
4.091
5.076
4.179
4.489
4.651
4.647
5.448
4.300
4.706
5.162
4.787
4.960
5.188
4.845
4.555
4.792
5.141
4.626
4.595
4.405
4.709
4.682
5.676
4.791
5.559
4.630
4.772
5.012
5.029
4.572
4.270
5.162
4.914
4.737
5.351
4.632
5.433
4.465
4.561
4.859
4.684
4.731
5.493
5.328
4.684
4.770
4.323
4.865
4.610
4.598
4.676
5.097
4.824
4.600
4.255
5.042
4.753
4.768
5.061
4.674
5.442
5.110
4.750
4.798
4.695
4.664
5.445
4.433
5.052
4.992
4.911
4.587
4.619
5.182
4.741
4.817
5.222
4.652
5.089
4.989
4.839
4.948
4.504
5.082
4.660
4.389
4.811
4.941
4.850
4.597
4.776
4.719
5.017
4.863
4.503
4.762
4.735
4.148
4.671
5.020
4.917
4.495
5.055
5.009
4.975
4.452
5.199
4.658
5.012
4.919
4.821
4.602
4.679
4.863
4.952
4.699
4.515
4.647
4.612
5.043
4.998
5.043
5.090
5.059
5.293
4.842
4.917
5.028
4.347
4.691
4.871
4.624
4.911
4.840
4.682
4.694
3.973
5.257
4.759
5.510
5.306
4.713
4.636
4.948
4.926
4.596
4.019
5.112
4.361
4.803
4.634
4.526
4.618
4.730
4.606
5.270
4.900
6.499
4.297
4.728
5.316
4.778
4.648
4.744
4.473
4.649
5.430
4.770
4.657
4.881
4.818
4.812
4.645
5.240
5.943
4.737
4.823
4.901
4.601
4.831
4.920
4.832
4.472
4.983
4.820
4.943
4.744
5.091
4.508
4.987
4.946
4.716
4.718
5.179
4.774
4.763
4.674
4.474
4.853
5.581
4.742
4.851
4.409
4.686
4.809
4.828
5.386
4.759
4.777
4.443
4.566
5.240
4.769
4.968
4.703
4.375
4.732
4.936
4.686
5.173
4.668
5.658
4.687
4.956
5.097
4.681
5.268
4.688
5.204
4.882
4.347
4.651
4.801
5.254
4.821
4.342
4.895
4.888
4.871
4.683
4.828
4.266
4.777
5.027
4.781
4.473
4.924
4.960
4.748
5.054
4.837
4.515
5.088
4.948
5.491
4.632
4.639
4.920
5.039
4.621
5.602
4.316
4.836
4.385
5.747
5.093
5.516
4.693
4.966
4.638
4.859
4.705
4.649
4.648
5.025
4.775
5.783
4.757
4.565
5.216
4.755
5.041
4.202
4.521
5.174
5.096
5.044
4.911
5.088
5.053
4.436
4.775
5.123
4.691
5.025
4.647
4.708
5.036
4.973
4.730
4.490
4.674
4.672
4.674
4.632
5.703
4.558
4.749
4.292
4.813
6.245
5.155
5.142
4.541
4.700
4.631
4.510
4.683
5.100
4.682
4.855
4.809
4.654
4.763
4.837
5.135
4.674
4.762
4.774
4.604
5.132
5.026
4.615
4.651
5.416
4.471
5.161
5.132
4.698
5.182
4.753
4.700
5.558
4.956
5.168
5.189
4.691
5.240
4.706
4.909
4.768
4.685
4.538
4.715
4.568
4.976
5.114
5.099
5.244
4.611
4.821
5.178
4.645
5.016
4.985
5.014
5.096
4.310
4.388
5.221
5.994
4.884
4.612
4.744
4.990
4.278
5.068
4.616
4.939
4.660
4.823
4.831
5.000
5.407
4.804
4.816
5.015
5.385
4.208
4.897
4.467
4.781
4.623
5.049
4.653
4.807
4.953
4.747
4.847
4.858
4.731
5.019
4.596
4.683
4.709
3.820
5.113
4.914
4.737
4.881
5.217
5.207
4.585
5.188
4.741
3.909
5.036
4.257
4.882
4.671
4.867
4.862
4.479
4.911
4.731
4.557
5.092
5.141
4.713
4.765
5.295
4.028
4.712
5.104
5.059
4.573
4.493
4.539
5.057
5.024
4.788
5.543
5.463
4.865
4.962
4.617
5.262
4.785
4.872
4.786
4.490
5.730
4.520
4.366
4.970
5.050
5.187
4.118
4.901
4.711
4.463
5.388
4.269
4.667
4.738
4.959
4.320
5.369
5.057
4.984
4.409
5.280
4.792
4.731
4.697
4.611
4.816
4.948
5.132
4.499
4.983
5.030
4.835
4.728
4.842
4.456
4.813
5.478
4.489
4.654
4.890
4.648
4.798
5.027
5.236
5.505
4.919
4.922
4.834
4.729
4.890
4.761
5.255
5.533
5.006
5.048
5.087
5.001
5.527
4.960
5.685
4.838
4.747
4.326
5.114
4.807
5.690
5.828
5.095
5.362
5.382
4.620
4.533
5.663
4.668
4.236
4.919
4.804
5.853
5.361
4.697
6.879
4.385
4.996
4.469
5.337
4.775
5.090
4.424
5.390
5.374
5.314
4.626
4.548
4.657
5.044
4.963
5.217
4.823
5.223
5.325
5.092
5.096
5.062
4.628
6.275
5.551
4.537
5.158
4.846
5.049
4.834
4.685
4.919
5.377
4.819
5.338
5.010
4.966
4.770
5.084
4.650
5.076
4.650
4.447
4.731
4.973
4.720
5.442
4.399
4.676
4.700
4.681
4.618
5.106
4.642
5.296
4.692
4.958
4.647
4.421
4.784
5.088
5.131
4.886
4.738
5.017
5.075
5.169
4.869
4.640
4.637
5.034
5.136
4.903
4.754
5.060
5.094
5.032
4.650
4.553
4.575
4.764
4.846
4.873
4.771
4.966
4.665
5.135
5.229
4.759
4.790
4.546
4.331
4.995
4.981
4.904
4.591
4.682
4.208
5.044
4.715
4.658
4.624
4.577
4.680
5.056
4.907
4.626
4.626
4.839
4.743
4.366
4.611
4.850
4.406
4.875
4.994
5.088
4.888
4.473
4.589
5.006
3.952
4.957
4.703
4.544
4.390
4.807
5.000
4.688
5.077
5.074
4.250
4.797
5.009
4.465
4.789
4.881
4.731
4.879
4.729
5.091
5.139
5.123
4.670
4.925
5.191
5.194
4.616
4.609
4.715
5.582
5.452
4.635
4.276
5.481
5.464
4.626
4.290
4.777
4.706
5.104
4.761
4.820
4.749
5.090
4.720
3.737
3.974
4.708
4.823
5.061
4.408
5.474
4.188
4.619
5.076
4.753
4.807
4.787
5.141
4.733
4.678
4.839
4.876
4.565
4.927
4.592
4.889
4.689
4.563
4.883
5.000
5.055
4.987
4.777
4.421
5.136
4.955
5.241
5.076
5.085
5.168
10.658
10.455
10.448
10.392
10.622
10.668
10.451
10.433
10.402
10.621
10.724
10.226
10.387
10.444
10.444
10.700
10.344
10.415
10.436
10.433
10.552
10.471
10.480
10.454
10.702
10.498
10.467
10.468
10.498
10.695
4.926
4.475
5.029
4.731
5.196
4.767
4.419
5.070
