3.7814
3.7627
5.9515
7.6299
4.8990
3.7815
3.7974
3.7901
5.0575
3.7693
5.0118
3.6403
3.1829
3.9927
3.5931
4.4019
3.6391
3.8704
3.8667
3.8589
3.0268
3.0868
3.8624
3.8780
3.8622
3.8660
3.8525
3.8778
3.8746
3.5997
3.1269
3.2385
3.1991
3.1309
3.8675
3.8865
3.8805
3.8739
3.8512
3.8829
3.8763
3.8703
3.0213
3.8739
3.8669
3.8669
3.8803
3.8572
3.8881
3.8525
3.8721
3.8751
3.8796
3.8635
3.8522
3.8734
3.4587
3.3746
3.3286
3.5164
3.8775
3.8499
3.8812
3.8735
3.8631
3.4692
3.4513
3.1726
3.8817
3.8752
3.8486
3.8796
3.8784
3.8756
3.8707
3.2593
3.3343
3.3690
4.0387
3.8802
3.8844
3.8212
3.8794
3.8736
3.8656
3.2957
3.4730
3.9803
3.4767
3.3037
3.3837
3.8499
3.8736
3.8724
3.8794
3.1903
3.4834
3.9439
3.3806
3.1836
3.8738
3.3933
3.4489
3.2300
3.2023
3.8754
3.8792
3.8635
3.8628
3.8645
4.8968
4.8393
3.7854
3.7672
5.1962
3.7009
3.9855
5.2857
3.7847
3.8115
2.5253
4.9053
3.7729
4.8176
4.8204
4.9187
4.8266
3.7596
3.6890
5.3916
3.8849
4.9225
3.7699
4.8612
3.7630
3.7798
4.2980
3.6941
3.7847
3.4220
3.4655
3.4221
3.7768
3.1511
3.2743
3.4951
3.1365
3.5416
3.9379
3.8653
3.8688
3.8695
3.8528
3.2675
3.3198
3.8685
3.4885
3.3929
3.8604
3.8618
3.8629
3.8667
3.8641
3.8561
3.8493
3.3731
3.3512
3.8629
3.8613
3.7906
3.8577
3.8608
3.7992
3.7725
4.8518
5.6825
3.7691
4.3091
3.5694
3.5352
3.9258
3.5699
3.5962
3.8386
3.5629
3.6251
3.1724
3.6210
3.8802
3.8543
3.8694
4.1600
7.4533
4.1201
15.1863
4.1401
7.5288
3.9766
3.8803
3.0428
3.0135
3.8677
3.8535
3.8827
4.0972
4.1955
3.5622
3.4335
3.4688
4.0252
3.5107
3.4036
3.1462
4.9573
3.8933
3.8942
3.8701
3.4528
3.2371
3.1887
3.5828
3.7611
3.2712
3.1529
3.6430
3.1719
3.2927
3.8712
3.8524
3.8846
3.8488
3.8575
3.8573
3.8761
3.8775
3.8817
3.8599
3.8334
3.8643
3.8679
3.8652
3.8498
3.8644
3.8574
3.8560
3.8786
3.8809
3.8830
3.8793
3.8597
3.5167
3.1709
3.3003
3.6837
3.5968
3.1855
3.2282
3.3633
3.8677
3.2794
3.2498
3.8645
3.8809
3.8733
3.8626
3.8735
3.8553
3.8556
3.8617
3.8536
3.8659
3.8591
3.8572
3.6350
3.8651
3.8801
3.8760
3.8717
3.8584
3.8572
3.8516
3.8849
3.8541
3.8745
3.8690
3.3406
3.3716
3.8659
3.8669
3.8674
3.8650
3.8687
3.8694
3.4908
3.3689
3.8622
3.8717
3.8696
3.8630
3.8668
3.5388
3.3893
3.8606
3.4056
3.1763
3.5252
3.6200
3.3068
3.1336
3.3629
3.2348
3.1776
3.5067
3.3600
4.1361
3.4613
3.4599
3.3360
3.5693
3.8459
3.3048
3.7497
3.7321
3.7248
3.5863
3.1333
3.3650
3.5730
3.2344
3.6265
3.7737
4.4628
3.8619
3.8569
3.8462
3.8628
3.8656
3.8748
3.8532
3.8746
3.8760
3.8553
3.8560
3.8764
3.8658
3.8743
3.8780
3.8268
3.8696
3.8743
3.8669
3.8531
3.8605
3.8660
3.8788
3.8562
3.4263
3.4366
3.5986
3.6200
3.1598
4.0785
3.2249
3.1395
3.4245
3.7483
3.3573
3.4626
3.2285
3.7567
3.7644
3.5753
4.0508
3.4461
3.6315
3.9110
3.1841
3.4082
3.7744
3.3091
3.5762
3.3551
3.1395
3.3308
3.1096
3.8538
3.8483
3.8564
3.8663
3.8659
3.8591
3.8794
3.8362
3.8762
3.8729
3.8784
3.8629
3.8559
3.8651
3.8841
3.8578
3.8600
3.7569
3.8595
3.7723
3.8592
4.9995
3.7368
4.7740
3.8585
5.6290
4.9877
3.0977
3.8549
3.6622
3.4155
4.1322
3.8332
3.8805
3.8786
3.8212
3.8679
3.8684
3.8577
3.8647
3.8718
3.8602
3.8682
3.2384
3.4943
3.6197
3.5583
3.8670
3.8773
3.8763
3.8773
4.1082
4.1592
4.0543
3.5893
4.6745
4.2437
3.9811
3.5996
3.8801
3.8861
3.8115
3.1884
3.8303
3.8702
3.8808
3.4839
3.7699
3.4083
4.0058
3.7766
3.6621
3.7841
3.8370
5.2995
5.0689
3.8056
3.7636
3.7216
5.9745
3.7986
3.7615
4.9470
3.7675
3.7517
4.8852
4.8532
3.8580
3.6479
3.3300
3.3993
3.6086
3.8884
3.4039
3.8767
3.8750
2.9874
3.3327
3.3318
3.0022
3.1890
3.4709
3.8697
3.8582
3.8476
3.8530
3.8794
3.8740
3.8659
3.8684
3.8516
3.8495
3.8754
3.8802
3.8747
3.8742
3.8656
3.4691
3.4246
3.1149
3.7254
3.6094
3.5174
3.7965
3.8375
3.6737
3.8428
3.6735
3.8698
3.5203
3.5455
3.8720
3.8424
3.8703
3.8703
3.8452
3.8649
3.8528
3.5220
3.8608
3.8671
3.8589
3.5655
3.8723
3.2891
3.3312
3.8499
3.8590
3.8625
3.8651
3.8623
3.8595
3.3560
3.3346
3.8636
3.8638
3.8645
3.8632
3.8596
3.8644
3.5585
3.3584
3.5820
3.0229
3.6762
3.2932
3.8720
3.8659
3.8628
3.8583
3.8481
3.8504
3.8615
3.8619
3.7560
3.8648
3.8738
3.8685
3.8705
3.2289
3.1620
3.8720
3.8763
3.8618
3.8708
3.8701
3.8725
3.8595
3.1103
3.1027
3.0316
3.3799
3.0496
3.1253
3.0722
3.8764
3.8542
3.8810
3.8614
3.5832
3.2067
3.7857
3.8465
3.3965
3.1113
3.6027
3.0903
3.1690
3.2487
3.7860
3.9286
3.4570
4.2292
3.8394
3.6985
4.0921
3.5473
3.7371
3.8571
3.3318
3.6757
4.8618
3.7626
4.7895
4.8509
3.7714
5.8421
5.3146
7.7348
3.7017
3.7938
3.6429
3.8534
3.8335
3.8722
3.6208
3.4719
3.8764
3.8803
3.8641
3.8654
3.5036
3.5606
3.4188
3.8811
3.8727
3.8685
3.8619
3.2235
3.9141
3.2312
3.6150
3.5773
3.5710
3.3296
3.8799
3.8481
3.8766
3.8605
3.5440
3.5478
3.0711
3.7146
3.8243
3.8391
3.8685
3.8849
3.3827
3.4868
3.4003
3.7544
3.8459
3.8793
3.8796
3.3230
2.9839
3.4410
3.3930
4.4690
3.8775
3.8583
3.8754
3.8683
3.8743
3.8763
3.8857
3.8854
3.8541
3.8670
3.8748
3.8832
3.8528
3.8841
3.8556
3.8539
3.8709
3.8441
3.8775
3.8869
3.8786
3.8730
3.8843
3.8508
3.8708
3.8408
3.8789
3.8662
3.8790
3.8643
3.8644
3.8818
3.8584
4.0502
3.8514
3.4909
3.3015
3.0717
3.0580
4.7170
3.2250
3.9418
3.0165
3.8108
3.4976
3.6242
3.3201
4.0533
3.5870
3.4132
3.8642
3.8690
3.8588
3.8578
3.8746
3.8542
3.8545
3.8774
3.8762
3.8775
3.8725
3.8785
3.8704
3.8754
3.8566
3.8526
3.7995
3.8632
3.8619
3.8515
3.8615
3.8688
3.8742
3.8622
3.8673
3.8685
3.8723
3.8629
3.0837
4.0376
3.6065
3.8588
3.8594
3.8585
3.8754
3.8618
3.8558
3.8532
3.8297
3.8634
3.8713
3.8631
3.8634
3.8743
3.8222
3.8210
3.8306
3.9539
3.8410
3.8933
4.0434
3.5850
3.7495
4.5756
3.5120
3.7972
3.8685
3.4172
4.1803
3.5022
4.5009
4.0054
4.1141
3.8713
3.7784
3.7869
3.7866
3.7603
4.8407
3.7755
3.7779
3.7887
3.7927
4.9287
3.7778
3.7757
3.7874
3.7770
3.7605
4.8613
4.8785
4.8844
3.8686
4.4470
4.6556
3.7929
4.8355
4.8989
3.8706
4.5752
4.6970
3.8272
3.8653
3.8650
3.8731
3.8598
3.8664
3.8668
3.8537
3.8701
3.8654
3.8572
3.8026
3.6879
3.5797
3.8414
3.8672
3.8755
3.8596
3.8509
3.8761
3.8665
3.8742
3.2354
3.1948
3.4479
3.5593
3.3074
3.2615
3.0678
3.4027
3.4090
3.4356
3.4136
3.1389
3.5090
3.6952
3.4724
3.4946
3.4676
3.1717
4.6406
3.9993
3.5503
3.2720
3.8045
3.7453
3.1786
3.4528
3.4032
3.5422
3.3919
3.8608
3.8634
3.8681
3.8729
3.8662
3.8820
3.8444
3.8790
3.8697
3.8674
3.8587
3.8594
3.8748
3.8146
3.8756
3.8238
3.8752
3.8764
3.8754
3.8762
3.8721
3.8639
3.8721
3.8539
3.1616
3.7234
3.4728
3.4705
3.5237
3.6097
3.2858
4.0430
3.4494
4.1569
3.8892
3.1936
3.6631
3.6644
3.5533
3.5904
3.0934
3.4595
3.6302
3.2291
3.0881
3.0587
3.3932
3.0880
3.2368
3.4025
3.7699
3.1346
3.5797
3.8648
3.8708
3.8826
3.8590
3.8553
3.8563
3.8767
3.8748
3.8770
3.8610
3.8732
3.8576
3.8594
3.8566
3.8556
3.8828
3.8589
3.8704
3.8784
3.8677
3.8520
3.8667
3.8708
3.8709
3.8825
3.1040
3.6059
3.4778
3.3117
3.4113
3.4123
3.5333
3.1789
3.2519
3.4928
3.0773
3.0827
3.6265
3.6255
3.6567
3.5950
3.3352
3.6174
3.9219
3.3965
3.7871
3.7774
3.8279
3.7380
3.1195
3.6007
3.3341
3.2186
3.8146
3.8425
3.8758
3.8708
3.8310
3.8607
3.8550
3.8733
3.8722
3.8365
3.8384
3.8429
3.8478
3.8762
3.8813
3.8348
3.8641
3.8765
3.8706
3.8493
3.8627
3.7332
3.8665
3.8672
4.0868
3.1063
3.1007
4.3726
2.9059
3.7883
3.8374
3.4028
3.0956
3.6151
3.1617
4.1044
3.6621
3.9736
3.3958
3.9169
3.4194
3.0988
4.3892
2.9134
3.8362
3.8910
3.8750
3.8485
3.8056
3.8826
2.8579
3.8301
3.8595
3.8800
3.8847
3.8695
3.8749
3.8422
3.8779
3.7801
3.4839
3.5132
3.7215
4.2921
3.5032
3.8627
3.3845
3.3029
3.8696
3.8681
3.8705
3.8671
3.8615
3.8585
3.8501
3.8825
3.8815
3.8757
3.8757
3.2195
3.4688
4.0241
3.4130
3.4169
4.0535
3.5577
3.8479
3.8776
3.8697
3.8749
3.2501
3.4353
3.3845
3.3590
3.8814
3.7050
3.8805
3.8636
3.8759
3.8753
3.2428
3.3471
3.2274
3.8774
3.8783
3.8499
3.8824
3.8825
3.8547
3.8764
4.1096
3.4957
3.3181
3.8772
3.2065
3.5313
3.9246
3.8681
3.8798
3.8328
3.7746
3.4507
3.4762
3.4360
3.3291
3.3925
3.8484
3.8817
3.8544
3.8698
3.3011
3.2618
3.1996
3.4394
3.8521
3.8845
3.8791
3.8571
3.8780
3.8660
3.2643
3.1974
3.2224
3.3813
3.8150
3.8885
3.8864
3.8564
3.8785
3.8807
3.8711
3.2331
3.4300
3.1800
3.4192
3.7684
3.8875
3.8652
3.8423
3.8595
3.8802
3.8665
3.1935
3.1791
3.1909
3.3927
3.7931
3.8840
3.8604
3.8797
3.8836
3.8631
3.4727
3.3179
3.3365
3.6102
3.6799
3.8753
3.8776
3.8561
3.8580
3.8716
3.8640
3.5388
3.2630
3.2560
3.7022
3.6794
3.8803
3.8787
3.8601
3.8760
3.8804
3.8648
3.8657
3.4190
3.3675
3.4840
3.5008
3.7241
3.8837
3.8667
3.8464
3.8627
3.8783
3.8730
3.8687
3.2495
3.2823
3.3335
3.4729
3.7045
3.8800
3.8804
3.8237
3.8707
3.8817
3.8686
3.2575
3.2224
3.2905
3.5293
3.6446
3.8804
3.8861
3.8554
3.8740
3.8831
3.8821
3.4570
3.3472
3.8671
3.8790
3.8565
3.8865
3.8692
3.3357
3.2778
3.4229
3.5189
3.6048
3.8766
3.8582
3.8754
3.8830
3.8681
3.4144
3.8690
3.8836
3.8834
3.8494
3.8748
3.8598
3.8859
3.8695
3.8735
3.4291
3.8769
3.8587
3.8862
3.8481
3.8791
3.8721
3.8611
3.8701
3.4057
3.8709
3.8628
3.8603
3.8561
3.8655
3.8701
3.2564
3.3013
3.1670
3.8608
3.6663
3.7946
3.8728
3.8810
3.8808
3.8542
3.8860
3.5517
3.4908
3.7104
3.7493
3.4321
3.8682
3.8337
3.6653
3.6537
3.5239
3.8765
3.8802
3.8492
3.8797
3.9141
3.3075
3.2495
3.7115
3.7182
3.4283
3.2406
3.8717
3.8774
3.8858
3.8575
3.8712
3.8748
3.8747
3.1978
3.5617
3.4370
3.8738
3.8597
3.8781
3.8483
3.8714
3.8576
3.8583
3.8609
3.8786
3.8553
3.8823
3.4631
3.6056
3.5994
3.5246
3.3770
3.8708
3.8637
3.8778
3.5937
3.8715
3.5651
3.4890
3.8706
3.8728
3.8479
3.8711
3.8733
3.8461
3.8552
3.2827
3.3168
3.8658
3.8675
3.8700
3.8630
3.8658
3.8745
3.3530
3.1674
3.7691
3.8651
3.8747
3.8690
3.8306
3.3156
3.2642
3.8635
3.8565
3.8627
3.8662
3.8605
3.8632
3.5160
3.0433
3.4792
3.1343
3.5827
3.0944
3.4112
3.8574
3.8527
3.8723
3.8678
3.8725
3.8677
3.8673
3.8805
3.3959
3.8323
4.7089
3.5388
3.2899
4.0306
2.8621
3.9840
3.8841
3.8856
3.8837
5.6426
5.7513
3.6141
3.7465
3.7368
3.7498
2.5353
2.6956
2.7116
2.7237
2.7400
2.6186
2.7183
2.7154
2.7248
2.7290
3.4799
2.7721
2.7341
2.7295
2.7400
2.7333
3.0284
2.7483
2.7203
2.7353
2.6273
2.7662
2.8129
2.8111
2.7589
2.8432
2.7957
2.8127
2.7939
2.7212
3.7720
3.8750
3.8089
3.8193
3.8422
3.8498
3.3288
3.1363
3.4895
3.3947
3.2957
3.8686
3.8811
3.8229
3.7777
4.8955
4.9509
4.9340
4.8410
3.7570
4.7917
3.8707
3.3239
3.2364
3.2184
3.5658
3.7346
3.2806
3.1853
3.6465
3.1756
3.2203
3.8735
3.8586
3.8781
3.8442
3.8596
3.8594
3.8758
3.8781
3.8749
3.8605
3.8551
3.8642
3.8619
3.8656
3.8538
3.8592
3.8612
3.8598
3.8772
3.8801
3.8794
3.8813
3.8703
3.8704
3.2286
3.3803
3.8652
3.8277
3.8725
3.8588
3.8665
3.8578
3.8627
3.8674
3.8715
3.8586
3.0725
3.0746
3.8664
3.8588
3.8751
3.8654
3.8669
3.8623
3.8743
3.8552
3.8563
3.4005
3.4540
3.8602
3.8355
3.7747
3.8546
3.8322
3.8267
3.8481
4.1989
3.8600
3.8318
3.8500
4.1840
3.8579
3.8647
3.4811
3.4598
3.8509
3.8680
3.8653
3.8555
3.8703
2.9915
3.7578
3.8623
3.8686
3.8606
3.8669
3.8599
3.8595
3.8905
3.8476
3.8778
3.8746
3.8719
3.8730
3.8670
3.2927
3.2764
3.8647
3.8694
3.8270
3.8662
3.8655
3.4111
3.3448
3.8705
3.8646
3.8625
3.8679
3.8636
3.8610
3.6978
3.6115
3.6997
3.9167
3.7936
3.7810
3.7453
3.8503
3.6545
3.7363
3.8136
3.7720
3.8476
3.4239
3.8670
3.8771
3.8436
3.8671
4.2340
3.7831
3.6034
18.5073
4.2476
3.7768
3.5849
3.8769
3.5723
4.6475
3.7248
4.1087
3.5764
3.6702
3.7650
3.9315
3.5737
4.7150
4.3995
4.1558
3.5706
4.9565
3.7801
4.1789
4.4488
3.6191
4.2247
3.8358
3.4675
3.3721
3.8813
3.8541
3.8545
3.8768
3.8750
3.8721
4.1769
7.6687
4.0178
4.1613
7.4356
4.1594
11.6665
4.0274
7.5996
3.9809
4.3101
7.4422
4.1555
3.8586
3.8628
3.7535
4.7754
3.7672
3.7632
4.8053
3.7647
3.6912
3.3471
2.8721
3.6945
3.6785
3.3565
3.2145
3.2006
3.1579
3.8286
3.2378
3.0757
3.1980
3.3226
3.0963
3.7803
3.5451
3.5074
3.6517
3.7582
3.3955
3.2206
3.4838
3.3333
3.7415
3.6870
3.3557
3.5777
3.4314
3.1957
3.8705
3.8579
3.8112
3.8733
3.8541
3.8787
3.8635
3.8705
3.8814
3.8461
3.8044
3.8645
3.8675
3.8623
3.8684
3.8561
3.8746
3.8799
3.8777
3.8768
3.8707
3.8666
3.8786
3.8519
3.8752
3.8701
3.8328
3.8810
3.8731
3.8309
3.6885
3.2482
3.0425
3.8635
3.8738
3.8813
3.8369
3.8455
3.8605
3.8663
3.8628
3.8742
3.8780
3.8765
3.8501
3.8570
3.0515
3.1811
3.8718
3.8562
3.8763
3.8745
3.8701
3.8585
3.8787
3.8746
3.2570
3.1406
3.1379
3.1909
3.2455
3.8748
3.8704
3.8658
3.8604
3.8191
3.8844
3.8737
3.8779
3.8710
3.8513
4.1785
3.8724
3.8878
3.8859
3.8880
3.8581
3.8545
3.8852
3.8840
3.8840
3.8272
3.2025
3.8606
3.8692
3.8854
3.8745
3.8847
3.8532
3.8855
3.8821
3.8484
3.8715
3.1557
3.3925
3.8564
3.8766
3.8690
3.8755
3.8831
3.4476
3.4793
3.8679
3.8639
3.8648
3.8681
3.8656
3.8626
3.8099
3.2797
3.2730
3.8675
3.8648
3.6261
3.8696
3.8572
3.7263
3.7535
3.5439
4.4186
3.8862
3.8665
3.8927
3.8880
3.8699
3.0475
3.0250
3.8715
3.8770
3.8598
3.8698
3.8686
3.8779
3.8591
3.8674
3.8681
3.8690
3.8657
3.8653
3.8615
3.8750
3.2549
3.6609
3.5509
3.0885
3.6108
3.5721
3.8840
3.8706
3.8724
3.8771
3.8426
3.8190
3.7672
3.7520
4.8114
4.9227
4.8385
4.9378
3.7619
3.7538
4.8042
4.9237
4.8236
3.0396
3.3669
3.5381
3.3207
3.2496
3.3891
3.1320
3.7194
3.3743
3.5496
3.2297
3.7121
3.8681
3.8592
3.8472
3.8769
3.8711
3.8504
3.8530
3.8714
3.8712
3.8555
3.8535
3.8588
3.8492
3.8763
3.8690
3.8539
3.8523
3.8628
3.8706
3.8719
3.8673
3.4918
3.3583
3.3577
3.4710
3.7203
3.0030
4.0766
3.4267
3.4495
3.4717
3.5705
2.9991
3.8635
3.8625
3.8671
3.8521
3.8543
3.8580
3.8752
3.8379
3.8518
3.8688
3.8731
3.8742
3.8729
3.7874
3.8560
3.8618
3.8774
3.8531
3.8531
5.1711
5.2303
3.4266
3.8471
3.8507
3.8657
3.8627
3.8835
