5.053
4.704
5.362
4.605
5.219
8.602
4.488
4.827
4.825
4.780
4.330
5.300
4.912
5.128
4.879
5.014
4.668
5.786
4.824
5.128
5.003
4.640
5.720
6.309
4.642
4.882
5.017
4.470
4.730
5.199
4.970
4.708
5.059
4.486
6.659
5.589
4.900
4.976
4.779
4.912
6.488
5.481
5.286
4.940
4.699
4.381
4.607
8.679
4.992
4.863
5.047
4.731
4.904
5.709
4.853
5.154
5.416
4.812
4.443
4.681
5.050
5.311
4.856
4.952
4.599
4.611
4.321
4.879
4.916
4.645
4.747
4.885
4.420
5.552
6.694
4.725
4.844
5.416
4.923
6.711
4.868
4.881
4.689
5.537
4.898
4.508
5.055
4.456
4.563
4.635
4.890
4.988
5.105
4.876
5.040
4.650
4.739
5.047
4.936
4.865
4.753
5.746
4.914
5.039
4.727
4.587
4.652
5.494
4.950
4.549
4.980
4.998
5.600
4.476
4.402
4.156
4.751
4.886
6.124
4.925
4.856
5.351
4.527
5.223
4.811
4.828
4.910
4.546
4.897
4.758
4.367
4.624
4.983
3.925
5.253
5.693
4.694
4.232
4.762
5.519
4.864
5.455
4.655
4.651
5.220
3.844
4.946
5.504
4.879
4.953
4.799
4.188
4.236
5.980
4.924
4.867
4.995
4.927
4.227
4.906
4.433
4.706
4.789
5.002
4.820
5.188
4.658
4.653
4.222
4.872
5.079
5.426
4.631
4.902
5.085
4.935
4.221
4.538
4.832
4.896
4.004
4.832
4.606
4.619
4.886
4.725
4.905
4.945
4.755
4.369
4.598
4.708
4.766
5.074
4.377
4.431
4.858
4.582
5.058
4.768
5.362
4.481
4.682
4.484
4.885
4.860
4.623
4.393
4.195
4.550
4.073
4.919
4.517
4.637
4.337
4.592
5.360
4.880
4.901
4.753
4.507
4.732
4.572
4.863
5.291
4.865
4.408
4.662
5.346
4.946
5.040
4.604
4.758
4.709
4.295
4.962
4.760
4.800
4.996
4.775
4.446
4.907
4.515
4.899
4.838
4.546
4.695
4.588
5.067
4.504
4.307
4.694
4.329
5.317
4.841
4.578
4.534
4.625
5.099
4.751
5.350
4.659
4.476
4.754
4.852
4.455
4.110
4.873
4.453
4.695
5.448
4.652
4.846
4.560
4.694
4.705
4.431
4.670
4.576
4.952
4.975
4.618
4.531
4.886
5.494
4.795
4.938
4.629
5.046
4.933
4.576
4.620
4.794
4.474
4.506
4.888
4.843
4.602
4.890
4.834
5.075
4.874
4.575
5.013
4.904
4.657
4.148
4.859
5.856
4.606
4.883
4.720
4.832
4.909
4.100
4.978
4.804
4.618
3.866
4.866
4.971
4.580
4.871
4.621
4.719
5.019
4.706
4.634
4.783
4.792
4.810
4.852
4.645
4.980
4.874
4.929
3.696
4.845
5.166
4.799
4.799
4.591
5.668
4.943
5.049
4.792
5.009
4.639
4.389
4.805
4.945
4.678
5.038
4.613
5.013
4.970
4.698
4.873
4.979
4.517
4.461
4.919
5.181
4.830
4.859
4.694
6.145
4.862
4.658
4.758
4.569
4.537
4.798
4.645
4.667
4.969
5.288
4.801
4.200
4.697
4.784
4.991
4.756
4.573
4.895
4.488
4.867
4.724
4.464
4.796
4.239
4.750
4.747
5.160
4.804
4.748
4.962
5.353
4.708
4.857
4.659
4.587
4.413
4.575
5.022
5.078
4.939
4.817
5.562
4.765
4.912
4.836
4.674
4.749
4.470
4.813
4.733
5.294
5.195
4.768
4.556
4.835
4.721
4.861
4.903
4.732
4.988
4.854
4.898
4.895
4.545
4.566
4.579
4.724
4.638
4.729
4.581
4.767
4.800
4.785
4.509
4.855
4.576
4.679
4.450
4.792
5.293
4.771
5.004
4.502
4.409
4.859
5.126
4.799
4.727
4.425
4.767
4.836
5.182
4.927
4.572
4.669
5.221
4.786
4.754
4.889
4.786
4.653
4.727
4.716
4.645
4.703
4.692
4.565
5.067
4.833
5.396
4.847
4.724
4.709
4.729
4.675
4.325
4.879
4.693
4.809
5.587
4.887
4.985
4.652
4.849
4.594
5.715
4.849
4.541
5.040
4.493
4.654
5.084
4.752
4.663
4.740
4.849
4.655
4.730
5.082
4.852
4.986
5.119
4.754
4.640
5.129
5.334
5.154
4.811
4.683
4.455
5.095
4.345
4.935
4.214
4.616
5.155
5.109
4.598
5.028
4.828
4.715
4.907
5.487
4.833
4.773
4.727
4.556
4.945
5.374
4.963
4.878
4.655
4.779
5.539
5.491
4.832
4.731
4.698
4.603
4.835
5.374
4.879
4.819
5.201
4.768
4.474
4.676
5.718
4.665
7.547
4.511
4.115
4.741
4.383
4.792
4.987
4.555
4.972
4.691
4.899
4.733
7.121
4.968
4.273
4.913
4.404
4.701
6.520
4.903
5.439
4.821
5.557
4.743
4.745
4.684
4.393
4.805
4.521
4.762
4.746
4.587
4.822
4.866
5.000
4.776
4.790
4.736
4.669
4.712
4.609
4.775
4.753
4.596
5.256
4.772
4.713
4.576
4.798
4.660
4.788
4.782
4.595
4.491
4.872
4.842
5.169
4.770
5.000
4.434
4.849
4.824
5.026
4.735
4.820
4.056
4.745
4.749
5.092
4.449
4.640
4.217
4.476
4.710
4.471
10.704
3.835
4.619
4.510
4.615
4.591
4.239
4.492
4.975
4.415
4.804
5.192
10.218
4.845
4.950
4.635
4.773
4.578
4.921
4.917
6.155
4.625
5.044
4.889
4.688
5.039
4.935
4.715
4.733
5.090
10.091
4.568
6.708
5.233
4.661
4.691
10.493
5.146
5.138
6.029
4.538
4.637
10.195
5.292
4.409
4.690
4.758
4.241
4.872
4.611
6.899
5.707
5.038
4.628
10.542
4.762
4.664
5.395
4.719
4.514
10.608
4.556
5.047
5.357
4.673
4.585
4.987
4.953
4.846
5.436
4.851
4.468
4.866
5.398
5.069
5.364
4.627
4.974
4.960
5.032
4.708
4.753
5.036
4.536
4.840
4.658
4.910
4.719
4.995
4.922
4.699
4.750
4.400
4.672
4.757
4.706
4.637
5.005
4.765
4.742
4.711
4.947
4.656
4.931
4.764
4.563
4.509
4.345
4.638
4.758
4.788
4.680
4.769
4.982
4.749
4.577
4.573
4.685
4.465
4.761
4.636
4.613
4.764
4.902
4.845
4.716
4.156
7.422
5.115
4.892
4.807
4.571
4.403
4.878
4.543
4.815
4.536
5.014
4.607
4.550
4.671
4.381
7.297
4.798
4.554
4.613
4.629
4.418
4.790
4.708
4.719
4.225
7.319
5.107
4.527
4.728
5.074
5.156
5.131
4.605
4.628
4.658
5.196
4.510
4.633
4.690
4.757
4.851
4.854
4.539
4.897
5.257
4.909
4.689
5.317
4.853
3.798
5.131
4.877
5.271
4.574
4.873
4.542
4.383
4.561
4.640
4.514
4.802
5.167
5.802
4.721
5.149
5.545
4.362
5.803
4.883
4.208
5.067
4.895
6.686
4.899
4.755
5.140
4.891
5.578
4.807
4.239
4.958
4.871
6.768
4.889
4.404
4.906
4.504
4.968
4.973
6.227
5.357
4.490
4.639
4.610
3.947
4.980
5.262
4.801
4.853
5.581
4.658
4.813
5.296
4.824
4.430
4.998
4.508
5.217
5.062
6.254
4.534
4.682
5.276
4.921
3.795
5.343
4.487
4.826
4.773
5.389
4.651
5.467
4.727
4.847
4.603
5.264
4.508
5.227
4.809
4.781
5.401
5.954
5.231
4.651
4.601
4.927
5.267
5.438
4.796
4.570
4.611
4.799
4.989
4.700
4.841
4.677
5.022
4.664
4.699
4.750
4.705
4.911
5.412
4.655
4.696
4.963
4.895
4.766
4.744
4.740
5.274
4.846
5.286
4.633
4.873
4.893
4.918
5.236
4.804
4.725
5.746
4.969
5.043
4.759
4.883
4.652
5.170
5.006
4.768
4.802
4.860
4.672
4.937
4.763
4.888
4.535
4.959
4.775
4.767
4.919
4.895
4.687
4.815
4.813
4.779
4.932
4.674
5.063
4.818
4.906
5.029
4.894
4.845
4.835
4.599
4.396
4.966
5.159
4.750
4.431
4.779
4.940
5.372
4.771
4.818
5.032
4.990
4.674
4.750
4.856
5.331
4.827
4.878
5.031
4.607
4.225
4.792
4.437
4.752
4.686
4.356
4.817
5.193
4.891
4.741
5.276
4.581
4.801
4.929
4.660
4.104
4.664
5.717
4.900
5.130
5.249
5.097
4.844
4.350
5.277
5.398
4.858
4.549
5.010
4.797
4.893
4.370
4.729
5.245
4.830
5.068
4.831
4.670
4.586
4.783
5.071
4.564
4.339
5.700
5.233
5.463
4.295
5.289
5.471
5.360
4.038
4.346
4.649
4.757
4.694
4.299
5.345
5.848
4.097
4.986
4.666
4.640
4.417
4.780
4.747
5.333
4.179
5.162
4.836
4.660
4.503
5.049
4.102
4.627
4.931
4.438
4.392
4.858
4.459
5.248
4.615
4.658
4.952
5.373
4.523
5.188
4.463
4.620
4.448
4.784
4.509
5.024
4.674
5.115
4.508
5.273
4.419
4.973
4.849
4.658
4.711
4.260
4.778
4.932
4.832
4.630
4.749
5.060
4.832
4.976
4.732
4.923
4.690
5.460
4.408
4.323
4.683
5.015
4.891
4.929
4.826
6.440
5.346
4.729
5.401
5.119
5.343
4.488
5.373
5.637
4.756
4.900
4.833
4.767
4.744
4.955
4.866
4.772
4.712
4.938
4.776
4.854
5.325
4.690
4.581
5.092
4.759
4.573
4.766
4.962
4.796
4.931
4.780
5.018
4.756
5.204
5.386
4.768
5.281
5.383
5.228
5.800
4.185
4.667
5.210
4.688
4.770
4.917
5.033
5.028
4.753
5.756
4.509
5.195
5.844
4.495
5.215
4.978
5.763
4.869
4.651
4.905
5.039
4.512
4.584
5.175
7.395
4.743
4.635
5.815
4.690
5.000
5.009
4.693
5.029
5.060
4.663
5.022
4.792
4.563
5.375
5.735
4.186
5.596
4.721
5.625
4.831
4.845
5.103
4.702
