6.9855
1.9653
2.0350
1.9672
2.0233
1.9805
1.9894
2.0038
2.0029
1.9737
2.0080
2.0044
1.9928
2.0170
2.0142
1.9893
1.9919
2.0035
1.9666
2.0219
1.9901
2.0122
1.9964
1.9818
1.9975
1.9713
2.0424
2.0202
1.9868
1.9880
1.9843
1.9885
2.0186
1.9823
1.9717
1.9898
1.9729
1.9773
2.0168
1.9774
1.9889
2.0187
1.9760
1.9943
2.0923
1.9680
2.0036
1.9858
2.0005
1.9994
2.0307
1.9978
1.9921
2.0057
5.5721
2.0537
1.9929
1.9825
2.0103
1.9837
2.0419
1.9800
2.0073
5.1223
2.0010
1.9814
1.9809
2.0104
1.9907
2.0048
1.9733
1.9881
1.9605
1.9700
1.9697
2.0247
1.9981
2.0683
2.0285
2.0033
1.9967
2.0268
2.0472
2.0052
2.0040
6.3294
10.0620
6.3743
10.6066
1.9982
2.0095
1.9976
1.9710
2.0422
2.0149
2.0219
1.9894
2.0612
1.9967
1.9927
2.0076
2.0028
1.9923
2.0078
2.0154
1.9941
2.0036
1.9953
2.0024
1.9758
1.9919
2.0209
1.9964
2.0206
2.0076
1.9926
2.0548
2.0055
2.0105
2.0084
1.9991
2.0093
2.0647
2.0127
1.9972
1.9912
2.0109
2.0094
1.9956
1.9459
2.0027
2.0405
2.0128
2.0451
2.0204
1.9829
2.0155
1.9840
3.5863
3.4341
4.6011
3.4591
2.6759
7.6106
1.9756
2.0838
3.5661
3.7484
2.8092
2.4047
2.2259
2.1945
2.3713
2.5246
2.3489
2.2509
2.3622
2.1257
2.1291
2.0128
2.1077
2.3156
2.1109
2.0598
2.6239
2.9641
2.7369
2.0785
2.0664
2.0179
1.9980
2.0091
2.0648
1.9966
1.9865
2.0619
1.9996
1.9500
1.9901
1.9934
1.9953
2.0317
1.9870
2.0584
2.0103
2.0850
2.0162
2.0008
1.9727
2.0106
1.9773
1.9363
1.9965
2.0316
1.9807
3.5793
3.6247
3.5458
2.0261
2.0875
2.0486
1.9765
1.9787
2.0081
2.0027
2.0273
2.0047
1.9837
2.0104
1.9828
1.9940
2.0011
2.0337
2.0096
2.0167
1.9883
2.0044
1.9890
1.9646
1.9690
1.9738
1.9614
2.0442
2.0235
2.0344
2.0138
2.0700
2.0265
1.9684
2.0150
2.0044
1.9861
1.9803
2.0137
1.9831
2.0148
2.0982
1.9975
1.9520
2.0761
2.0888
2.0325
1.9992
2.8151
2.9653
2.0178
2.0542
1.9806
2.0141
2.0123
1.9845
1.9572
1.9800
1.9848
1.9732
1.9818
10.5560
23.8718
16.9783
4.5307
10.2616
30.4296
23.6603
33.9953
17.3558
4.5007
2.5486
2.4614
2.4332
2.1851
2.2992
3.3865
3.8108
2.3708
2.5775
3.9584
2.9359
2.7996
2.6463
2.5986
2.7680
4.7273
2.8244
2.0526
2.0303
2.2728
2.1555
3.4724
3.8301
3.5763
2.0486
2.0116
1.9733
2.0105
1.9945
1.9945
1.9991
1.9968
1.9980
2.0074
1.9900
2.0113
1.9887
1.9888
2.0161
2.6226
1.9844
2.0207
1.9665
1.9883
18.1677
2.0185
2.0162
1.9778
2.4513
1.9794
2.0080
5.6998
4.7868
1.9966
1.9955
2.0214
2.0226
2.0186
2.0580
3.5744
1.9556
2.0368
2.2941
2.0938
1.9691
2.0010
2.0014
2.0428
2.0001
2.0052
1.9429
1.9849
1.9729
2.0816
1.9431
1.9850
1.9975
2.0405
2.0147
2.1519
2.0177
2.0148
1.9851
1.9994
2.0522
1.9993
2.0107
1.9997
1.9825
1.9767
1.9947
2.0071
2.0295
1.9603
1.9765
1.9671
2.0171
2.0031
2.0205
2.0332
2.0060
1.9745
2.0035
2.0352
2.0341
1.9964
2.0460
2.0258
1.9981
1.9702
1.9850
1.9854
1.9741
2.1423
2.8114
1.9816
2.0322
2.0962
2.0131
1.9210
1.9685
2.0780
2.0839
1.9900
2.1109
1.9792
2.0230
2.0339
1.9841
2.0252
1.9876
1.9615
2.0403
1.9856
1.9944
2.0297
2.0215
1.9812
1.9871
2.0163
1.9883
1.9956
2.0037
1.9724
2.0706
2.2567
3.5724
2.0697
2.5933
2.7764
3.6767
2.2916
2.5481
3.2864
2.3037
2.8444
3.3199
3.1679
2.5252
3.2869
2.2962
2.0967
2.7443
2.7983
3.0383
2.4775
2.3801
2.7761
2.6179
2.4008
2.5043
1.9563
2.0235
1.9955
1.9800
2.0061
1.9901
2.0396
2.0231
1.9909
2.0050
1.9828
1.9925
1.9885
2.0076
1.9832
1.9881
2.0217
1.9850
2.0938
2.0297
2.0203
2.0256
2.0467
2.0298
2.0304
2.0599
2.0042
1.9912
1.9873
1.9824
2.0346
2.0232
2.0032
2.0104
2.0510
2.0458
2.0073
2.0371
2.0405
2.0340
2.0305
2.0238
2.0305
2.0247
1.9883
1.9977
2.0514
2.0177
2.0110
1.9795
2.0173
1.9616
1.9870
2.0190
2.0150
1.9651
2.0221
1.9996
1.9768
1.9890
2.0001
2.0013
1.9962
2.0210
2.0547
1.9944
1.9907
2.0014
2.0062
2.0105
1.9969
2.0163
2.0154
2.0499
2.0129
2.0288
1.9858
