3.8074
3.8028
3.7895
3.7999
3.7801
3.8557
3.7845
3.8055
3.7877
3.8012
3.7922
3.8143
3.8006
3.8085
3.7982
3.8069
3.8002
3.7341
3.7995
3.8093
3.7937
3.8019
3.8333
3.7577
3.7864
3.8059
3.8061
3.7920
3.8030
3.7957
3.8025
3.8028
3.8073
3.7831
3.8285
3.7779
3.8004
3.7921
3.7887
3.8043
3.7503
3.8442
3.8061
3.7883
3.7981
3.7847
3.7855
3.8535
3.8085
3.7996
3.8074
3.7964
3.7862
3.7669
3.7993
3.7923
3.8022
3.7925
3.8037
3.7704
3.7873
3.8227
3.7929
3.7903
3.7880
3.7892
3.7943
3.8161
3.7963
3.7859
3.8044
3.7960
3.7951
3.7994
3.7481
3.7844
3.8077
3.8133
3.8104
3.7947
3.7960
3.7992
3.7944
3.8293
3.8001
3.7966
3.8046
3.7895
3.7807
3.7907
3.8010
3.7874
3.8056
3.8019
3.7964
3.7725
3.7916
3.8149
3.8001
3.7997
3.7969
3.7993
3.8093
3.8185
3.8044
3.7935
3.7940
3.8241
3.8057
3.7953
3.7920
3.8051
3.7702
3.7872
3.7904
3.7726
3.7942
3.7962
3.7817
3.7993
3.7891
3.7866
3.7886
3.7993
3.7948
3.7821
3.8020
3.7897
3.7944
3.7990
3.7803
3.7858
3.8054
3.7682
3.8048
3.8256
3.7998
3.7916
3.7995
3.7939
3.7972
3.8432
3.7934
3.7770
3.8012
3.7646
3.8017
3.8502
3.7967
3.8075
3.7968
3.7758
3.7786
3.8167
3.8028
3.8042
3.8040
3.7997
3.7720
3.8194
3.7903
3.7953
3.8089
3.8106
3.7898
3.8335
3.7977
3.7945
3.7790
3.8030
3.7801
3.8426
3.7945
3.7913
3.7916
3.8050
3.7737
3.7928
3.7969
3.7931
3.7734
3.8089
3.7868
3.7902
3.8057
3.7912
3.7770
3.8063
3.7909
3.7756
3.7931
3.7895
3.7893
3.8085
3.7851
3.7802
3.7954
3.7896
3.8006
3.8050
3.7893
3.7792
3.7914
3.7893
3.8128
3.8075
3.7854
3.7811
3.7738
3.7916
3.7721
3.8057
3.7898
3.7893
3.7728
3.7862
3.7819
3.8103
3.8078
3.7990
3.7873
3.7946
3.7922
3.8053
3.7936
3.7985
3.7775
3.7850
3.8175
3.8027
3.7835
3.7988
3.7838
3.7888
3.7740
3.7947
3.7953
3.8032
3.7914
3.8016
3.7838
3.7863
3.7974
3.8057
3.7930
3.7917
3.7925
3.7746
3.7843
3.7914
3.7757
3.7888
3.7753
3.7996
3.7871
3.7969
3.7780
3.7874
3.7811
3.7944
3.7850
3.7964
3.7878
3.7912
3.7916
3.7889
3.7731
3.8024
3.7805
3.7866
3.7798
3.7955
3.7691
3.7970
3.7877
3.7942
3.7911
3.7956
3.7770
3.7933
3.8006
3.7940
3.7954
3.7979
3.7668
3.7906
3.8061
3.7879
3.7873
3.8007
3.7847
3.7877
3.8055
3.7847
3.7977
3.8051
3.7930
3.7786
3.8055
3.7920
3.8104
3.8083
3.7796
3.7905
3.8071
3.7913
3.7779
3.8041
3.7795
3.7870
3.8061
3.8002
3.7927
3.8054
3.7686
3.7928
3.8016
3.7938
3.7669
3.8038
3.8091
3.7829
3.8043
3.7862
3.7731
3.8076
3.8008
3.7960
3.8028
3.7912
3.7950
3.8024
3.7945
3.8025
3.8057
3.8037
3.7621
3.8067
3.7990
3.7982
3.8060
3.7877
3.7799
3.8054
3.8052
3.7967
3.8051
3.7873
3.7776
3.8019
3.7959
3.7953
3.8010
3.7887
3.7782
3.8077
3.7995
3.8022
3.7917
3.7881
3.7922
3.7979
3.7994
3.7988
3.7843
3.7930
3.8544
3.7998
3.7863
3.8000
3.7736
3.7902
3.7932
3.7948
3.7824
3.7842
3.8020
3.7952
3.7770
3.7967
3.7879
3.7838
3.7965
3.7828
3.7951
3.7873
3.7982
3.7884
3.7865
3.8027
3.7698
3.7935
3.8004
3.7899
3.7949
3.7950
3.7774
3.8019
3.7983
3.7863
3.7958
3.7918
3.7886
3.7752
3.7988
3.7866
3.7957
3.7902
3.7808
3.7902
3.8017
3.7877
3.7973
3.7881
3.7965
3.7906
3.7991
3.7888
3.7977
3.7994
3.7913
3.8019
3.7910
3.8051
3.7997
3.7969
3.7814
3.8033
3.7853
3.8096
3.7886
3.7954
3.7929
3.7989
3.7860
3.7963
3.7996
3.7921
3.7979
3.8037
3.7846
3.8030
3.7978
3.7895
3.7869
3.8019
3.8012
3.7992
3.8058
3.7874
3.7742
3.8045
3.8096
3.7980
3.7943
3.7834
3.8089
3.8013
3.8039
3.7952
3.7896
3.7942
3.8067
3.8035
3.7956
3.7942
3.7992
3.7911
3.8015
3.8070
3.7790
3.7918
3.7849
3.7825
3.8037
3.7974
3.7954
3.7942
3.7805
3.7914
3.8004
3.8036
3.7851
3.7905
3.7900
3.8023
3.7996
3.7982
3.7890
3.7943
3.7734
3.7945
3.8032
3.8061
3.7870
3.8071
3.7815
3.7847
3.8028
3.8032
3.7881
3.8002
3.7853
3.7916
3.7920
3.8207
3.7998
3.7934
3.7914
3.7934
3.8006
3.8187
3.7953
3.7908
3.7929
3.7935
3.7828
3.8201
3.7809
3.7914
3.7714
3.7894
3.8082
3.8211
3.7838
3.7952
3.7868
3.7935
3.7819
3.8255
3.7768
3.8028
3.7775
3.7910
3.8089
3.8244
3.8024
3.8017
3.7833
3.7918
3.8194
3.8238
3.7833
3.7988
3.7784
3.7886
3.8007
3.8234
3.7886
3.8025
3.7995
3.7934
3.7888
3.8370
3.7863
3.8012
3.7895
3.7873
3.7796
3.8350
3.7773
3.7959
3.7954
3.7879
3.8082
3.8392
3.7654
3.8020
3.7771
3.8085
3.7830
3.8354
3.7792
3.7970
3.8058
3.7967
3.8051
3.7894
3.7659
3.7976
3.8040
3.7844
3.7870
3.7945
3.7901
3.8037
3.7991
3.7863
3.8003
3.7915
3.7913
3.8014
3.8055
3.7959
3.8002
3.7996
3.7933
3.8020
3.7935
3.7927
3.8054
3.8026
3.7890
3.7940
3.7982
3.7954
3.8022
3.8049
3.7845
3.7832
3.8036
3.8018
3.7990
3.8013
3.7858
3.7828
3.8005
3.7992
3.8035
3.8009
3.7860
3.7684
3.8050
3.7823
3.8026
3.8023
3.7849
3.7717
3.7812
3.7976
3.7935
3.8018
3.7608
3.7994
3.7846
3.7936
3.7870
3.8024
3.7799
3.8149
3.7813
3.8019
3.8088
3.7954
3.7999
3.8139
3.7839
3.7917
3.7822
3.7990
3.8072
3.8008
3.7881
3.7931
3.8104
3.9590
3.8095
3.8138
3.7877
3.8003
3.8186
3.7823
3.7943
3.7891
3.8364
3.7939
3.8016
3.8309
3.8074
3.8131
3.7904
3.7935
3.7929
3.8096
3.7910
3.7900
3.8514
3.7960
3.7829
3.8070
3.8002
3.7772
3.7998
3.7899
3.7968
3.8194
3.7749
3.7929
3.8367
3.7964
3.7899
3.9195
3.7883
3.8102
3.8364
3.7965
3.7958
3.8380
3.7952
3.7967
3.8391
3.8021
3.7913
3.8164
3.7981
3.8111
3.8361
3.7932
3.8093
3.8959
3.8114
3.7876
3.8407
3.7955
3.7861
3.9401
3.8005
3.7968
3.8359
3.7962
3.8001
3.8087
3.7951
3.7794
3.8394
3.7970
3.7999
3.8054
3.7851
3.8026
3.8364
3.7980
3.8112
3.8012
3.8018
3.8027
3.7955
3.7877
3.7833
3.7908
3.7952
3.7949
3.7951
3.7900
3.7951
3.8040
3.7832
3.7921
3.7803
3.7860
3.7978
3.7917
3.8020
3.7858
3.8036
3.8054
3.8005
3.7794
3.7824
3.8027
3.7986
3.7927
3.7900
3.7942
3.7884
3.8011
3.7944
3.7937
3.7793
3.7982
3.7947
3.7931
3.7829
3.7945
3.8013
3.8020
3.7948
3.7925
3.8033
3.8015
3.8019
3.7914
3.7794
3.7860
3.7996
3.7966
3.7902
3.7953
3.7941
3.7862
3.7934
3.7921
3.7780
3.7998
3.7852
3.7944
3.7979
3.7948
3.7774
3.7810
3.7930
3.8007
3.8180
3.7982
3.7844
3.7941
3.7953
3.7560
3.8166
3.7901
3.7940
3.7836
3.7972
3.8104
3.7858
3.7977
3.7922
3.7916
3.7893
3.7955
3.7911
3.8015
3.8185
3.8048
3.7802
3.8270
3.7915
3.7684
3.8015
3.7835
3.7997
3.7952
3.7990
3.7884
3.8010
3.8002
3.8055
3.7805
3.8020
3.7910
3.7823
3.8059
3.7867
3.7860
3.7827
3.7871
3.8077
3.7880
3.8094
3.7909
3.7764
3.7886
3.7674
3.7971
3.7655
3.7896
3.8065
3.8087
3.7941
3.7915
3.7709
3.8066
3.7916
3.7935
3.7919
3.7946
3.8056
3.7932
3.7982
3.7824
3.7775
3.7990
3.7623
3.8049
3.7791
3.7983
3.7974
3.8090
3.7943
3.7691
3.7861
3.7823
3.8000
3.7998
3.7762
3.8026
3.7971
3.7952
3.7866
3.7782
3.8011
3.7968
3.8003
3.7923
3.7829
3.7878
3.8015
3.7921
3.7939
3.7870
3.7985
3.7944
3.7986
3.8093
3.8009
3.8008
3.7864
3.8045
3.7948
3.7746
3.8010
3.7859
3.7980
3.7941
3.7888
3.7856
3.7885
3.8062
3.8023
3.7854
3.8012
3.7887
3.7937
3.7967
3.7982
3.7868
3.7965
3.7881
3.7992
3.8051
3.7911
3.7869
3.7893
3.7889
3.8032
3.7860
3.7945
3.8056
3.7964
3.8015
3.7876
3.7896
3.8024
3.7918
3.7928
3.8050
3.7899
3.8036
3.7802
3.7958
3.7985
3.7967
3.7964
3.7674
3.7974
3.8018
3.7923
3.7954
3.7793
3.7985
3.7971
3.7907
3.7854
3.7942
3.8023
3.7996
3.7913
3.7786
3.7778
3.8038
3.7920
3.7940
3.8057
3.7900
3.7991
3.7886
3.7931
3.8083
3.7851
3.7956
3.7926
3.8024
3.7846
3.7883
3.7827
3.8055
3.8027
3.7877
3.7937
3.7990
3.8037
3.8062
3.7956
3.7980
3.7829
3.7822
3.8095
3.7934
3.7934
3.7999
3.7840
3.8058
3.7766
3.7907
3.7829
3.8069
3.7799
3.8012
3.7909
3.7937
3.7965
3.8055
3.7854
3.7932
3.7738
3.7998
3.7768
3.7939
3.7916
3.7925
3.7971
3.7964
3.7852
3.8060
3.7879
3.7874
3.7960
3.8023
3.7781
3.7854
3.7729
3.7818
3.7926
3.7750
3.7795
3.8036
3.7917
3.7903
3.7939
3.7721
3.7905
3.7730
3.7747
3.7926
3.7900
3.7931
3.7711
3.7994
3.7729
3.7735
3.7681
3.7912
3.7685
3.7871
3.7711
3.7946
3.7796
3.7755
3.7918
3.7707
3.7831
3.7814
3.7894
3.7719
3.7874
3.7853
3.7718
3.7818
3.7885
3.7759
3.7733
3.7808
3.7942
3.7914
3.7846
3.7953
3.7928
3.7783
3.7891
3.7885
3.7854
3.8017
3.7685
3.7903
3.7730
3.7793
3.7869
3.7833
3.7933
3.7913
3.7882
3.7889
3.7786
3.7956
3.7982
3.7922
3.7876
3.7919
3.7844
3.7936
3.8040
3.7913
3.8008
3.7947
3.7876
3.7845
3.7763
3.7944
3.7764
3.7858
3.7925
3.7903
3.7629
3.8347
3.8012
3.8359
3.7896
3.8363
3.7862
3.8373
3.7956
3.8000
3.7881
3.8001
3.7985
3.8003
3.8040
3.8037
3.7902
3.8050
3.7940
3.8008
3.8023
3.7991
3.7780
3.7919
3.8141
3.8030
3.7837
3.8001
3.7961
3.8048
3.7982
3.7985
3.8018
3.7963
3.7964
3.8046
3.8041
3.8000
3.7858
3.7982
3.7846
3.7808
3.7887
3.8197
3.7976
3.8018
3.7965
3.7968
3.7856
3.7885
3.7723
3.7808
3.7804
3.7923
3.7850
3.7926
3.7875
3.8092
3.7689
3.7939
3.7855
3.8021
3.7838
3.7896
3.7777
3.7988
3.7535
3.8031
3.7739
3.8117
3.7919
3.7976
3.8108
3.7902
3.8015
3.7963
3.7829
3.7771
3.7997
3.7894
3.7853
3.7807
3.7785
3.7673
3.7909
3.7716
3.7888
3.7914
3.7842
3.7985
