3.7303
3.6411
3.7049
3.7071
3.6846
3.8119
3.7230
3.6364
3.7018
3.6497
3.8391
3.9418
3.7257
3.7781
3.7404
3.7381
3.8635
3.6695
3.7923
3.7315
3.7646
3.7644
3.8306
3.8094
3.7647
3.7253
3.7459
3.7146
3.6399
3.8219
3.7599
3.6991
3.6706
3.7359
3.8285
3.6780
3.7092
3.7126
3.7206
3.7383
3.7887
3.7759
3.7446
3.8311
3.7064
3.7944
3.7926
3.7913
3.7472
3.7686
3.6655
3.7734
3.7701
3.8452
3.7858
3.7618
3.6958
3.8246
3.7894
3.8315
3.7553
3.7365
3.7359
3.8006
3.8194
3.7985
3.7528
3.8094
3.7878
3.7636
3.7412
3.7576
3.6999
3.7469
3.7518
3.7418
3.7557
3.7796
3.6906
3.7356
3.7555
3.7567
3.7554
3.7811
3.7994
3.6975
3.6921
3.8425
3.7502
3.8591
3.6983
3.7915
3.7328
3.7757
3.7408
3.8155
3.7527
3.8029
3.7814
3.6895
3.7888
3.8049
3.7391
3.7295
3.6964
3.7661
3.7022
3.7616
3.7521
3.7434
3.7253
3.7468
3.7465
3.7341
3.7097
3.7253
3.7384
3.7088
3.6758
3.7229
3.7865
3.6864
3.7777
3.7607
3.7115
3.7984
3.7288
3.7282
3.7263
3.7640
3.7561
3.7710
3.7597
3.7976
3.6853
3.7356
3.7173
3.7655
3.7737
3.6971
3.7060
3.8120
3.6891
3.7338
3.6929
3.6961
3.7281
3.7429
3.7332
3.7517
3.7355
3.7643
3.7012
3.7190
3.6904
3.7069
3.7682
3.6822
3.7431
3.7670
3.7595
3.7609
3.7715
3.7216
3.7603
3.7805
3.7152
3.7724
3.7679
3.7664
3.8336
3.7788
3.7261
3.8009
3.7607
3.6903
3.7686
3.7940
3.6892
3.7518
3.7688
3.7642
3.6926
3.7210
3.7426
3.8238
3.8402
3.6986
3.7706
3.7751
3.7486
3.8853
3.8229
3.7362
3.7846
3.6895
3.7520
3.7434
3.8258
3.7213
3.7364
3.7209
3.6664
3.8064
3.7893
3.7436
3.7800
3.7368
3.7852
3.7799
3.7731
3.7947
3.6636
3.7355
3.7845
3.8232
3.8122
3.8072
3.7626
3.7197
3.6866
3.7274
3.8311
3.7338
3.7838
3.7583
3.7305
3.7923
3.7949
3.7788
3.7130
3.7376
3.7669
3.7900
3.8308
3.7424
3.6927
3.7824
3.7898
3.7932
3.8156
3.7531
3.7854
3.8200
3.7553
3.6659
3.6335
3.6997
3.7256
3.8985
3.7308
3.8360
3.7066
3.6749
3.7823
3.8220
3.7531
3.7313
3.7773
3.7223
3.7794
3.8673
3.6657
3.7702
3.7977
3.7467
3.7730
3.8564
3.7829
3.7097
3.7548
3.7182
3.7558
3.9054
3.7603
3.7475
3.8352
3.7782
3.7502
3.8180
3.6894
3.7679
3.7125
3.7689
3.7082
3.8746
3.7092
3.7433
3.7433
3.7969
3.6830
3.7684
3.7863
3.6664
3.8092
3.7936
3.7579
3.7293
3.7777
3.6752
3.7126
3.7373
3.7579
3.8141
3.7775
3.7482
3.8328
3.7601
3.7997
3.7541
3.7339
3.7813
3.8731
3.7010
3.7128
3.8167
3.7206
3.7330
3.8090
3.7014
3.7667
3.8501
3.7195
3.7383
3.7932
3.7905
3.7375
3.7385
3.6790
3.7266
3.8159
3.7307
3.7628
3.7425
3.7308
3.7749
3.6370
3.6801
3.7427
3.7613
3.7930
3.7989
3.7041
3.7214
3.6646
3.7405
3.7028
3.7491
3.7794
3.7248
3.7556
3.7524
3.6980
3.6768
3.7735
3.7328
3.6866
3.7620
3.7650
3.7117
3.7913
3.7163
3.6797
3.7731
3.6822
3.6880
3.8045
3.6882
3.7319
3.8449
3.7119
3.7024
3.7228
3.7478
3.7692
3.8135
3.7846
3.7973
3.7561
3.7993
3.7309
3.7738
3.6935
3.7695
3.8277
3.8007
3.7539
3.7888
3.7685
3.7595
3.7226
3.7711
3.6838
3.7715
3.6948
3.7380
3.6891
3.7762
3.7814
3.7883
3.7369
3.7412
3.7608
3.7123
3.7414
3.7684
3.7225
3.7665
3.6826
3.7336
3.6854
3.8163
3.7458
3.7621
3.7311
3.7138
3.7704
3.7764
3.7858
3.7342
3.7238
3.6800
3.7474
3.7754
3.8021
3.6794
3.6876
3.7093
3.7591
3.7428
3.7419
3.7971
3.7844
3.7351
3.7464
3.7830
3.7713
3.7605
3.6710
3.7321
3.6726
3.7729
3.7420
3.7169
3.7865
3.7591
3.7171
3.7513
3.7359
3.7711
3.6655
3.7532
3.7657
3.7652
3.7031
3.7162
3.8555
3.7988
3.6938
3.7540
3.6850
3.7849
3.6824
3.7938
3.7331
3.7314
3.7082
3.7611
3.6608
3.7416
3.7058
3.6968
3.7442
3.7742
3.8553
3.7139
3.6842
3.7111
3.7176
3.7384
3.6398
3.7349
3.7151
3.7449
3.7781
3.7672
3.7796
3.7051
3.6607
3.7697
3.7675
3.7393
3.7752
3.7639
3.7770
3.7250
3.7984
3.7168
3.6786
3.6885
3.7641
3.7756
3.7979
3.7349
3.6965
3.7745
3.7470
3.7755
3.7619
3.7218
3.8673
3.7397
3.7546
3.6603
3.7338
3.7073
3.6845
3.7200
3.7851
3.7101
3.7510
3.6863
3.7986
3.7218
3.6910
3.7152
3.7081
3.7125
3.6936
3.7546
3.7718
3.6637
3.7413
3.8085
3.7366
3.7801
3.7693
3.6900
3.7287
3.7448
3.7150
3.7336
3.7695
3.7327
3.7536
3.7701
3.8471
3.7456
3.7626
3.7504
3.6714
3.8026
3.7043
3.7684
3.7610
3.7390
3.7680
3.7444
3.6555
3.7396
3.6922
3.6603
3.7226
3.7204
3.8669
3.7407
3.6849
3.7892
3.7227
3.7107
3.8153
3.7264
3.7638
3.8073
3.7369
3.6773
3.6384
3.7369
3.7749
3.7914
3.7478
3.7968
3.7397
3.7852
3.8042
3.7551
3.6717
3.7594
3.7274
3.7398
3.7073
3.7452
3.7522
3.7454
3.6769
3.7429
3.7679
3.7331
3.7937
3.7668
3.6953
3.7688
3.6992
3.6782
3.7692
3.7518
3.7262
3.7091
3.7642
3.7571
3.7075
3.8031
3.7908
3.7311
3.6832
3.7984
3.6972
3.7490
3.7259
3.7290
3.7815
3.7825
3.8044
3.6936
3.8032
3.7370
3.7456
3.7884
3.7861
3.7049
3.7393
3.7460
3.7719
3.7398
3.6611
3.6959
3.7591
3.7383
3.7007
3.7344
3.7288
3.7752
3.7522
3.7824
3.7000
3.7130
3.7411
3.7560
3.7840
3.7227
3.7192
3.6866
3.7891
3.7942
3.7710
3.6681
3.7566
3.7457
3.7699
3.7438
3.7514
3.6702
3.6881
3.7017
3.7845
3.7727
3.7765
3.7355
3.7112
3.6821
3.7601
3.7892
3.8212
3.7357
3.6606
3.7476
3.6989
3.7435
3.7964
3.8123
3.7648
3.7835
3.8013
3.7032
3.7682
3.7509
3.7329
3.7972
3.7893
3.7116
3.8077
3.7401
3.7251
3.7768
3.6746
3.6676
3.7377
3.7423
3.7107
3.6638
3.7479
3.7987
3.7730
3.8094
3.6724
3.7570
3.8449
3.7430
3.7716
3.7366
3.7276
3.7391
3.8398
3.7679
3.7487
3.7588
3.7639
3.7525
3.7707
3.7997
3.7446
3.7371
3.7465
3.7803
3.8221
3.7913
3.7486
3.7431
3.6729
3.7918
3.7286
3.7468
3.7584
3.8038
3.7487
3.7814
3.7326
3.6833
3.7739
3.7580
3.6821
3.6724
3.8060
3.7091
3.7947
3.7597
3.7488
3.7475
3.8141
3.7788
3.8119
3.7872
3.7780
3.6722
3.7219
3.7139
3.8378
3.7530
3.6895
3.6877
3.7080
3.6859
3.7674
3.8511
3.6869
3.7391
3.7358
3.7092
3.7700
3.8144
3.7840
3.7315
3.7835
3.7398
3.7682
3.8070
3.7417
3.7837
3.7721
3.7667
3.7735
3.8115
3.6845
3.7863
3.7364
3.7984
3.7765
3.8528
3.7268
3.7410
3.7585
3.7401
3.7467
3.8131
3.7275
3.7425
3.7414
3.6713
3.7850
3.8072
3.7626
3.7836
3.7386
3.7124
3.7710
3.8118
3.7342
3.7755
3.6967
3.7794
3.7255
3.7763
3.7510
3.7171
3.7277
3.7099
3.7534
3.7510
3.7132
3.6936
3.7504
3.6766
3.7400
3.7513
3.7606
3.6736
3.7649
3.7473
3.7425
3.7479
3.7709
3.6847
3.7449
3.7446
3.6815
3.8144
3.7279
3.6991
3.7537
3.7684
3.7111
3.7804
3.7995
3.7775
3.7736
3.7555
3.7127
3.7645
3.6445
3.7300
3.7561
3.8017
3.6864
3.8195
3.7791
3.7120
3.7151
3.7457
3.7087
3.6624
3.7478
3.7036
3.7511
3.6756
3.7702
3.7446
3.7711
3.7542
3.7538
3.7068
3.7329
3.7153
3.6634
3.7784
3.7810
3.7829
3.7586
3.7788
3.6956
3.7477
3.7993
3.7145
3.8126
3.7055
3.7952
3.7457
3.8312
3.7044
3.7322
3.7720
3.7687
3.7387
3.7797
3.7847
3.6941
3.7008
3.7852
3.7567
3.7539
3.7459
3.7086
3.7516
3.7060
3.7671
3.7700
3.7450
3.7192
3.7896
3.7659
3.7441
3.7968
3.7686
3.7370
3.7652
3.7922
3.7582
3.8212
3.7867
3.7198
3.7884
3.7800
3.7594
3.8147
3.7461
3.7440
3.7887
3.7408
3.7630
3.7799
3.6962
3.7594
3.7815
3.7705
3.7650
3.7704
3.7148
3.7450
3.7556
3.7283
3.7142
3.7579
3.6998
3.7465
3.7375
3.7863
3.7594
3.7663
3.7048
3.7588
3.7104
3.7196
3.7507
3.8298
3.7775
3.7502
3.7132
3.6997
3.7556
3.7512
3.7343
3.7396
3.7491
3.7743
3.7123
3.7691
3.7624
3.7202
3.7854
3.7172
3.6970
3.8311
3.6935
3.7213
3.7469
3.7182
3.7333
3.7568
3.7916
3.7537
3.7757
3.7441
3.7867
3.7803
3.7438
3.7663
3.7644
3.7624
3.7535
3.7661
3.6897
3.7301
3.7256
3.7321
3.7545
3.7537
3.7083
3.7458
3.7176
3.7489
3.7847
3.8099
3.6866
3.7587
3.7347
3.6716
3.7716
3.7831
3.7672
3.8068
3.7711
3.7923
3.7477
3.7876
3.7557
3.7751
3.7477
3.7511
3.7454
3.7593
3.7406
3.8167
3.7354
3.6706
3.6830
3.8297
3.7715
3.7465
3.7666
3.7918
3.7375
3.7096
3.7766
3.7657
3.7427
3.7443
3.6917
3.7130
3.6940
3.7940
3.7574
3.7435
3.7318
3.7501
3.7975
3.7233
3.7614
3.7400
3.7253
3.7594
3.7773
3.7213
3.7507
3.6612
3.8009
3.7527
3.7150
3.7793
3.7705
3.7176
3.7317
3.7350
3.6911
3.7259
3.7572
3.7599
3.7798
3.7591
3.7428
3.7226
3.7584
3.6927
3.8330
3.7434
3.6780
3.7761
3.7484
3.6638
3.7304
3.7201
3.7206
3.7360
3.7709
3.6812
3.7292
3.7137
3.7725
3.6978
3.7608
3.7412
3.7438
3.7380
3.7835
3.6927
3.7480
3.6689
3.7611
3.7643
3.7384
3.7566
3.7727
3.7178
3.7556
3.7552
3.7305
3.7439
3.7447
3.7286
3.7446
3.7378
3.7357
3.7546
3.7835
3.7615
3.7652
3.7636
3.7224
3.7503
3.7316
3.6860
3.7485
3.7527
3.7239
3.7422
3.7814
3.7377
3.7351
3.7893
3.7135
3.6355
3.7566
3.7121
3.7110
3.7250
3.6904
3.7665
3.7528
3.8140
3.7069
3.7628
3.7157
3.7113
3.7420
3.7872
3.7641
3.6792
3.7429
3.7320
3.8151
3.7623
3.7545
3.7733
3.7650
3.6270
3.7495
3.7005
3.7286
3.7073
3.7818
3.7626
3.7585
3.6449
3.7673
3.7729
3.7360
3.7143
3.7502
3.7664
3.7683
3.7336
3.7051
3.6802
3.8183
3.7560
3.7572
3.7853
3.6948
3.6766
3.7481
3.7971
3.6803
3.7277
3.6740
3.7365
3.7638
3.7697
3.7948
3.6786
3.7084
3.7829
3.7494
3.7656
3.7185
3.6947
3.7755
3.7785
3.7150
3.7194
3.7330
3.7320
3.8142
3.7535
3.8072
3.7885
3.7292
3.7346
3.7837
3.7316
3.7076
3.7136
3.8254
3.7692
3.7694
3.7851
3.7757
3.7026
3.8672
3.7536
3.7735
3.7911
3.7778
3.7982
3.7317
3.7711
3.7348
3.7609
3.8123
3.7584
3.6800
3.7784
3.6990
3.6752
3.7720
3.7820
3.6804
3.7312
3.6804
3.7551
3.8681
3.7591
3.7931
3.7049
3.6830
3.7399
3.7322
3.7640
3.7867
3.6918
3.7077
3.7245
3.8190
3.6872
3.7576
3.7897
3.7779
3.7455
3.8622
3.7488
3.7380
3.7869
3.8075
3.6933
3.7580
3.7545
3.7814
3.7651
3.7675
3.8174
3.7653
3.8190
3.7807
3.7327
3.7645
3.7663
3.7701
3.7866
3.7447
3.8061
3.7800
3.7339
3.7096
3.6995
3.7360
3.7863
3.7483
3.7186
3.7540
3.7637
3.7461
3.7530
3.7412
3.7482
3.7982
3.7377
3.7861
3.6837
3.6920
3.7575
3.7237
3.7380
3.7319
3.6927
3.7432
3.7867
3.7944
3.6963
3.7309
3.6754
3.6768
3.7607
3.7533
3.7157
3.7650
3.7160
3.7170
3.7417
3.7573
3.7138
3.7484
3.6758
3.7676
3.7896
3.7457
3.6621
3.7222
3.6925
3.8021
3.7560
3.7799
3.6939
3.7649
3.6860
3.7186
3.7650
3.7483
3.7536
3.7564
3.7592
3.7581
3.7675
3.7119
3.6689
3.6977
3.7409
3.7591
3.7491
3.7978
3.6580
3.7573
3.7492
3.7562
3.7584
3.7649
3.7497
3.7510
3.7657
3.7365
3.7841
3.7189
3.7438
3.8118
3.7266
3.6723
3.7693
3.7705
3.7526
3.7899
3.7062
3.6732
3.7656
3.6308
3.7672
3.7567
3.7308
3.6744
3.7565
3.7225
3.6994
3.8063
3.7400
3.7090
3.7452
3.7872
3.7318
3.7825
3.7442
3.7747
3.7433
3.6426
3.7885
3.8123
3.6665
3.8024
3.8107
3.7331
3.6998
3.7687
3.7457
3.7664
3.7326
3.7123
3.7392
3.7627
3.6742
3.7825
3.7284
3.7760
3.7378
3.7489
3.6721
3.8035
3.7983
3.6332
3.7939
3.7551
3.6828
3.7341
3.7410
3.7126
3.7608
3.7494
3.7484
3.7557
3.8020
3.7720
3.6814
3.7762
3.7499
3.7090
3.7550
3.6608
3.7127
3.7671
3.6774
3.7074
3.8011
3.7329
3.7121
3.7628
3.7674
3.7382
3.7394
3.6959
3.7760
3.7459
3.7582
3.7544
3.7717
3.6793
3.7073
3.7548
3.7389
3.7514
3.7730
3.7646
3.6554
3.7466
3.7732
3.7852
3.7716
3.7486
3.7428
3.7615
3.6753
3.7617
3.7627
3.7660
3.7790
3.7573
3.7428
3.7475
3.7464
3.7671
3.7219
3.6885
3.7790
3.7292
3.7649
3.7527
3.7506
3.7239
3.7059
3.7433
3.7675
3.7694
3.6750
3.7512
3.7462
3.7446
3.7696
3.7948
3.7543
3.7962
3.7755
3.7019
3.8081
3.7615
3.7786
3.7565
3.7195
3.6908
3.7517
3.6450
3.6805
3.8034
3.7401
3.7473
3.7711
3.7611
3.6709
3.6954
3.7494
3.7723
3.7668
3.7804
3.7557
3.7597
3.7765
3.7202
3.7049
3.7003
3.7657
3.7682
3.6675
3.7676
3.7008
3.7703
3.7701
3.6749
3.7566
3.7179
3.7669
3.7655
3.6990
3.7715
3.7508
3.7576
3.7390
3.7571
3.7484
3.7540
3.7266
3.8562
3.7034
3.7407
3.7395
3.7373
3.8045
3.6797
3.7131
3.7604
3.7413
3.7662
3.7087
3.6720
3.6719
3.7009
3.7403
3.7514
3.7548
3.7829
3.7519
3.7902
3.7021
3.7899
3.7710
3.7276
3.7703
3.7464
3.7904
3.7635
3.7661
3.7354
3.7302
3.7519
3.7923
3.7583
3.7512
3.7478
3.7646
3.7196
3.7337
3.7525
3.7727
3.7519
3.7651
3.7500
3.7917
3.7480
3.7934
3.7728
3.7676
3.7507
3.7772
3.6651
3.7271
3.7300
3.7369
3.7113
3.6813
3.7423
3.7160
3.7718
3.6988
3.7863
3.7249
3.7040
3.7380
3.7551
3.7091
3.7211
3.6815
3.7275
3.7463
3.6736
3.7547
3.7333
3.7616
3.6947
3.7830
3.7953
3.7639
3.6625
3.7523
3.7280
3.7599
3.7901
3.7402
3.6996
3.6999
3.7873
3.6906
3.7424
3.7115
3.7375
3.7347
3.7809
3.7528
3.7564
3.7507
3.7513
3.7659
3.7879
3.7616
3.6939
3.7654
3.8240
3.7629
3.6932
3.7648
3.7046
3.7086
3.7862
3.7104
3.8076
3.7468
3.7784
3.8047
3.7611
3.7255
3.7296
3.7461
3.7644
3.7435
3.7883
3.7127
3.6540
3.7019
3.7254
3.7419
3.7457
3.7864
3.7695
3.7662
3.7802
3.7320
3.7356
3.7621
3.7456
3.7547
3.7417
3.7705
3.7560
3.7569
3.7492
3.7349
3.7440
3.7627
3.7623
3.7524
3.7367
3.7710
3.7557
3.7636
3.7531
3.7251
3.7466
3.7960
3.7033
3.7647
3.8003
3.7472
3.7112
3.7226
3.7004
3.7102
3.7633
3.7522
3.7928
3.7956
3.7594
3.7487
3.7975
3.7450
3.7341
3.7471
3.7702
3.7283
3.7457
3.7713
3.7390
3.7535
3.7352
3.7532
3.7575
3.7444
3.7604
3.7914
3.7052
3.7160
3.7930
3.7478
3.7301
3.7046
3.7352
3.7590
3.7586
3.7718
3.7625
3.7560
3.7545
3.7065
3.7467
3.7420
3.7506
3.7126
3.7854
3.6914
3.7638
3.7860
3.7279
3.7214
3.7844
3.7110
3.7945
3.7320
3.7252
3.7300
3.7320
3.7034
3.7319
3.7380
3.7600
3.7414
3.7336
3.7675
3.7571
3.7708
3.8299
3.7542
3.7727
3.8337
3.7550
3.7427
3.7097
3.7105
3.7576
3.7734
3.7401
3.7481
3.7664
3.7280
3.7379
3.6846
3.8097
3.7663
3.7410
3.7865
3.7322
3.7150
3.7053
3.7447
3.7583
3.7466
3.7477
3.7623
3.7538
3.7796
3.6769
3.7826
3.6891
3.7772
3.6845
3.7505
3.6887
3.8040
3.7921
3.7981
3.7880
3.7875
3.7546
3.7643
3.6740
3.7904
3.7778
3.7150
3.6756
3.7975
3.6554
3.8607
3.7994
3.7564
3.7974
3.7641
3.7561
3.7774
3.7837
3.7901
3.7758
3.7396
3.7218
3.7203
3.7128
3.7253
3.7190
3.7202
3.7202
3.7104
3.7266
3.7677
3.7162
3.7092
3.7112
3.7134
3.7222
3.7619
3.7104
3.7180
3.7136
3.7489
3.7370
3.7197
3.7161
3.7377
3.7548
3.7250
3.7199
3.7190
3.7485
3.7694
3.7298
3.7827
3.7574
3.8190
3.7748
3.7054
3.6732
3.7695
3.7446
3.6950
3.8025
3.7803
3.8105
3.7685
3.7602
3.7621
3.7549
3.7508
3.7597
3.7478
