3.0357
3.0363
3.0347
3.0399
3.0409
3.0408
3.0318
3.0499
3.0296
3.0303
3.0533
3.0528
3.0292
3.0262
3.0306
3.0331
3.0516
3.0519
3.0414
3.0268
3.0342
3.0369
3.0280
3.0456
3.0353
3.0358
3.0386
3.0295
3.0314
3.0412
3.0351
3.0344
3.0335
3.0356
3.0402
3.0415
3.0213
3.0308
3.0393
3.0264
3.0402
3.0422
3.0247
3.0318
3.0465
2.7473
3.0235
2.9762
3.0332
3.0309
3.0372
2.7293
3.0401
2.8294
3.0326
3.0269
3.0266
2.7357
3.0345
3.0175
3.0303
3.0349
3.0362
2.7411
2.9659
3.0395
3.0373
3.0268
3.0328
2.7283
3.0237
3.0241
3.0319
3.0312
3.0296
2.7605
3.0434
3.0354
3.0357
3.0366
3.0316
2.7473
3.0429
3.0261
3.0260
3.0280
3.0034
2.7497
2.9991
2.7431
3.0423
3.0354
3.0288
3.0277
3.0409
2.9192
3.0375
3.0346
3.0421
3.0402
3.0409
2.7783
3.0278
3.0400
3.0323
3.0241
3.0387
2.7596
3.0347
3.0231
3.0411
3.0275
3.0231
2.7299
3.0313
3.0316
2.9974
3.0413
3.0334
2.7218
3.0274
3.0301
3.0287
3.0282
3.0392
3.0380
3.0313
3.0327
3.0386
3.0341
3.0005
3.0352
3.0300
3.0361
3.0074
3.0262
3.0353
3.0270
3.0205
3.0334
3.0207
3.0237
3.0400
3.0249
3.0331
3.0311
3.0310
3.0374
3.0329
3.0390
3.0267
3.0344
3.0405
3.0307
3.0301
3.0262
2.7385
3.0313
3.0220
3.0387
3.0332
3.0389
2.7597
3.0337
3.0301
3.0306
3.0455
3.0241
2.7361
2.9055
3.0345
3.0261
3.0427
3.0349
2.8628
2.9752
3.0234
3.0363
3.0324
3.0349
3.0090
3.0312
3.0233
3.0220
3.0301
3.0324
3.0181
2.9737
3.0227
3.0215
3.0363
3.0396
3.0286
3.0213
3.0302
3.0373
3.0445
3.0169
3.0330
3.0293
3.0256
3.0253
3.0292
3.0244
3.0383
3.0001
3.0261
3.0273
3.0332
3.0306
3.0356
3.0180
3.0258
3.0239
3.0353
3.0310
3.0102
3.0226
3.0423
3.0252
3.0286
3.0394
3.0235
3.0375
3.0411
3.0260
3.0289
3.0314
3.0255
3.0309
3.0397
3.0287
3.0263
3.0365
3.0393
3.0344
3.0378
3.0307
3.0330
3.0174
3.0158
3.0329
3.0187
2.7577
3.0318
3.0351
3.0252
3.0286
3.0288
2.7453
3.0303
3.0313
3.0157
3.0354
3.0334
2.7303
3.0330
3.0388
3.0316
3.0349
3.0308
2.7406
3.0287
3.0279
3.0351
3.0384
3.0281
2.7477
3.0309
3.0353
3.0343
3.0304
3.0279
2.7541
3.0271
3.0168
3.0341
3.0319
3.0307
2.7413
3.0324
3.0402
3.0338
3.0374
3.0276
3.0211
3.0146
3.0267
3.0303
3.0261
3.0238
3.0213
3.0296
3.0416
3.0008
3.0366
3.0386
3.0291
3.0320
3.0299
3.0189
3.0375
3.0254
3.0402
3.0283
3.0417
3.0337
3.0383
3.0272
3.0366
3.0323
3.0181
3.0300
3.0237
3.0302
3.0259
3.0308
3.0335
3.0323
3.0233
3.0341
3.0437
3.0347
3.0258
3.0281
3.0249
3.0363
3.0367
3.0364
3.0340
3.0322
3.0224
3.0331
3.0343
3.0339
3.0392
3.0342
3.0277
3.0350
3.0364
3.0343
3.0243
3.0317
3.0246
3.0096
3.0460
3.0279
3.0324
3.0173
3.0334
3.0293
3.0317
3.0356
3.0134
3.0095
3.0338
3.0429
3.0343
3.0234
3.0222
3.0225
3.0316
3.0288
3.0407
3.0378
3.0281
3.0373
3.0302
3.0295
3.0303
3.0366
3.0275
3.0308
3.0350
3.0295
3.0301
3.0363
3.0257
3.0215
3.0321
3.0387
3.0378
3.0259
3.0369
3.0169
3.0344
3.0370
3.0443
3.0289
3.0198
3.0306
3.0261
3.0393
3.0287
3.0215
3.0353
3.0329
3.0347
3.0122
3.0430
3.0196
3.0270
3.0427
3.0377
3.0409
3.0303
3.0308
3.0237
3.0351
3.0166
3.0400
3.0357
3.0282
3.0366
3.0306
3.0352
3.0264
3.0333
3.0403
3.0198
3.0355
3.0299
3.0095
3.0419
3.0335
3.0348
2.9933
3.0342
3.0420
3.0352
3.0336
3.0256
2.8918
3.0292
3.0301
3.0326
3.0357
3.0312
3.0362
3.0281
3.0415
3.0325
3.0323
3.0347
3.0267
3.0302
3.0353
3.0266
3.0453
3.0173
3.0381
3.0252
3.0305
3.0401
3.0384
3.0249
3.0327
3.0243
3.0268
3.0340
3.0334
3.0291
3.0372
3.0265
3.0290
3.0315
3.0247
3.0277
3.0437
3.0242
3.0278
3.0277
3.0383
3.0305
3.0327
3.0397
3.0264
3.0411
3.0289
3.0341
3.0437
3.0191
3.0318
3.0326
3.0270
3.0215
3.0352
3.0179
3.0296
3.0290
3.0311
3.0410
3.0459
3.0291
3.0437
3.0253
3.0276
3.0301
3.0370
3.0265
3.0230
3.0266
3.0327
3.0393
3.0268
3.0285
3.0401
3.0279
3.0358
3.0269
3.0337
3.0250
3.0201
3.0200
3.0330
3.0244
3.0312
3.0150
3.0159
3.0244
3.0292
3.0344
3.0432
3.0304
3.0245
3.0383
3.0280
3.0230
3.0228
3.0237
3.0019
3.0441
3.0278
3.0287
3.0508
3.0293
3.0315
3.0419
3.0262
3.0339
3.0294
3.0330
3.0235
3.0425
3.0282
3.0260
3.0532
3.0297
3.0314
3.0406
3.0321
3.0334
3.0300
3.0261
3.0285
3.0381
3.0286
3.0159
3.0294
3.0267
3.0291
3.0365
2.8167
3.0261
3.0370
3.0194
3.0231
3.0348
2.7653
3.0320
3.0231
3.0182
3.0307
3.0274
2.8387
3.0241
3.0329
3.0262
3.0217
3.0377
2.8831
3.0399
3.0307
3.0247
3.0382
3.0351
3.0347
3.0249
3.0332
3.0315
3.0297
3.0313
3.0266
3.0269
3.0411
3.0319
3.0363
3.0327
3.0334
3.0243
3.0253
3.0327
3.0295
3.0058
3.0312
3.0301
3.0433
3.0278
3.0409
3.0340
3.0272
3.0316
3.0413
3.0116
3.0243
3.0279
3.0261
3.0432
3.0280
3.0099
3.0218
3.0165
3.0297
3.0207
3.0412
3.0236
3.0341
3.0311
3.0209
3.0368
3.0322
3.0218
3.0274
3.0302
3.0088
3.0259
3.0298
3.0356
3.0434
3.0320
3.0155
3.0318
3.0256
3.0323
3.0344
3.0340
3.0305
3.0427
3.0312
3.0307
3.0359
3.0221
3.0292
3.0218
3.0449
3.0308
3.0361
3.0223
3.0305
3.0316
3.0238
3.0263
3.0361
3.0330
3.0329
3.0250
3.0445
3.0208
3.0363
3.0326
3.0285
3.0306
3.0371
3.0315
3.0424
3.0277
3.0310
3.0427
3.0457
3.0309
3.0369
3.0371
3.0782
3.0256
3.0349
3.0255
3.0315
3.0260
3.0815
3.0427
3.0295
3.0261
3.0421
3.0340
2.9976
3.0246
3.0267
3.0267
3.0403
3.0304
3.0045
3.0304
3.0302
3.0286
3.0206
3.0278
3.0130
3.0282
3.0267
2.3885
3.0359
3.0266
3.0139
3.0340
3.0267
2.4213
3.0336
3.0269
3.0224
3.0292
2.7328
2.4039
3.0199
3.0501
3.0223
3.0284
2.7262
2.3968
3.0296
3.0333
3.0226
3.0284
2.7347
2.3921
3.0226
3.0384
3.0166
3.0292
2.7309
2.4028
3.0474
3.0329
3.0226
3.0336
2.7342
2.3703
3.0247
3.0400
3.0168
3.0216
2.7580
2.3992
3.0295
3.0263
3.0256
3.0382
2.7254
2.3888
3.0411
3.0281
3.0242
3.0285
2.7444
2.3967
3.0238
3.0272
3.0322
3.0330
2.7339
2.3938
3.0213
3.0341
3.0316
3.0143
2.7330
2.4244
3.0276
3.0394
3.0252
3.0334
2.7238
3.0307
3.0412
3.0352
3.0218
3.0248
2.7287
3.0381
3.0284
3.0337
3.0301
3.0396
2.7334
3.0274
3.0338
2.7446
3.0305
3.0291
2.8848
3.0328
3.0328
2.7420
3.0263
3.0298
3.0338
3.0314
3.0091
2.7414
3.0251
3.0211
3.0362
3.0246
3.0289
2.7462
3.0301
3.0280
3.0304
3.0331
3.0183
2.7401
3.0150
3.0382
3.0256
3.0177
3.0087
2.7432
3.0227
3.0234
3.0207
2.9777
3.0202
3.0316
3.0241
3.0410
3.0290
3.0284
3.0008
3.0464
3.0238
3.0187
3.0244
3.0185
3.0215
3.0244
3.0376
3.0274
2.7399
3.0280
3.0277
3.0336
3.0284
2.7459
3.0229
3.0386
3.0381
3.0355
2.7397
3.0285
3.0297
3.0257
3.0211
2.7485
3.0263
3.0429
3.0298
3.0205
2.7860
3.0317
3.0332
3.0312
3.0349
2.7519
3.0319
3.0466
3.0369
3.0356
2.7523
3.0349
3.0320
3.0352
3.0266
2.7488
3.0275
3.0338
3.0409
3.0245
2.7477
3.0307
3.0287
3.0385
3.0253
2.7432
3.0333
3.0423
3.0310
3.0271
2.7483
3.0341
3.0396
3.0314
3.0362
3.0305
3.0302
2.9903
3.0312
3.0385
3.0222
3.0213
3.0391
3.0306
3.0385
3.0227
3.0172
3.0280
3.0296
3.0283
3.0388
3.0166
3.0381
3.0316
3.0464
3.0460
3.0153
3.0279
3.0368
3.0332
3.0445
3.0342
3.0298
3.0361
3.0387
3.0363
3.0263
3.0358
3.0388
3.0299
3.0445
3.0353
3.0299
3.0371
3.0452
3.0313
3.0439
3.0151
3.0390
3.0340
3.0299
3.0253
3.0445
3.0367
3.0263
3.0164
3.0215
3.0250
3.0354
3.0286
3.0335
3.0308
3.0440
3.0430
3.0234
3.0177
3.0394
3.0163
3.0377
3.0321
3.0428
3.0285
3.0196
3.0372
3.0256
3.0149
3.0302
3.0246
3.0385
3.0283
3.0317
3.0264
3.0407
3.0366
3.0341
3.0312
3.0380
3.0405
3.0354
3.0354
3.0292
3.0381
3.0305
3.0352
3.0299
3.0360
3.0318
2.9894
3.0331
3.0327
3.0359
3.0273
3.0375
3.0419
3.0340
3.0345
3.0237
3.0250
3.0392
3.0177
3.0455
3.0272
3.0208
3.0292
3.0271
3.0222
3.0312
3.0247
3.0403
3.0304
3.0361
3.0379
3.0265
3.0404
3.0308
3.0275
3.0318
3.0304
3.0367
2.7185
3.0381
3.0412
3.0259
3.0360
2.7520
3.0291
3.0304
3.0260
3.0347
3.0152
3.0303
3.0368
3.0274
3.0346
3.0187
3.0197
3.0306
3.0434
3.0283
3.0214
3.0150
3.0391
3.0230
3.0277
3.0227
3.0237
3.0257
3.0234
3.0267
3.0277
3.0275
3.0289
3.0224
3.0273
3.0278
3.0182
3.0261
3.0271
3.0282
3.0295
3.0277
3.0312
3.0138
3.0251
3.0344
3.0459
3.0320
3.0180
3.0281
2.7463
3.0328
3.0279
3.0278
3.0261
2.7431
3.0274
3.0306
3.0299
3.0406
3.0215
3.0348
3.0330
3.0242
3.0376
3.0238
3.0327
3.0177
3.0275
3.0372
3.0340
3.0246
3.0304
3.0211
3.0250
3.0295
3.0330
3.0306
3.0293
3.0393
3.0310
3.0310
3.0320
3.0403
3.0251
3.0426
3.0294
3.0287
3.0240
3.0285
3.0394
3.0154
3.0220
3.0276
3.0395
3.0274
3.0212
3.0238
3.0268
3.0265
3.0331
3.0387
3.0340
3.0314
3.0319
3.0250
3.0304
3.0293
3.0329
3.0317
3.0148
3.0197
3.0372
3.0210
3.0256
3.0287
3.0364
3.0292
3.0285
3.0383
3.0220
3.0226
3.0372
3.0319
3.0075
3.0314
3.0277
3.0233
3.0330
3.0312
3.0246
3.0318
3.0199
3.0298
3.0308
3.0347
3.0231
3.0396
3.0224
3.0320
3.0170
3.0223
3.0156
2.9760
3.0251
2.9890
3.0234
3.0488
3.0251
3.0305
3.0161
3.0328
3.0330
3.0317
3.0323
3.0375
3.0137
3.0469
3.0349
3.0331
3.0037
3.0207
3.0291
3.0274
3.0191
3.0344
3.0230
3.0255
3.0311
3.0056
3.0312
3.0346
3.0371
3.0174
3.0360
3.0050
3.0377
3.0416
3.0406
3.0191
3.0403
3.0454
3.0462
3.0259
3.0477
3.0383
3.0363
3.0486
3.0305
2.9613
3.0352
3.0375
3.0345
3.0278
3.0321
3.0312
3.0432
3.0324
3.0375
3.0212
3.0272
3.0130
3.0284
3.0200
3.0362
3.0294
3.0411
3.0144
3.0310
3.0284
3.0364
3.0231
3.0318
3.0308
3.0313
3.0312
3.0296
3.0237
3.0313
3.0186
3.0259
3.0216
3.0392
3.0272
3.0292
3.0305
3.0384
3.0260
3.0356
3.0379
3.0272
3.0232
2.7483
3.0202
3.0304
3.0274
3.0233
3.0271
3.0295
3.0299
3.0360
3.0250
3.0256
3.0388
3.0252
3.0290
3.0320
3.0346
3.0345
3.0247
3.0386
2.7456
2.7436
2.7430
2.7343
2.7452
2.7502
2.7437
2.7414
2.7409
2.7408
