2.6260
2.4568
2.5526
2.8173
3.2867
3.6099
2.7117
3.2143
2.6950
2.8631
3.7908
4.1862
2.6776
3.6648
2.6069
2.5072
3.6391
3.2346
3.7725
3.8490
2.6665
2.6018
3.4732
3.6542
3.8006
3.7001
2.5359
2.7985
3.2001
3.9176
3.6557
2.8643
2.7610
3.6424
3.6646
3.2298
3.5496
2.8332
2.6070
3.7235
3.8110
2.6150
2.3350
2.7112
3.8691
3.9333
2.6276
2.2615
2.8487
3.7045
3.7811
2.5908
2.7967
3.9186
3.7779
2.7019
2.3989
4.0805
3.6286
2.3944
3.2152
3.7752
3.5039
2.3565
2.5930
2.5569
2.6334
2.7445
2.5112
2.5657
2.5681
2.8001
2.7567
2.7083
2.8081
3.7396
2.6409
2.6051
2.6158
3.7280
2.6048
2.7371
2.8188
2.7262
3.5717
2.8428
2.7021
2.8241
2.4882
2.7067
2.6822
2.6486
3.8903
3.5297
2.7889
2.6594
2.6628
2.7024
2.8051
3.5403
3.7686
2.8662
2.5867
2.7441
2.7741
3.8431
3.6322
2.6454
2.6532
2.5460
2.5046
3.6673
3.7956
2.5312
2.9384
3.7493
2.5373
3.5950
3.7507
2.7988
2.6984
3.9201
2.7220
3.5637
2.8309
2.7573
2.7352
3.6530
2.4949
3.5243
3.5735
2.5220
2.7779
3.6135
2.7497
3.5631
2.8827
2.5735
3.6298
2.7037
3.5771
2.7277
2.7006
3.8217
2.6500
3.7370
3.7150
2.7695
3.6995
2.5301
3.4986
3.5988
3.8234
2.7542
3.7622
3.4627
3.5354
2.4670
3.3950
3.9083
3.6060
3.6327
3.5052
3.9727
2.8690
3.5835
3.4833
3.5916
2.8175
3.3820
3.6554
3.7027
2.6137
3.8250
3.8388
3.4865
2.5841
3.7996
3.9562
3.7926
3.7552
3.5465
3.4420
3.6658
3.5136
3.7321
3.7313
3.6317
3.7702
3.8384
3.5426
3.6027
3.6803
3.8782
3.5759
3.4574
3.8130
3.8325
2.4871
3.8729
3.5736
3.9386
2.5507
3.5353
2.8474
3.3323
3.5374
3.5714
2.6068
3.5157
3.0113
3.5154
3.3891
3.9116
2.5004
3.5885
2.6983
3.6914
3.5097
3.8988
2.7244
3.3968
2.7828
3.7538
3.5663
4.1278
3.1132
3.7908
2.8983
3.6118
3.4706
3.6178
2.8743
3.7210
3.7576
3.8370
3.8112
3.7914
2.4796
3.4622
3.8073
3.5811
3.7683
3.5842
2.8129
3.5206
3.7025
3.5983
3.8401
3.4363
3.6305
3.8437
2.9415
3.9416
3.7584
3.6719
3.9541
3.7807
2.8712
3.6002
3.5043
3.8195
4.0785
3.6859
3.5629
3.8858
2.5169
3.8364
4.1206
3.6292
3.7129
3.7915
2.7203
3.5083
3.7257
2.7371
3.5121
3.8807
2.8038
2.4530
4.0008
2.6729
3.5455
3.8391
2.5242
2.7274
3.9963
2.8874
3.4364
3.8411
2.6327
2.5715
2.4907
2.6349
3.6972
3.3462
2.8769
2.7917
2.6693
2.5405
3.7299
3.5484
2.6725
2.8354
2.5449
2.7850
3.7650
3.9808
2.7525
2.6578
2.6592
2.7468
2.8932
3.6364
3.5865
2.8005
2.4738
2.6946
3.7482
2.7354
2.9541
2.8769
2.8412
3.7233
2.8623
2.6109
2.7364
2.6899
3.4877
3.5707
2.6981
3.7528
3.7206
3.6697
3.7683
2.5892
3.4709
3.7578
3.8589
3.8985
2.4691
3.8000
3.7199
3.4570
3.8688
2.8056
3.3740
3.6330
2.8346
3.8125
2.5301
3.5056
3.7056
2.6266
3.4451
2.5936
3.5052
3.7466
2.8437
3.4948
2.8690
3.6562
3.7676
2.4974
3.4899
2.6538
3.8172
3.5923
2.6218
3.3994
2.5630
3.8243
2.7345
3.1329
3.5528
2.4636
3.5168
3.7182
2.8971
3.5403
2.4889
3.7571
3.5876
2.7410
3.4752
2.9099
3.5150
3.5331
2.2903
3.8342
2.6407
3.5282
3.7530
2.7077
3.5629
2.5694
3.5417
3.4497
2.5189
3.8000
2.7842
3.9317
3.4186
3.7872
3.0994
3.8366
2.7754
2.5882
3.4747
3.9060
2.9680
3.6630
2.6033
2.8214
3.5201
3.6351
2.6314
3.4699
2.7967
2.6760
3.4846
3.6138
2.6729
3.4899
2.5719
2.6364
3.8000
3.6975
2.6306
3.4338
2.8528
2.6854
3.7727
3.5565
2.7006
3.7611
3.9069
2.6148
3.8550
3.4470
2.8271
3.4872
3.8527
3.8091
3.7886
3.6449
2.5505
3.7156
3.6232
3.8298
3.6325
2.6698
2.2368
3.5886
3.5960
2.8280
3.6133
2.5904
3.1225
2.7415
3.8879
2.7311
2.5033
2.7465
2.6843
2.7699
3.4895
2.5560
2.6808
2.7423
2.8395
3.5896
3.9004
2.8351
2.4818
3.8947
2.3290
3.6902
4.0738
2.8501
2.6608
3.7426
2.7094
3.5637
3.9215
2.5069
2.7618
3.7956
2.5533
3.5711
3.6593
3.6429
2.8088
3.7975
3.0244
3.6094
3.7620
3.5571
2.5242
3.7661
2.9908
3.5887
3.5462
3.3761
2.6461
2.6657
2.5888
2.7142
3.4578
3.9385
2.5612
2.5924
4.2006
2.7177
3.6594
3.8171
2.5936
2.8739
2.6963
3.5276
3.8264
3.8213
2.7082
3.8162
2.6485
3.6496
3.9085
3.6121
2.8104
3.6518
2.6694
3.5878
3.5551
3.6009
3.6045
3.7461
2.8419
3.5523
4.4344
3.5036
3.8946
3.7718
2.8063
3.6286
3.4939
3.4794
3.6598
3.6851
3.6821
2.8400
3.5800
3.6959
3.5282
3.7827
3.8040
2.7227
3.5003
3.8021
3.4777
3.7369
3.5224
3.5152
3.7391
3.8109
3.9032
2.7193
3.9408
3.4490
3.6235
3.7268
3.8205
2.5910
3.5304
3.5543
3.9710
3.6099
3.3836
2.7626
3.5650
2.7126
2.5196
3.5150
2.6839
3.6408
2.7085
2.7587
3.6164
2.6118
3.4957
2.4919
2.7623
3.7189
3.8193
2.9358
2.5591
2.4909
3.7961
3.7710
2.9252
2.8193
2.7843
3.7426
3.8180
3.5500
2.5643
2.7666
4.2064
3.7320
3.5011
2.8483
3.5833
3.5022
3.6714
3.8639
2.4960
3.8569
3.9104
2.7153
3.5670
2.7155
3.7908
3.8548
2.5752
3.6033
2.7463
4.0187
3.3939
2.9076
3.5251
2.6721
3.3661
3.5471
3.9284
3.8626
2.9095
3.5885
3.9851
3.7441
3.5409
2.5999
3.5989
3.9823
3.8061
3.5226
2.5271
3.5943
3.8926
3.8308
2.9023
2.6394
3.8330
4.0000
3.7597
2.8692
2.8526
3.7794
3.4627
3.7654
3.6869
2.4529
3.8355
3.5766
2.7788
3.3693
2.7125
3.3985
3.8241
2.7015
3.5272
2.6880
3.5579
3.7239
2.6150
3.6410
2.8751
2.9148
2.7462
2.5725
3.3369
2.8553
2.8631
2.7933
2.7304
4.3462
2.8052
3.5886
3.5914
2.6883
4.2081
2.5716
3.4866
3.6453
3.7176
2.6264
2.6353
3.7083
3.6233
3.8043
4.0944
2.8999
3.6703
3.5632
3.7734
4.3456
2.6273
3.5813
3.5207
3.6745
4.1974
2.7293
3.4999
3.5215
2.8011
2.6322
2.5205
3.7191
3.6068
2.7339
4.1012
2.5081
3.6475
2.8007
2.6145
2.7638
3.6101
3.5436
2.6664
2.7185
2.5691
2.5338
2.8367
3.5232
2.6857
3.5516
2.8855
2.6000
2.8321
3.7474
2.8788
3.4262
3.6179
2.7013
3.4943
3.9247
2.8506
3.6439
3.7429
2.7664
3.6581
3.5820
2.8314
3.5755
3.7971
2.8081
3.6303
3.7958
3.8185
3.6084
3.6967
2.7026
3.5402
3.4095
3.5723
4.2116
3.7849
2.7468
3.6853
3.7987
3.5156
2.7571
3.6655
2.7984
2.7323
3.6811
3.4730
2.6207
2.7802
2.6910
3.8708
3.6975
3.8433
3.9642
2.7337
3.6501
3.4968
3.4543
3.7752
3.7028
2.6204
3.7467
3.6765
3.5089
3.6531
3.7990
2.5811
3.9394
3.4892
3.8076
3.6581
3.6245
2.7607
3.5899
3.6481
4.1159
3.6192
2.4731
2.6721
2.6485
3.4873
3.7368
3.8059
2.5984
2.5891
2.5436
3.5910
3.8405
2.4994
3.2940
3.7171
3.5981
3.8236
3.7646
3.6512
3.4848
3.8054
2.7496
3.9095
3.7323
3.7363
3.4700
3.7394
2.7679
3.7141
3.9428
3.7416
3.6075
3.7150
3.6267
3.7165
3.7778
3.7273
2.9876
2.7339
3.5665
3.6878
3.9486
3.7428
3.5521
2.5878
3.5710
3.7519
3.6305
3.5464
2.8114
2.7203
3.6029
3.5722
3.9317
3.7281
2.7898
2.7168
3.5636
2.7701
3.5061
3.7160
3.7618
3.7269
3.5159
2.7502
2.7239
3.7364
3.3742
3.7764
3.6144
3.5516
2.6622
3.5510
3.5516
3.7792
2.7496
3.6698
2.6637
2.7353
3.7615
3.5083
2.7516
3.9616
2.7706
3.6512
3.3837
3.7656
3.5845
3.6782
2.5522
3.6154
3.6290
3.6878
3.5707
3.6031
2.6025
3.7244
3.5394
2.7768
3.6018
2.7419
2.8255
3.7264
2.8891
2.5638
3.5307
2.7543
3.2630
3.8090
3.6059
2.8563
3.5653
3.5793
2.8711
3.8704
3.6300
3.6751
3.5968
2.7960
3.7181
3.5985
3.6821
3.5645
2.7019
3.6786
2.8625
3.7415
3.5798
2.7611
3.3692
3.7029
3.8117
3.5971
2.5030
3.6152
2.7907
3.7537
3.5330
2.5734
2.8079
2.7716
3.4600
2.7627
2.5816
2.4736
2.7198
3.6631
3.7897
2.7114
2.6590
2.5655
3.4755
3.5341
2.6382
2.6942
2.7612
2.9310
3.7221
3.5894
2.7273
2.6795
2.7528
2.5835
3.5649
3.5627
2.7237
2.6894
2.7265
2.4875
3.6567
3.5635
3.6602
2.7394
2.7064
2.8391
3.7345
3.5310
2.7705
2.6719
2.7564
2.8988
2.7397
2.7528
2.7103
2.6510
2.7115
2.8290
2.7354
2.7668
2.6282
2.6984
2.6560
2.5867
3.6121
3.5932
3.6893
2.8014
2.7098
2.8445
3.5715
3.5675
3.6785
3.8507
2.6913
2.6407
3.5789
3.5758
3.7142
3.7448
2.7877
2.6870
3.6409
3.5985
3.6643
3.8159
2.6660
2.5161
3.5797
3.5463
2.5884
3.5868
2.7665
2.8031
3.5683
3.5714
2.6912
2.3721
3.8003
2.4966
3.6158
2.4070
2.5834
8.0465
3.8492
3.5395
2.7435
2.7205
2.7403
2.3054
3.7143
3.8338
2.7851
2.5178
2.6839
16.1336
3.5595
3.8413
3.5985
2.7634
3.7267
2.3843
2.7844
3.6173
3.5529
2.5280
3.7842
8.0422
2.6430
3.4702
3.7690
2.7472
3.5452
2.2720
2.5387
3.3927
3.6557
3.7922
3.5795
3.5635
20.1469
3.7792
3.5132
3.5533
2.7728
2.8259
2.7839
3.6801
4.5679
3.7991
2.6900
2.8254
2.6531
4.0013
2.9066
3.5120
2.7387
3.5873
2.5193
3.9447
3.8340
3.3520
2.7735
3.6501
3.7194
3.9020
2.5585
3.4047
2.7022
3.7476
2.6105
3.5457
2.7353
3.5106
3.8891
3.5957
2.7421
3.9903
3.5348
3.5209
3.8223
3.5544
2.7486
3.4869
3.8118
3.8261
3.7856
3.6251
3.1249
3.5046
3.9563
3.5744
3.6749
3.8218
3.0919
3.8095
3.5603
3.8144
3.5476
3.6149
2.7056
3.7926
2.8228
3.8396
2.6116
2.7613
3.1844
3.8204
2.8214
3.5744
2.8873
2.7195
2.7193
3.7299
3.6635
2.7712
2.6987
2.6231
2.8631
3.6150
3.7832
2.8408
2.7565
3.5174
3.9897
3.4245
3.5889
3.6586
2.7289
3.5135
2.9266
3.7068
3.5744
3.7254
3.8634
3.4618
3.5771
3.8370
3.6333
3.6198
3.7856
3.9222
3.7355
3.8244
3.7495
3.6010
3.8101
3.6608
2.8670
2.6277
3.5528
3.7728
3.7277
3.4898
2.6915
2.7545
3.5956
3.7229
3.6697
3.4168
2.8413
2.5750
3.5898
3.5745
3.5892
3.7903
2.6640
2.7153
3.6383
2.7554
2.8525
3.5751
2.5801
2.5893
3.5744
2.7031
2.5224
3.6946
2.6889
2.8941
3.5400
2.8084
2.7066
3.5862
4.0684
2.6986
3.5700
2.7500
2.7267
3.5531
2.4989
2.7946
3.8259
2.7751
2.7295
3.7952
2.5299
2.9127
2.6785
2.7167
3.8561
2.7885
3.8352
2.8679
2.6272
2.7166
3.5629
2.6838
3.7367
2.3659
2.7107
3.6436
3.5727
2.6290
3.4729
2.6279
2.7306
3.7517
3.5216
2.8352
3.8263
3.1047
2.7356
3.7132
3.7328
2.6360
3.6921
2.6593
2.6031
3.7615
3.5861
2.6910
3.4695
2.5415
3.8650
2.5571
2.7239
2.9467
2.3094
2.5605
3.6593
2.6974
2.9127
2.4866
8.1627
2.5567
3.8368
2.7960
2.7464
2.5930
2.3316
2.7877
3.8910
2.9209
2.7523
2.7487
2.3043
2.6561
3.7955
2.6033
2.7375
2.7663
8.1576
2.6319
2.8378
3.8553
2.5941
2.3152
2.8713
2.6412
3.8064
3.5548
13.9205
2.7662
2.8288
3.7130
2.8885
2.2739
2.7787
2.8589
3.8732
2.8633
8.1228
2.6173
2.8255
3.5558
2.8707
2.3481
2.6084
2.6127
2.5112
3.0088
2.3519
2.9424
2.6980
2.7650
2.8968
8.0392
2.7206
2.9184
2.6584
2.7326
2.3576
2.8192
2.5713
2.7054
3.8530
3.3267
2.4078
2.7062
2.7784
3.3285
3.2485
2.6742
3.7339
3.3401
2.6099
3.7927
3.7019
2.6196
2.8628
3.7264
3.9522
2.6061
2.6907
3.5041
3.7907
2.7654
2.6568
3.5934
3.6629
2.8302
2.8037
3.6348
3.5414
4.0330
2.6143
2.5396
3.8086
4.0992
2.7411
2.6032
2.3404
3.7733
3.8214
2.8353
2.8400
2.7917
3.4263
3.8586
2.6071
2.7093
2.5797
3.2939
2.8440
2.7276
2.5855
4.0743
2.7071
3.7529
2.7409
3.5549
2.8435
3.8039
2.8952
3.9517
2.8340
3.8063
2.8313
3.8858
3.6455
3.6372
2.6882
4.0866
3.7406
3.6941
3.4708
2.6654
3.6197
3.6083
3.5885
3.7089
2.7125
3.8434
3.5551
3.5549
3.6495
2.8193
3.6418
3.9113
2.5368
3.5105
2.6666
3.4013
3.4536
2.8389
3.6881
2.4115
3.6452
3.9604
2.5309
3.7464
2.7167
4.4683
3.9018
2.6915
3.6536
2.6343
3.9218
3.9573
2.7252
2.5549
2.6202
3.5623
3.8062
3.7387
2.4784
2.5366
3.8662
3.5301
2.5681
2.6428
3.8570
3.6100
2.5258
2.6225
3.9093
3.5697
4.0363
2.4211
3.7633
3.7318
3.8755
2.8632
3.6021
3.6002
3.7607
2.6340
3.4274
3.5787
2.7471
4.0987
2.7815
2.6095
3.6432
2.6641
2.6160
3.6643
2.6012
2.7644
3.3984
2.6887
2.6616
3.4958
2.7309
2.7031
3.6913
2.7824
3.8140
3.6905
3.7202
3.4249
3.5935
3.9436
3.7744
3.9211
3.5634
3.5927
2.6037
3.7749
2.8594
3.7286
2.5925
3.7487
2.6818
3.8010
2.7392
3.6955
3.6625
4.2260
3.8003
3.9870
3.7158
3.5671
3.6469
3.9945
3.7100
3.5392
3.7966
3.4880
2.7325
3.7339
2.8156
3.8766
3.6706
3.7102
3.8845
3.7794
3.6476
3.5845
3.7401
3.9588
3.5735
3.8780
2.6462
3.4025
2.7638
2.6388
2.6146
2.7522
3.8304
3.7946
3.6545
3.8193
3.5759
2.5133
3.6871
3.6896
3.7254
3.7384
3.8014
3.8671
3.7292
3.6264
3.6057
2.4837
3.6784
3.8690
3.7180
3.6766
3.7907
3.7994
3.8549
3.6345
2.7834
3.6224
3.9086
3.4734
3.7354
3.9279
3.7145
2.5625
2.5126
2.7224
3.4971
3.7934
3.8638
3.7323
3.8443
3.7538
3.7973
3.8221
2.6050
2.5986
2.6663
2.6158
2.7880
3.6366
2.6339
2.7030
2.6289
2.5644
3.7888
3.6818
3.7296
3.7781
2.6086
2.7858
2.8299
2.5394
2.6548
2.5820
2.6052
3.5452
3.7023
3.7752
3.7989
3.6272
3.7282
3.7891
2.7666
2.5106
2.5003
3.6079
3.5068
3.8021
3.4171
3.6175
3.8277
3.4694
3.5288
3.7970
3.4531
3.7465
2.6414
2.6997
2.5967
2.6791
2.6939
3.5700
3.5363
3.7753
3.8034
3.6300
2.8054
2.8091
3.5537
3.7637
3.3871
3.5619
3.7725
3.3882
3.7110
2.7590
2.7624
3.5872
3.6157
3.5955
3.5482
3.6149
3.5358
2.6742
2.8351
4.5054
3.6174
3.5995
3.6524
3.2525
2.7729
2.7759
3.5867
3.5246
3.5578
3.6087
3.5565
3.5535
2.4296
2.7493
2.4148
2.7449
2.4733
2.7152
3.8585
3.4454
4.0554
3.9488
3.9707
3.7214
3.8389
3.6090
3.8322
2.6909
3.0243
3.7631
3.1041
2.9474
2.9492
2.6761
2.8927
4.0576
3.9448
3.9306
4.6931
4.6324
3.8946
3.9589
3.8838
3.8682
4.6832
4.7415
4.7357
4.7414
4.7225
4.7087
4.7273
4.7349
4.7423
4.7229
3.3266
4.7058
4.7365
4.7434
4.7362
4.7259
4.1603
4.7360
4.7395
4.7407
4.4895
4.6365
4.6672
4.6800
4.6809
4.1929
4.6800
4.6671
4.6817
4.6471
4.0306
2.7474
2.8650
2.4429
2.4969
2.7836
3.9721
3.8632
