6.528
6.326
6.991
6.653
6.349
6.691
6.473
6.178
6.991
6.316
7.495
6.677
6.505
6.528
6.733
6.622
7.150
6.135
6.605
6.474
6.752
6.362
6.124
6.387
6.687
6.045
6.866
6.498
6.969
6.072
6.523
6.006
6.495
6.583
6.731
6.412
6.245
6.705
6.874
6.815
6.214
6.519
6.513
6.175
6.597
6.427
6.895
6.706
6.536
6.557
6.763
6.964
6.518
6.519
6.450
7.013
6.809
6.458
6.722
6.634
6.865
6.909
6.379
6.668
6.492
6.717
6.317
6.361
6.467
6.415
6.569
6.331
6.811
6.527
6.743
6.579
6.951
6.707
6.593
6.488
6.356
6.611
6.847
6.695
6.538
6.436
6.594
6.843
6.666
6.822
6.557
6.414
6.750
6.657
7.107
6.563
6.607
6.451
6.787
6.654
6.824
6.414
6.912
6.729
6.856
6.502
6.680
6.195
6.923
6.433
6.779
6.876
6.523
6.477
6.930
6.713
6.412
6.698
6.619
6.875
6.462
6.845
6.822
6.811
6.480
6.363
6.900
6.319
6.617
6.812
6.517
6.479
6.546
6.932
6.357
6.883
6.713
6.868
6.470
6.581
6.652
6.614
6.528
6.450
6.337
6.516
6.868
6.291
6.864
6.851
6.658
6.732
6.706
6.751
6.666
6.681
6.903
6.675
6.494
6.625
6.777
6.656
6.648
6.881
5.903
6.747
6.349
6.446
6.819
7.133
6.331
6.566
6.434
6.489
6.402
6.894
6.460
6.666
6.422
6.407
6.811
6.554
6.488
6.396
6.893
6.496
6.904
6.833
6.843
6.409
6.578
6.666
6.776
6.491
6.306
6.818
6.845
6.567
6.423
6.609
6.487
6.519
6.427
6.511
6.259
6.470
6.941
6.418
6.706
6.567
6.415
6.511
6.489
6.577
6.765
6.552
6.955
6.290
6.777
6.545
6.691
6.450
6.457
6.700
6.380
6.815
6.508
6.277
6.583
6.744
6.347
6.422
6.616
6.399
6.645
6.561
6.766
6.773
6.451
6.501
6.870
6.657
6.570
6.598
6.722
6.238
6.739
6.604
6.181
7.109
6.742
6.398
6.794
6.450
6.642
6.765
6.359
6.216
6.527
6.717
6.653
6.287
6.679
6.785
6.397
6.979
6.938
6.987
6.269
6.714
6.833
6.281
6.392
6.665
6.444
6.655
6.620
6.793
6.691
6.577
6.808
6.654
7.009
6.366
6.770
6.569
6.745
6.434
6.730
6.646
6.834
6.738
6.751
6.738
6.453
6.813
6.944
6.909
6.592
6.172
6.909
6.517
6.595
6.412
6.693
6.398
6.716
6.957
6.522
6.633
6.249
6.691
6.704
7.053
6.952
6.796
6.467
6.423
6.638
6.579
6.606
6.605
6.488
6.583
6.602
6.313
6.786
6.544
6.580
6.545
6.644
6.861
6.404
6.694
6.622
6.222
6.378
6.606
6.444
6.643
6.541
5.999
6.802
6.938
6.527
6.661
6.403
6.588
6.622
6.853
6.442
6.552
6.367
5.968
7.097
6.883
6.814
6.781
6.455
6.732
6.682
6.797
6.693
6.796
6.600
6.758
6.567
6.657
6.520
6.747
6.481
5.877
6.682
6.948
6.869
6.598
6.827
6.271
6.758
6.933
6.553
6.619
6.684
6.872
6.331
6.634
6.393
6.425
6.818
6.381
6.671
7.047
6.874
6.409
6.418
6.814
6.632
6.727
6.576
6.739
6.728
6.779
6.381
6.828
6.084
6.455
6.852
6.482
6.446
6.723
7.005
6.396
6.534
6.592
6.799
6.857
6.365
6.579
6.499
6.648
6.472
6.631
6.483
6.663
6.154
6.888
6.385
6.611
6.394
6.380
6.736
6.329
6.689
6.926
6.843
6.735
6.766
5.697
6.539
6.864
6.659
6.645
6.411
6.732
6.666
6.474
6.220
6.592
6.765
5.966
6.800
6.892
7.028
6.680
6.830
6.427
6.785
6.653
6.283
7.060
6.494
6.321
6.630
6.553
6.614
6.654
6.392
5.865
6.634
6.573
6.699
6.826
6.424
6.338
6.552
6.782
6.915
6.270
6.831
6.813
6.817
6.763
6.449
6.302
6.156
6.379
6.844
6.792
6.700
6.943
6.495
6.639
6.463
6.923
6.972
6.482
6.763
6.679
6.492
6.480
6.500
6.363
6.823
6.797
6.647
6.707
6.754
6.835
6.474
6.349
6.187
6.591
6.974
6.451
6.727
6.608
6.903
7.015
6.446
6.674
6.474
6.675
6.824
6.299
6.740
6.841
6.714
6.671
6.722
6.859
6.936
6.512
6.621
6.341
6.769
6.945
6.540
6.476
6.601
6.623
6.862
6.430
6.802
6.166
6.345
6.676
6.797
6.606
7.000
6.791
6.488
6.750
6.822
6.616
6.502
6.780
6.549
6.313
6.717
6.991
6.602
6.422
6.915
6.446
6.722
6.290
6.607
6.789
6.660
6.379
6.676
6.934
6.948
6.804
6.638
6.351
6.847
6.525
6.605
6.613
6.470
6.442
6.403
6.434
6.386
6.535
6.693
6.629
6.449
6.726
6.912
6.300
7.098
6.129
6.777
6.663
6.402
6.774
6.761
6.675
6.922
6.296
6.916
6.780
6.790
6.775
6.831
6.544
6.802
6.237
6.473
6.405
6.756
6.393
6.594
6.831
6.506
6.345
6.826
6.621
6.573
6.315
7.171
6.382
6.427
6.912
6.496
6.420
6.773
6.768
6.788
6.703
6.413
6.487
6.281
6.724
6.632
6.475
6.472
6.618
6.755
6.654
6.855
6.186
6.590
6.683
6.568
6.739
6.783
6.351
7.044
6.541
6.825
6.771
6.403
6.742
6.644
6.294
6.413
7.224
6.876
6.549
6.310
6.840
7.152
6.674
6.679
6.258
6.348
6.432
6.965
6.623
6.634
6.798
6.486
6.420
6.552
6.467
6.618
7.250
6.811
6.714
6.468
6.394
7.122
6.435
6.908
6.329
6.499
6.494
6.524
6.830
6.174
6.871
7.322
6.766
6.906
6.422
6.109
7.668
7.028
6.907
6.271
6.867
7.716
6.708
6.344
6.663
6.501
7.217
6.653
6.750
6.521
6.407
7.285
6.965
6.666
6.322
6.781
7.627
6.975
6.398
6.244
6.404
7.721
6.709
6.707
6.765
6.826
7.197
6.831
6.646
6.561
6.379
6.726
6.936
6.720
6.594
6.797
6.623
6.725
6.747
6.631
6.513
6.490
6.658
6.639
6.602
6.525
6.765
6.405
6.260
6.404
6.733
6.163
6.866
6.418
6.404
6.780
6.391
6.736
6.755
6.425
6.867
6.614
6.456
6.715
6.751
6.520
6.287
6.670
6.673
6.794
6.779
6.393
7.044
6.779
6.751
6.424
6.713
6.278
6.717
6.615
6.341
6.714
6.447
6.436
6.887
6.305
6.496
6.913
6.718
6.278
6.104
6.736
6.489
6.591
6.491
6.447
6.717
6.485
6.412
6.524
6.378
6.346
6.781
6.793
6.493
6.519
6.419
6.606
6.945
6.470
6.469
6.142
6.283
6.531
6.843
6.551
6.386
6.772
6.547
6.659
6.725
6.694
6.418
6.788
6.515
6.792
6.612
6.974
6.354
6.432
6.555
6.312
6.851
6.131
6.696
6.674
6.163
6.520
6.369
6.628
6.779
6.783
6.043
6.492
6.645
6.416
6.432
6.578
6.516
6.847
6.583
6.749
6.452
6.464
6.500
6.366
6.874
6.254
6.765
6.350
6.489
6.299
6.784
6.549
6.427
6.492
6.385
6.708
6.616
6.485
6.600
6.777
6.528
6.611
6.590
6.472
7.438
6.153
6.365
6.600
6.757
6.350
7.323
6.859
6.423
6.351
6.537
6.613
6.455
6.404
6.293
6.728
6.697
6.504
6.572
6.820
6.522
6.618
6.702
6.456
7.433
6.821
6.582
6.555
6.660
6.264
7.314
6.356
6.693
6.543
7.072
6.441
6.467
6.800
6.367
6.818
6.903
6.552
6.642
6.642
6.508
6.802
6.581
6.709
6.519
6.150
6.587
6.688
6.832
6.287
6.511
6.488
6.699
6.666
6.535
6.468
6.346
6.485
6.289
6.733
6.879
6.465
6.700
6.750
6.739
6.563
6.637
6.577
6.714
6.722
6.773
6.238
6.460
6.760
6.700
6.785
6.110
6.264
6.381
6.727
6.705
7.093
6.502
6.674
6.815
6.638
6.697
6.964
6.265
6.558
6.683
6.608
6.683
6.759
6.359
6.465
6.362
6.829
6.580
7.143
7.127
6.342
6.519
6.560
6.701
6.828
5.911
6.665
6.141
6.642
6.525
6.586
6.272
6.535
6.422
6.918
6.618
6.304
6.265
6.512
6.809
6.536
6.485
6.715
6.553
6.283
6.855
6.644
6.565
7.023
6.581
6.559
6.829
6.870
6.898
6.599
6.375
6.735
6.890
6.475
6.921
6.816
6.298
6.448
6.556
6.631
6.514
6.707
6.561
6.843
6.646
6.465
6.461
6.706
6.554
6.486
6.507
6.460
6.905
6.928
6.479
6.750
6.380
6.315
6.710
6.596
6.626
6.529
6.339
6.344
6.414
6.960
6.364
6.572
6.497
6.546
6.602
6.524
6.518
6.700
6.520
6.914
6.448
6.595
6.772
6.316
6.879
6.301
6.973
6.811
6.280
6.350
6.764
6.963
6.479
6.531
6.540
6.892
6.779
6.909
6.593
6.314
6.706
6.585
6.503
6.539
6.701
6.755
6.475
6.720
6.530
6.407
6.759
6.418
6.910
6.532
6.240
6.796
6.720
6.711
7.058
6.260
6.756
6.586
6.812
6.918
6.833
6.289
6.543
6.863
6.521
6.508
6.266
6.462
6.504
6.623
6.615
6.353
6.398
6.808
6.447
7.034
6.160
6.661
6.872
6.932
6.452
6.433
6.812
6.777
6.499
6.523
6.476
7.037
6.788
6.480
6.532
6.708
6.534
6.947
6.395
6.328
6.918
6.478
6.705
7.078
6.439
6.530
6.354
6.778
6.115
6.827
6.491
6.446
6.689
6.570
6.584
6.278
6.547
6.813
6.616
6.603
6.320
6.494
6.888
6.828
6.461
6.344
6.558
6.492
6.841
6.615
6.404
6.505
6.694
6.389
6.835
6.930
6.549
6.861
6.918
6.886
7.348
6.720
6.745
6.722
6.910
6.948
6.909
6.801
6.771
6.502
6.426
6.556
6.447
6.457
6.729
6.758
7.049
6.749
6.809
6.834
6.530
6.817
6.986
6.515
6.776
6.253
6.706
6.950
6.646
6.595
6.257
6.867
6.879
6.359
6.744
6.545
6.817
6.619
6.492
6.840
6.705
6.930
7.037
6.794
6.858
6.847
6.219
7.031
6.784
7.028
6.793
6.815
6.827
6.684
6.896
6.632
6.866
6.849
6.494
6.614
6.548
6.775
6.431
6.165
6.573
6.997
6.799
6.579
6.398
7.050
6.852
6.997
6.334
6.227
6.718
6.116
6.725
6.338
6.263
6.688
6.681
6.973
6.303
6.210
6.796
6.948
6.941
6.469
6.717
6.104
6.395
6.543
6.751
6.670
6.256
6.392
7.052
6.753
6.304
6.747
6.924
6.784
6.817
6.531
6.760
6.869
7.027
6.514
6.407
6.855
6.792
6.576
6.893
6.454
6.731
6.581
6.994
6.450
6.499
6.786
5.897
6.606
6.540
6.830
6.293
7.327
7.076
6.684
6.535
6.985
6.865
6.676
6.423
6.589
6.800
6.842
6.794
6.386
6.879
6.316
6.510
6.738
6.361
6.446
6.718
6.691
6.758
6.521
6.771
6.596
6.845
6.722
6.760
6.968
6.644
6.925
6.562
6.755
6.904
6.521
7.135
7.022
6.775
6.699
6.680
6.694
6.983
6.890
6.297
6.521
6.515
6.135
6.446
6.527
6.794
6.800
6.563
6.704
6.798
6.470
6.749
6.775
6.392
6.383
6.911
6.343
6.710
6.978
6.429
6.709
6.326
6.870
6.577
6.658
6.523
6.968
6.485
6.799
6.854
6.768
6.828
6.473
6.525
6.754
6.897
6.638
6.542
6.905
7.079
6.628
7.032
6.831
6.464
6.590
7.015
6.481
6.930
6.369
6.819
6.506
6.634
6.858
6.655
6.510
6.948
6.762
6.837
6.495
6.765
6.488
6.651
6.500
6.366
6.300
6.643
6.888
6.843
6.380
6.512
6.346
6.560
6.873
6.861
6.812
6.874
6.520
6.662
6.475
6.375
6.392
6.692
6.736
6.827
6.412
6.731
6.728
6.832
6.472
6.445
6.252
6.719
6.728
6.884
6.416
6.692
6.710
6.732
6.456
6.479
6.228
6.965
6.843
6.392
6.321
6.687
6.452
6.813
6.773
6.367
6.360
6.272
6.365
6.661
6.646
6.840
6.229
6.444
6.397
6.745
6.463
6.613
6.579
6.485
6.501
6.832
6.655
6.489
6.577
6.531
6.344
6.409
6.494
6.645
6.431
6.539
6.747
6.732
6.553
6.511
6.497
6.779
6.184
6.676
6.425
6.431
6.165
6.413
6.864
6.397
6.894
6.681
6.329
6.587
6.722
6.311
6.266
6.548
6.570
6.631
6.334
6.761
6.820
6.841
6.450
6.833
6.688
6.910
6.254
6.439
6.459
7.466
7.329
6.458
6.573
7.376
7.309
6.445
6.575
6.579
6.578
6.812
6.354
6.554
6.616
6.770
6.306
5.910
6.628
6.534
6.258
6.636
6.394
6.293
6.043
6.270
6.650
6.605
6.519
6.407
6.695
6.576
6.404
6.424
6.896
6.470
6.820
6.475
6.820
6.395
6.472
6.697
6.849
6.858
6.632
6.484
6.295
6.408
6.424
6.488
6.394
6.493
6.414
1.924
1.998
1.988
1.993
1.924
1.930
1.978
1.970
1.987
1.932
1.922
1.945
2.019
1.992
1.997
1.928
1.982
2.001
1.970
1.977
1.923
1.925
1.928
1.947
1.943
1.924
1.931
1.934
1.939
1.925
6.796
6.483
6.776
6.924
6.553
6.509
6.272
6.816
