2.4031
2.3732
2.3803
2.4107
2.4161
2.4131
2.3754
2.4197
2.3866
2.3750
2.4301
2.4356
2.3716
2.3894
2.3942
2.3785
2.4334
2.4239
2.4079
2.3794
2.3930
2.3961
2.3569
2.3970
2.3750
2.3947
2.4070
2.3646
2.3845
2.3826
2.3889
2.3969
2.3892
2.3833
2.4169
2.4181
2.3792
2.3812
2.4039
2.3568
2.3848
2.3810
2.3820
2.3879
2.4131
2.3463
2.3216
2.3935
2.3761
2.3960
2.4204
2.3922
2.3739
2.3689
2.3940
2.3788
2.3908
2.3931
2.3288
2.4105
2.3951
2.3811
2.3869
2.3856
2.3649
2.3772
2.3871
2.3923
2.4112
2.3853
2.4004
2.3862
2.3777
2.4216
2.3652
2.3654
2.3795
2.3664
2.3568
2.4106
2.3889
2.3963
2.3705
2.4092
2.4070
2.3820
2.4110
2.3979
2.4197
2.3628
2.3923
2.3690
2.3884
2.4076
2.3826
2.3710
2.3967
2.3693
2.3590
2.3691
2.3955
2.3634
2.4134
2.3803
2.3606
2.3925
2.3873
2.3672
2.4155
2.3987
2.3845
2.4106
2.3899
2.3838
2.3518
2.3863
2.3881
2.4164
2.3798
2.3687
2.3892
2.3519
2.3577
2.3857
2.3505
2.3629
2.4012
2.3544
2.3925
2.3909
2.3646
2.3986
2.3879
2.4114
2.3791
2.4001
2.4003
2.3739
2.3691
2.3670
2.3944
2.3583
2.3918
2.3918
2.4063
2.4182
2.3643
2.3816
2.4194
2.3569
2.3455
2.3759
2.3784
2.4071
2.3963
2.3569
2.3567
2.3899
2.3832
2.4057
2.3791
2.3739
2.3570
2.3532
2.3723
2.3814
2.3720
2.3533
2.3580
2.3669
2.3970
2.4067
2.3719
2.3424
2.3603
2.4045
2.4159
2.3606
2.3936
2.3645
2.3721
2.3721
2.3582
2.3602
2.3939
2.3594
2.3629
2.3641
2.3725
2.3782
2.4058
2.3435
2.3627
2.3646
2.3774
2.3695
2.3527
2.3629
2.4059
2.3676
2.3629
2.4085
2.3585
2.3978
2.3977
2.3646
2.3585
2.3832
2.3671
2.3842
2.4064
2.3754
2.3647
2.4024
2.3912
2.3895
2.4035
2.3827
2.3657
2.3547
2.3465
2.3865
2.3628
2.3605
2.3972
2.3594
2.3773
2.3633
2.3648
2.3698
2.3490
2.3929
2.3807
2.3697
2.4046
2.3720
2.4088
2.3668
2.3628
2.3711
2.3902
2.3979
2.3596
2.3617
2.3937
2.3994
2.3842
2.3548
2.3666
2.3609
2.3963
2.3848
2.3731
2.3680
2.4015
2.3695
2.3956
2.3599
2.3653
2.3589
2.3598
2.3733
2.3635
2.3613
2.3654
2.3914
2.4154
2.3536
2.4073
2.3882
2.3735
2.3879
2.3767
2.3539
2.3972
2.3646
2.4005
2.3865
2.4075
2.3660
2.4002
2.3767
2.3841
2.3846
2.3552
2.3866
2.3679
2.3736
2.3749
2.3831
2.4007
2.3835
2.3640
2.4025
2.4231
2.3905
2.3602
2.3666
2.3655
2.3844
2.3913
2.4116
2.3861
2.3891
2.3588
2.3797
2.3743
2.3953
2.4055
2.3815
2.3750
2.3778
2.3970
2.3894
2.3589
2.3850
2.3704
2.3842
2.4216
2.3779
2.4012
2.3478
2.4061
2.3632
2.3621
2.3945
2.3580
2.3579
2.3914
2.4118
2.3729
2.3588
2.3597
2.3588
2.3809
2.3776
2.4104
2.4120
2.3727
2.3913
2.3820
2.3819
2.3624
2.3967
2.3592
2.3748
2.3907
2.3839
2.3597
2.3962
2.3559
2.3480
2.3839
2.4015
2.3848
2.3657
2.3995
2.3598
2.3959
2.3944
2.4179
2.3761
2.3591
2.3687
2.3627
2.3991
2.3629
2.3614
2.3937
2.3745
2.3953
2.3504
2.4153
2.3574
2.3590
2.4186
2.4091
2.4007
2.3877
2.3742
2.3546
2.4092
2.3589
2.3961
2.3836
2.3721
2.3999
2.3717
2.3958
2.3734
2.3896
2.4134
2.3671
2.3927
2.3828
2.3703
2.4125
2.4020
2.3903
2.3465
2.3885
2.4091
2.3984
2.3800
2.3562
2.3286
2.3925
2.3920
2.3725
2.3971
2.3748
2.3716
2.3705
2.4103
2.3911
2.3879
2.4025
2.3659
2.3738
2.4025
2.3625
2.4265
2.3594
2.4142
2.3590
2.3831
2.4123
2.4089
2.3620
2.4302
2.3694
2.3576
2.3766
2.3823
2.3720
2.3865
2.3671
2.3583
2.3642
2.3765
2.3620
2.4158
2.3682
2.3614
2.3672
2.3860
2.3715
2.3657
2.3984
2.3739
2.4060
2.3616
2.3891
2.3919
2.3753
2.3672
2.3730
2.3657
2.3592
2.3826
2.3730
2.3663
2.3587
2.3607
2.4093
2.4174
2.3723
2.4179
2.3538
2.3659
2.3618
2.3861
2.3737
2.3620
2.3573
2.3688
2.3996
2.3831
2.3862
2.3983
2.3650
2.3774
2.3628
2.3842
2.3793
2.3662
2.3639
2.3594
2.3588
2.3964
2.3670
2.3719
2.3632
2.3607
2.3944
2.4126
2.3742
2.3698
2.4124
2.3615
2.3675
2.3484
2.3783
2.3491
2.4156
2.3611
2.3603
2.4344
2.3802
2.3703
2.4156
2.3642
2.3868
2.3642
2.3786
2.3725
2.4107
2.3673
2.3675
2.4451
2.3717
2.3715
2.4101
2.3771
2.3816
2.3622
2.3533
2.3605
2.4043
2.3593
2.3570
2.3608
2.3510
2.3577
2.4023
2.3225
2.3588
2.4099
2.3651
2.3696
2.3912
2.3086
2.3824
2.3496
2.3645
2.3645
2.3886
2.3111
2.3609
2.4140
2.3748
2.3543
2.3993
2.3261
2.4209
2.4253
2.3736
2.3868
2.3959
2.3819
2.3795
2.3782
2.3833
2.3638
2.3843
2.3755
2.3682
2.4161
2.3790
2.3875
2.3947
2.3762
2.3556
2.3470
2.3836
2.3677
2.3689
2.3784
2.3695
2.3958
2.3745
2.3989
2.3811
2.3738
2.3652
2.4006
2.3371
2.3610
2.3696
2.3800
2.4196
2.3759
2.3380
2.3618
2.3661
2.3736
2.3553
2.3970
2.3521
2.3793
2.3875
2.3686
2.4006
2.3747
2.3510
2.3696
2.3881
2.3821
2.3569
2.3950
2.3979
2.4141
2.3679
2.3726
2.3731
2.3765
2.3731
2.3891
2.3736
2.3713
2.4161
2.3981
2.3723
2.3933
2.3755
2.3735
2.3642
2.4169
2.3755
2.3878
2.3732
2.3754
2.3946
2.3479
2.3744
2.3835
2.3766
2.3791
2.3574
2.4166
2.3731
2.4044
2.3772
2.3695
2.3672
2.3869
2.3741
2.4133
2.3628
2.3828
2.4176
2.4176
2.3744
2.4056
2.3988
2.4528
2.3530
2.3779
2.3818
2.3840
2.3651
2.4592
2.4198
2.3604
2.3774
2.4148
2.3875
2.3974
2.3553
2.3778
2.3735
2.3973
2.3812
2.4005
2.3684
2.3633
2.3719
2.3659
2.3646
2.3437
2.3634
2.3638
3.0380
2.3908
2.3577
2.3442
2.4006
2.3598
3.0342
2.3829
2.3590
2.3524
2.3773
3.0328
2.3573
2.4345
2.3515
2.3715
3.0315
2.3758
2.3692
2.3502
2.3744
3.0314
2.3899
2.4078
2.3472
2.3726
3.0335
2.4105
2.3770
2.3525
2.3998
3.0349
2.3800
2.3852
2.3460
2.3573
3.0322
2.3780
2.3524
2.3755
2.4035
3.0306
2.4112
2.3802
2.3766
2.3751
3.0329
2.3842
2.3716
2.3764
2.3923
3.0355
2.3731
2.3794
2.3757
2.3629
3.0331
2.3620
2.3984
2.3772
2.3952
2.3995
2.3977
2.3729
2.3735
2.3712
2.4007
2.3666
2.3816
2.3748
2.4048
2.3808
2.3879
2.3733
2.3798
2.3873
2.3714
2.3555
2.3745
2.3894
2.3883
2.3549
2.3596
2.3636
2.3914
2.3645
2.3577
2.3787
2.3712
2.3823
2.3806
2.3567
2.3548
2.4026
2.3612
2.3615
2.3512
2.3570
2.3585
2.3688
2.3629
2.3627
2.3719
2.3540
2.4115
2.3683
2.3769
2.3525
2.4113
2.3553
2.3636
2.3635
2.3657
2.3721
2.3590
2.3914
2.3624
2.3795
2.3591
2.3843
2.3683
2.3639
2.4109
2.3982
2.3838
2.3533
2.3733
2.3620
2.3613
2.3570
2.4189
2.3723
2.3531
2.3864
2.3933
2.3718
2.3986
2.3660
2.4253
2.3942
2.3858
2.3876
2.3750
2.3899
2.3665
2.3661
2.3944
2.4168
2.3566
2.3625
2.3770
2.3914
2.3713
2.3740
2.4119
2.3784
2.3679
2.3838
2.4069
2.3793
2.3925
2.4025
2.3669
2.3638
2.3829
2.3963
2.3884
2.3659
2.4095
2.3840
2.3855
2.3516
2.3531
2.3783
2.3703
2.3583
2.3923
2.3611
2.4052
2.3738
2.4132
2.4195
2.3604
2.3942
2.3974
2.3890
2.4213
2.3836
2.3956
2.3992
2.3870
2.4082
2.3699
2.3938
2.4088
2.3636
2.4174
2.4053
2.3693
2.3939
2.4178
2.3976
2.4145
2.3700
2.4062
2.3854
2.3927
2.3788
2.4164
2.4044
2.3542
2.3604
2.3817
2.3824
2.3980
2.3535
2.3938
2.3815
2.4105
2.4148
2.3518
2.3823
2.4122
2.3776
2.4062
2.3726
2.4216
2.3756
2.3808
2.4015
2.3537
2.3552
2.3855
2.3782
2.4026
2.3514
2.3751
2.3876
2.4170
2.4092
2.3873
2.3838
2.3981
2.4034
2.3917
2.3959
2.3796
2.3839
2.3800
2.3903
2.3839
2.4076
2.3949
2.3575
2.3759
2.3703
2.3940
2.3550
2.4111
2.4146
2.3720
2.3826
2.3613
2.3925
2.3952
2.3761
2.4137
2.3960
2.3599
2.3734
2.3764
2.4008
2.4006
2.3577
2.4055
2.3749
2.3832
2.4040
2.3591
2.4111
2.3743
2.3558
2.3904
2.3790
2.3859
2.3914
2.4143
2.3777
2.3903
2.3792
2.3672
2.3665
2.3880
2.3644
2.3589
2.3842
2.3663
2.3927
2.3626
2.3629
2.3830
2.4155
2.3583
2.3741
2.3513
2.3925
2.3624
2.3694
2.3583
2.3612
2.3815
2.3836
2.3612
2.3580
2.3765
2.3631
2.3664
2.3723
2.3596
2.3589
2.3757
2.3675
2.3658
2.3703
2.3589
2.3671
2.3637
2.3700
2.3906
2.4160
2.3680
2.3692
2.3608
2.3792
2.3585
2.3751
2.3749
2.3856
2.3730
2.3688
2.4126
2.3518
2.4011
2.3741
2.3635
2.4020
2.3548
2.3739
2.3650
2.3752
2.3975
2.3834
2.3608
2.3721
2.3621
2.3704
2.3833
2.3692
2.3790
2.3747
2.4001
2.3826
2.3683
2.3663
2.4011
2.3706
2.4084
2.3665
2.3619
2.3649
2.3714
2.3999
2.3552
2.3624
2.3672
2.4034
2.3721
2.3666
2.3754
2.3663
2.3677
2.3753
2.3800
2.3810
2.3854
2.3815
2.3659
2.3645
2.3774
2.3925
2.3643
2.3549
2.3614
2.4028
2.3602
2.3546
2.3787
2.3999
2.3786
2.3590
2.4070
2.3701
2.3637
2.4008
2.3624
2.3517
2.3942
2.3633
2.3653
2.3838
2.3855
2.3668
2.3670
2.3682
2.3639
2.3833
2.3772
2.3641
2.3936
2.3661
2.3639
2.3481
2.3709
2.3444
2.3829
2.3525
2.3625
2.3520
2.4172
2.3734
2.4008
2.3685
2.3987
2.3773
2.3797
2.3777
2.4096
2.3688
2.4154
2.3745
2.3938
2.3670
2.3600
2.3755
2.3568
2.3698
2.4060
2.3748
2.3759
2.3749
2.3701
2.3763
2.3809
2.3906
2.3789
2.3993
2.3766
2.4043
2.4120
2.4005
2.3886
2.4055
2.4251
2.4179
2.3725
2.4231
2.4111
2.3846
2.4334
2.3834
2.3397
2.3971
2.3891
2.3867
2.3634
2.3835
2.3756
2.4074
2.3830
2.3957
2.3558
2.3987
2.3561
2.3884
2.3597
2.3998
2.3629
2.4060
2.3793
2.3979
2.3605
2.4028
2.3783
2.3971
2.3893
2.3860
2.3861
2.3873
2.3581
2.3864
2.3758
2.3783
2.3643
2.4069
2.3651
2.3705
2.3738
2.4089
2.3543
2.3956
2.3693
2.3617
2.3852
2.3589
2.3725
2.3846
2.3901
2.3672
2.3976
2.3728
2.3632
2.4007
2.3608
2.3670
2.3967
2.4054
2.3856
2.3602
2.3994
