1.9711
1.9719
1.9523
1.9975
1.9665
1.9858
1.9638
2.0046
1.9850
1.9782
1.9782
1.9429
1.9761
6.8224
1.9587
2.0303
1.9641
1.9757
2.5469
6.5133
1.9815
1.9878
1.9805
2.4214
2.0044
1.9866
1.9713
1.9744
2.0054
1.9721
3.2403
1.9722
3.2470
1.9676
1.9731
8.2511
1.9872
2.9858
1.9966
1.9847
9.9766
2.5912
1.9822
1.9638
2.4983
2.0015
1.9743
8.5149
1.9842
12.0492
1.9441
1.9850
1.9877
1.9741
2.2267
1.9527
1.9879
1.9507
1.9702
1.9709
1.9681
1.9820
1.9634
2.1101
1.9693
1.9591
1.9948
2.3164
2.0394
1.9587
1.9898
1.9748
2.4484
1.9547
1.9795
1.9558
2.4916
1.9808
1.9902
1.9679
1.9718
1.9972
1.9701
1.9800
2.2634
1.9731
1.9649
1.9963
1.9780
2.2461
1.9772
1.9702
1.9710
1.9577
1.9690
1.9934
2.1960
1.9827
1.9691
1.9758
1.9847
1.9726
1.9751
1.9842
1.9700
2.0415
1.9555
1.9667
1.9844
1.9671
2.0203
5.5235
1.9656
1.9942
1.9802
1.9697
1.9839
1.9695
1.9792
1.9671
2.0936
1.9573
1.9682
1.9922
1.9726
1.9804
2.1909
1.9806
1.9669
1.9818
1.9758
2.0384
1.9669
1.9551
1.9648
2.1674
1.9726
1.9719
1.9700
1.9689
1.9745
1.9798
2.6093
1.9657
1.9634
2.8938
1.9916
1.9656
1.9663
1.9576
1.9818
1.9894
1.9729
1.9546
1.9853
1.9779
1.9662
2.6431
1.9574
1.9812
1.9739
1.9575
1.9708
1.9899
1.9868
1.9870
1.9688
1.9615
1.9667
1.9898
4.8909
1.9699
1.9684
1.9623
1.9688
1.9736
1.9680
1.9743
1.9633
1.9862
1.9541
1.9561
1.9512
1.9744
1.9690
1.9727
1.9766
1.9917
1.9707
1.9788
1.9685
1.9873
1.9686
1.9760
1.9693
1.9578
1.9770
1.9856
1.9788
1.9933
1.9791
1.9656
1.9784
1.9676
1.9629
1.9713
1.9808
1.9810
1.9752
1.9838
1.9814
1.9915
1.9636
1.9908
1.9740
1.9977
2.0011
1.9830
2.0054
1.9741
1.9885
1.9733
1.9894
1.9845
1.9768
1.9586
1.9938
1.9772
1.9928
1.9807
1.9750
1.9657
1.9749
1.9977
1.9551
2.0026
1.9748
1.9749
1.9798
1.9493
1.9624
2.0801
1.9777
2.0053
3.9320
2.0185
1.9628
1.9935
1.9813
1.9513
1.9916
1.9787
2.0532
1.9770
1.9757
1.9742
1.9744
1.9767
1.9866
1.9653
1.9916
1.9853
1.9675
1.9829
1.9698
1.9976
1.9748
1.9917
2.0348
1.9941
1.9643
1.9798
1.9579
1.9842
1.9852
1.9865
1.9764
1.9811
1.9754
1.9601
1.9793
1.9599
1.9878
1.9634
1.9688
1.9928
1.9950
1.9723
1.9810
1.9648
1.9645
1.9794
1.9751
1.9717
1.9862
1.9868
1.9888
1.9742
1.9754
1.9705
1.9781
1.9845
1.9775
1.9905
1.9760
6.9344
1.9966
1.9707
5.0871
1.9732
1.9743
2.5629
2.0247
2.0097
1.9564
1.9802
1.9734
5.0789
1.9859
6.6996
1.9624
1.9982
1.9946
1.9537
1.9782
1.9872
1.9674
1.9342
2.0023
1.9833
5.9489
1.9605
1.9995
1.9646
1.9816
1.9608
1.9755
1.9754
1.9796
2.0342
2.0028
1.9608
1.9673
1.9718
1.9720
2.0023
2.0010
1.9673
1.9936
1.9989
1.9948
12.4238
1.9705
1.9750
17.5626
24.4933
1.9771
17.1403
1.9750
3.4169
4.7165
9.9999
1.9868
1.9983
31.1006
1.9875
1.9403
1.9699
23.6745
2.1388
1.9637
33.5803
1.9780
1.9487
17.9600
1.9903
7.4733
1.9625
1.9860
1.9862
1.9429
1.9554
1.9571
2.4809
1.9620
1.9777
1.9629
2.4533
1.9698
1.9803
1.9769
2.4466
1.9885
1.9631
1.9696
2.0228
1.9611
2.1861
1.9848
1.9807
2.3342
1.9504
1.9732
3.1271
1.9878
1.9639
2.0036
3.8519
1.9540
1.9750
2.1711
2.0140
2.0069
1.9829
1.9802
2.0412
1.9630
1.9619
1.9737
2.7207
1.9626
4.1617
1.9879
1.9616
1.9735
3.0306
1.9822
1.9745
2.7639
1.9743
1.9703
2.7779
1.9679
1.9753
2.5514
1.9731
2.8226
4.1965
1.9655
2.7544
1.9653
1.9936
1.9712
1.9651
1.9634
1.9760
1.9643
1.9659
1.9560
1.9566
1.9549
1.9875
1.9710
1.9815
1.9692
1.9693
1.9793
1.9895
1.9929
2.1948
2.1218
3.4003
1.9603
1.9428
2.1516
2.5388
1.9661
1.9681
2.7286
3.3506
3.8409
1.9754
2.2204
2.4941
3.2616
1.9982
1.9865
3.2632
1.9833
1.9724
1.9738
1.9846
3.3811
1.9552
2.3177
1.9646
1.9766
1.9758
3.0746
1.9909
1.9646
3.1992
3.4294
1.9545
1.9851
1.9803
2.5033
1.9653
3.2490
1.9725
2.4141
1.9739
1.9753
2.6312
1.9745
2.8741
1.9745
1.9711
2.9923
1.9864
1.9780
2.3685
1.9926
2.2680
2.7638
1.9682
2.6653
1.9823
2.4491
2.5902
1.9956
1.9710
1.9985
1.9628
1.9873
1.9678
2.0103
