 -11.9201274
 -12.0654896
 -11.7632284
 -11.905755
 -11.8540874
 -11.5589692
 -12.380013
 -11.7886352
 -11.6973386
 -12.4267814
 -11.7973956
 -12.051761
 -11.3772868
 -12.013881
 -11.8588266
 -11.9011430000001
 -12.0017966
 -12.0501156
 -11.9336568
 -12.0473076
 -12.029096
 -11.3288712
 -12.0540944
 -11.6994594
 -11.9963056
 -11.6798936
 -11.8058128
 -11.6940898
 -11.8532488
 -11.4168134
 -11.6630152
 -11.3608582
 -11.3890952
 -11.5939514
 -11.8833826
 -11.7105002
 -11.9625164
 -11.9879166
 -11.394115
 -10.353051
 -11.939424
 -11.887096
 -11.6698852
 -11.5655844
 -11.0922354
 -11.0621286
 -11.0538592
 -11.148758
 -11.0864604
 -10.97574
 -11.2040368
 -11.1807638
 -11.3582252
 -11.4002532
 -11.411806
 -11.29515
