24.42
29.49
22.57
40.09
33.9
40.21
25.77
29.22
37.48
36.14
24.57
25.71
40.2
36.76
19.81
28.24
39.66
35.1
26.35
32.84
40.09
33.82
32.26
29.15
41.1
37.89
29.07
25.44
36.77
37.74
25.05
25.77
38.66
36.17
32.11
25.29
40.79
34.88
30.26
33.13
36.75
36.49
26.87
33.82
34.98
38.45
27.09
30.79
35.14
39.93
28.85
32.3
38.15
37.84
28.43
29.9
38.27
37.45
29.51
33.76
38.99
36.44
31.85
26.39
38.53
38.17
28.55
32.5
38.44
40.61
27.81
32.89
34.75
36.52
30.03
36.8
33.93
40.71
31.49
34.56
38.78
38.41
27.68
32.12
36.07
37.01
27.04
33.09
38.17
35.77
26.94
35.71
37.55
37.11
30.78
35.63
35.35
40.23
29.91
29.88
35.81
36.16
25.51
36.71
34.31
35.33
32.09
33.05
30.68
32.14
30.62
32.8
37.02
36.1
32.37
34.64
36.55
34.59
26.3
40.64
39.22
31.42
30.83
31.01
34.59
34.11
29.59
43.94
32.54
32.29
30.36
39.52
35.95
36.97
27.39
33.13
35.84
31.81
26.05
37.27
35.08
27.96
23.08
40.2
40.54
27.98
21.68
39.77
33.89
24.1
21.82
37.37
39.14
26.26
26.54
35.78
32.96
27.17
29.38
34.12
36.55
31.13
28.58
34.57
34.98
24.21
35.44
33.44
41.09
25.88
24.49
37.27
35.03
23.35
25.97
38.23
34.95
25.61
25.94
34.06
40.04
26.38
25.89
31.46
40.88
28.11
26.32
37.01
39.79
26.27
27.26
37.79
40.84
28.76
29.83
35.9
39.18
18.77
26.21
31.92
37.65
26.2
28.13
36.09
39.63
27.35
23.35
39.33
34.61
25.77
27.84
33.62
33.64
27.79
28.15
36.17
37.6
22.93
32.06
34.16
36.36
24.16
32.17
31.81
29.98
27.28
34.57
35.79
27.16
27.61
29.95
35.35
29.7
23.76
37.49
35.69
30.87
26.03
30.91
37.65
27.71
28.94
32.48
36.32
29.57
32.58
34.4
40.49
20.92
35.4
27.8
34.9
26.11
35.91
26.11
35.37
33.84
32.98
29.8
35.57
26.05
26.28
34.54
32.65
28.75
27.8
31.77
37.64
30.79
24.55
36.57
35.03
30.32
27.79
35.9
28.5
25.87
29.97
36.21
30.94
32.08
28.99
34.39
37.34
31.79
27.8
33.04
33.39
31.52
28.99
32.49
34.36
29.18
31.83
36.85
30.26
36.93
34.92
28.02
38.21
32.55
32.19
29.63
34.47
32.67
33.48
30.53
28.61
33.84
35.51
27.9
33.7
36.88
35.16
26.32
38.83
38.21
30.01
27.11
39.6
38.78
33.7
23
31.14
34.93
32.02
29.01
38.68
42.11
32.82
25.71
36.28
40.41
35.45
28.43
37.27
41.56
35.35
28.93
31.83
40.77
36.8
27.45
37.21
43.15
34.62
26.3
37.14
40.73
30.24
25.02
39.17
40.44
34.61
25.54
36.8
39.68
34.38
26.93
40.29
39.71
33.79
26.57
37.71
38.39
33.38
25.07
37.98
33.24
35.69
28.98
36.36
32
39.51
30.28
42.88
36.76
34.38
30.29
39.62
40.36
34.16
31.32
35.37
36.37
36.91
31.89
35.54
39.87
39.15
23.07
37.68
35.86
37.46
27.1
38.18
38.56
35.21
29.22
40.2
32.85
37.19
26.07
38.32
32.99
40.57
23.85
38.72
37.03
39.99
21.79
37.58
40.05
36.57
28.08
36.93
38.05
32.24
25.77
36.24
37.97
37
25.7
38.49
34.86
37.92
26.27
33.56
36.42
35.01
25.37
27.27
38.5
33.88
23.35
33.65
34.28
38.9
27.66
33.98
32.96
34.01
28.64
33.48
35.06
33.37
28.07
31
33.88
32.8
26.07
33.64
31.59
32.7
25.81
31.74
35.62
33.94
32.5
38.62
37.12
31.45
28.74
35.64
32.77
29.68
31.2
37.89
39.76
33.24
26.88
40.76
38.23
39.81
27.85
29.07
32.14
37.61
32.3
27.96
30.65
33.06
31.58
25.28
38
33.84
32.91
23.43
37.2
37.87
28.29
23
34.94
35.49
30.46
23.59
40.14
29.76
31.02
28.33
33.84
33.2
37.78
33.4
36.69
33.93
28.21
29.87
39
35.84
32.98
29.47
36.69
36.16
34.11
28.53
37.6
31.3
34.75
28.53
34.33
32.65
33.3
29.69
31.79
37.43
31.17
28.69
34.38
38.33
29.53
30.22
38.36
34.04
28.55
30.57
34.89
35.56
34.82
31.35
35.98
34.18
30.01
33.28
34.71
34.36
28.06
36.69
40.65
34.17
28.45
29.91
37.63
37.97
24.07
25.31
38.23
37.78
24.3
32.09
33.44
37.76
24.66
36.77
31.87
39.99
28.35
30.17
32.29
34.72
25.18
29.77
32.22
34.81
27.54
30.54
38.23
36.71
21.98
35.48
31.33
35.08
28.22
36.15
31.98
40.13
26.43
33.25
32.74
42.15
26.41
32.15
29.96
37.18
25.25
37.51
32.55
38.53
24.49
32.8
37.34
35.93
24.02
34.97
33.79
39.06
31.69
33.56
39.69
33.48
32.22
30.93
33.19
32.72
26.95
31.96
29.91
31.81
24.34
32.67
34.4
36.85
29.25
37.33
37.92
33.89
26.71
37.78
37.79
38.63
26.73
29.32
36.17
38.38
23.07
36.85
36.14
38.1
33.09
34.23
33.08
43.01
22.7
36.34
39.79
41.02
27.58
31.37
32.2
37.05
32.37
28.16
33.21
36.82
31.42
31.86
36.47
37.87
28.45
36.53
33.71
40.61
28.36
30.87
34.03
37.51
27.21
33.41
30.81
37.5
24.9
30.06
33.43
33.14
31.66
33.41
34.91
34.67
29.92
35.11
30.24
33.9
27.72
34.36
35.18
33.39
28.8
36.32
34.04
35.86
27.09
35.26
35.88
36.81
30
33.28
30.91
33.93
24.64
31.99
34.24
36.36
25.41
30.04
34.5
37.63
24.33
35.16
36
41.47
32.99
40.42
31.3
38.27
33.01
36.84
34.91
38.76
29.21
36.29
30.29
42.18
24.89
36.6
34.92
38.09
28.36
35.24
34.32
36.78
27.21
35.04
35.71
42
27.85
36.48
30.07
34.16
26.29
38.14
31.5
31.99
29.89
33.67
32.46
35.38
28.21
42.7
31.2
33.4
26.65
36.39
32.45
39.56
29.79
34.23
36.47
39.19
33.68
35.13
34.19
30.01
29.74
39.51
38.44
27.13
25.93
36.1
30.48
29.9
31.53
33.66
30.84
28.55
27.94
30.82
33.66
29.11
29.76
27.97
31.5
23.95
29.92
30.89
31.92
26.46
26.33
27.41
32.24
23.29
29.45
34.08
37.53
27.5
28.54
33.06
35.64
27.06
27.81
35.3
33.03
31.27
27.39
32.47
28.88
30.22
30.02
32.18
31.21
29.69
23.44
34.35
31.21
29.71
27.33
36.49
35.54
33.84
24.77
40.44
34.17
32.73
25.28
30.76
33.97
35
22.43
32.66
33.63
33.17
28.99
30.23
37.11
37.54
27.38
30.69
40.13
34.87
26.03
29.54
35.01
34.88
22.58
33.01
33.95
36.48
23.21
32.12
36.55
38.95
26.84
32.67
33.8
34.8
27.07
36.97
32.95
37.83
34.7
29.74
33.78
35.01
30.2
30.87
34.95
39.17
30.63
29.08
34.89
35.11
24.88
33.05
34.67
36.88
29.17
35.93
36.9
38.91
26.72
34.55
34.89
40.55
23.09
31.28
41.27
39.09
22.17
27.46
34.46
42.01
23.16
31.02
39.57
36.38
19.83
28.36
38.35
37.36
23.98
30.5
34.58
38.94
24.6
32.74
37.73
41.32
19.42
29.66
33.58
37.13
23.6
26.52
35.85
38.15
23.12
28.68
32.6
35.67
26.44
28.26
39.25
35.71
26.38
30.87
35.06
35.11
23.76
29.68
38.34
37.79
28.8
29.4
36.99
36.94
30
36.43
37.01
35.1
26.67
33.93
40.74
39.17
24.52
30.77
34.91
38.24
20.47
29.07
36.68
36.81
23.9
31.71
32.08
35.36
22.28
30.63
33.72
39.07
22.6
27.89
31.8
38.29
25.01
32.7
30.21
38.78
21.18
36.55
35.34
36.15
29.72
34.7
35.52
39.39
24.45
34
34.69
38.46
25.52
35.07
32.45
40.73
24.1
36.68
33.02
34.72
24.74
35
34.65
40.02
24.63
31.91
31.57
34.96
26.72
36.5
33.19
38.3
21.23
34.61
31.67
33.74
25.51
40.01
28.05
34.05
25.31
35.26
32.45
39.02
24.79
31.4
31.27
32.37
25.67
35.55
29.19
36.04
23.39
30.83
27.26
33.65
22.26
38.06
31.2
33.95
25.73
30.98
30.38
41.45
22.17
33.24
34.05
36.44
25.86
35.8
27.34
32.51
28.42
32.18
32.47
34.92
31.04
35.27
32.98
42.85
23.46
40.23
25.84
41.85
28.73
35.83
32.03
40.96
20.15
37.6
29.92
40.52
23.41
38.94
31
38.08
24.04
35.56
27.44
37.92
25.32
38.01
31.32
39.6
30.29
36.51
29.54
43.49
25.63
35.31
38.88
39.99
22.7
39.09
33.27
42.96
24.17
41.54
35.34
44.49
28.97
35.92
36.86
38.2
25.74
37.03
36.13
43.76
23.03
36.09
33.22
39.58
27.54
37.13
36.9
39.72
29.5
36.75
35.17
40.28
29.46
35.01
36.98
35.6
27.69
31.93
34.52
42.59
28.11
36.83
36.83
43.66
27.15
38.81
35.78
39.18
22.7
37.53
33.35
39.76
21.94
34.6
33.64
37.23
23.5
28.22
35.99
41.66
30.03
28.86
34.14
41.38
28.87
34.27
36.86
40.9
25.62
35.78
39.39
40.37
24.36
34.93
35.85
38.56
27.25
30.07
42.83
38.26
20.16
35.98
34.89
37.56
23.58
34.66
29.12
36.65
21.38
26.47
33.25
41.62
23.85
37.07
32.65
38.13
20.74
31.21
35.38
38.31
23.31
33.15
33.24
36.04
25.14
33.85
40.08
39.99
25.94
39.87
34.74
38.02
26.59
42.68
32.19
43.19
27.21
35.02
34.61
43.3
30.73
37.61
32.45
37.46
30.92
32.23
30.55
38.92
32.27
31.47
29.43
43.18
31.23
35.89
33.71
44.61
26.06
30.05
33.55
41.81
24.31
36.3
31.4
38.59
29.89
29.6
34.03
38.72
29.66
37.06
32.43
39.73
28.96
33.79
32.89
40.49
26.94
33.74
34.52
44.94
22.05
35.83
33.51
37.66
30.62
41.11
30.35
37.58
24.07
38.06
28
33.46
27.81
35.92
35.28
35.63
29.64
40.04
35.51
38.74
30.27
32.35
33.81
35.06
28.14
41.62
32.46
40.08
23.41
42.94
34.28
43.33
22.1
32.37
36.02
39.04
21.98
38.46
33.56
42.52
20.58
36.52
32.58
40.99
24.76
39.49
30.93
38.06
23.52
37.63
32.39
35.65
30.69
38.61
35.37
37.37
26.35
37.21
32.56
39.24
32.12
32.26
35.91
37.66
28.68
37.94
34.38
42.95
26.61
37.39
29.76
39.88
32.24
33.39
32.11
36.54
31.02
37.55
33.3
39.45
37.68
37.68
37.25
35.79
33.12
37.2
37.88
39.74
30.96
41.1
34.46
38.42
27.79
40.47
33.47
34.23
31.27
43.64
34.69
35.67
35.28
39.06
36.43
34.83
32.44
39.23
37.78
30.58
30.54
44.07
38.48
34.84
34.64
39.74
32.5
32.37
31.77
37.93
33.82
30.7
34.56
37.51
33.16
32.74
33.23
38.05
41.99
33.24
34.93
44.96
36.97
35.54
34.58
40.39
36.2
35.39
36.46
44.19
33.37
32.85
32.19
36.22
33.87
34.19
21.35
38.45
35.59
37.04
26.7
36.75
35.33
32.17
23.81
34.88
33.77
32.38
23.62
40.01
37.86
36.97
28.97
39.81
36.88
36.73
25.32
37.6
38.07
36.54
31.05
38.21
34.31
41.11
27.59
38.76
35.79
42.4
29.48
32.94
37.75
45.72
30.17
38.87
39.29
39.63
26.66
37.53
33.45
39.49
29.98
42.2
33.73
35.16
25.35
39.23
34.53
40.14
25.81
36.07
36.69
39.01
25.63
36.27
32.61
38.87
25.81
40.09
32.7
36.56
19.9
35.42
28.17
38.44
23.12
33.93
32.04
39.92
25.41
37.82
34.88
42.38
23.63
31.59
31.8
40.7
19.37
30.85
30.82
40.94
21.71
33.77
33.69
41.86
22.55
32.91
34.08
40.61
25.74
34.93
29.49
43.74
23.07
32.74
30.76
36.72
24.39
40.79
31.17
44.25
28.41
32.44
30.58
36.84
26.04
35.4
29.78
43.8
23.64
36.46
34.15
39.87
25.75
37.2
31.85
38.39
27.65
35.23
35.63
38.25
22.81
39.46
33.4
39.65
27.58
41.41
33.26
39.65
28.22
41.92
31.95
39.69
26.7
34.73
31.56
36.29
24.92
33.48
31.23
35.21
25.22
35.22
33.93
38.77
28.08
37.56
30.37
38.81
32.68
36.44
29.96
37.6
33.46
34.54
33.09
39.74
32.05
38.81
36.39
41.22
29.4
37.88
35.3
39.64
30.04
38.27
34.7
34.02
26.49
42.41
35.24
41.94
24.9
36.97
38.69
36.45
29.33
36.94
37.38
39.76
31.62
35.25
37.08
40.99
27.82
33.33
37.02
42.68
27.63
32.4
40.64
38.23
28.2
35.8
38.93
38.18
27.15
30.78
35.49
37.29
31.79
31.73
39.65
32.5
28.63
34.12
36.17
34.31
30.29
35.06
37.86
33.78
30.48
37.79
37.71
27.99
30.09
31.23
35.82
30.62
31.92
42.64
37.27
31.51
29.68
37.64
32.68
29.52
27.63
41.86
38.17
27.76
33.81
32.28
35.91
28.6
24.96
35.03
38.99
31.74
27
36.82
34.02
31.79
26.88
38.47
37.45
35.73
23.63
40.35
37.34
33.92
30.43
42.12
40.63
29.38
29.52
39.49
33.95
36.94
25.2
36.45
40.65
35.76
27.99
38.22
38.18
33.76
28.47
37.51
34.41
35.87
27.9
41.4
37.58
36.11
28
33.49
36.36
36.13
26.85
36.61
35.82
31.28
26.38
34.33
36.53
38.56
29.11
36.43
37.51
40.29
28.04
33.75
41.39
36.29
23.92
38.69
36.28
34.68
25.54
39.41
35.6
33.46
29.57
36.85
36.96
39.18
30.15
38.28
43.51
33.81
30.57
40.8
32.52
38.15
30.46
41.42
37.88
36.11
26.55
37.54
36.62
38.08
25.56
37.78
34.34
31.85
28.22
37.44
34.44
37.97
21.91
33.27
39.32
34.09
26.61
35.03
40.79
33.33
27.57
35.5
35.41
35.97
25.9
33.65
39.38
36.62
24.49
30.9
35.3
34.68
29.56
30.87
36.59
34.37
27.24
32.18
34.4
36.06
30.66
34.09
34.42
35.78
28.16
35.81
39.93
32.95
27.52
36.16
37.11
33.32
33.31
30.04
35.35
30.27
28.11
32.09
34.92
33.33
29.52
32.5
37.82
37.22
29.4
38.83
38.86
35.26
27.06
31.38
37.78
37.21
24.56
30.86
35.18
37.73
22.25
34.43
43.25
33.34
28.58
33.1
37.07
39.3
26.25
31.21
37.01
34.63
26.51
31.55
39.43
31.73
30.66
38.25
39.53
28.36
26.78
35.01
35.27
28.37
24.89
35.23
35.5
25.91
24.98
40.03
33.87
34.82
29.05
31.14
36.82
32.64
24.08
33.78
37.81
33.27
24.95
30.7
39.68
35.88
31.81
32.8
37.09
29.68
23.01
38.59
41.46
32.25
31.26
36.41
40.36
34.85
23.83
29.13
38.97
36.61
25.67
34.39
40.08
28.51
28.54
40.53
38.54
34.17
24.83
35.5
37.47
30.41
26.69
34.68
36.86
32.08
24.65
41.07
38.42
31.03
27.54
34.84
38.42
35.9
25.32
39.69
37.03
37.57
28.15
38.66
38.8
35.45
24.65
37.02
38.07
37.13
32.17
36.99
39.35
32.04
29.8
37.99
37.12
34.5
30.54
36.59
40.65
36.21
25.7
34.57
43.15
32.3
30.48
40.02
44.01
37.81
27.21
39.6
41.12
38.83
28.63
31.55
41.41
40.93
25.7
34.29
40.37
31.4
29.94
31.64
41.27
35.96
24.41
30.5
41.01
44.2
20.79
35.01
32.82
35.51
29.88
37.17
37.52
30.42
27.45
36.4
35.92
36.73
24.53
34.08
36.43
32.46
23.66
35.66
35.91
23.1
19.5
35.4
29.85
27.05
24.09
34.88
41.56
26.6
23.34
32.78
41.77
36.65
23.8
30.69
38.42
32.41
21.63
30.93
40.99
31.05
25.24
29.49
47.72
28.46
21.93
31.72
42.09
31.32
18.93
27.6
41.25
33.99
26.63
37.64
37.57
33.07
27.22
25.09
41.29
32.96
29.19
27.89
34.77
37.57
28.71
34.06
39.13
37.68
25.86
27.26
39.7
35.79
29.05
33.7
43.35
33.63
28.37
26.73
45.72
34.89
33.05
31.2
49.83
35.37
22.77
28.61
43.05
38.03
27.27
30.17
45.37
37.04
30.06
28.9
44.45
41.11
24.28
30.58
44.37
33.27
31.28
29.35
44.82
38.82
27.14
28.44
47.5
36.5
27.28
29.06
46.89
29.85
25.4
28.01
42.18
35.97
23.73
31.98
38.87
40.13
27.16
26.32
42.74
33.61
31.91
28.15
40.03
32.71
22.87
33.32
39.88
33.83
24.78
31.35
36.42
35.24
23.9
27.07
37.84
33.89
23.05
27.23
35.59
33.61
20.81
27.85
35.88
32.99
20.04
24.9
35.11
39.54
21.48
27.23
30.18
38.33
22.06
26.2
36.12
37.75
25.87
24.64
33.23
37.27
23.14
27.3
34.73
34.41
28.06
26.16
39.05
38.61
24.01
21.96
31.94
37.98
32.66
21.29
38.35
38.92
30.19
23.17
37.17
41.75
26.21
23.46
33.63
41.34
26.89
26.2
31.43
40.68
27.01
29.52
34.46
39.2
33.38
26.16
33.94
35.92
36.77
27.35
35
35.38
35.35
29.73
32.97
33.2
35.76
24.79
37.11
31.9
33.76
24.26
40.95
36.29
32.86
22.26
36.29
34.08
34.02
29.14
35.24
32.29
36.33
23.34
39.85
36.48
35.43
25.28
35.29
33.66
33.84
26.66
37.15
37.72
33.3
31.28
39.92
36.72
33.63
27.26
39.44
38.59
32.89
28.29
34.8
36.58
29.73
26.15
39.81
35.53
28.8
26.17
41.03
40.38
30.39
24.07
34.12
32.34
29.58
27.71
42.28
40.22
23.92
28.28
38.75
34.08
25.79
24.86
35.32
39.46
26.69
30.6
41.19
33.7
30.32
24.91
33.86
37.54
27.06
25.55
33.46
36.46
32.39
27.07
29.57
36.68
32.4
30.12
35.98
27.76
32.63
25.43
31.99
31.92
31.86
26.2
31.57
37.06
28.9
28.03
35.31
33.83
30.69
28.4
36.55
31.89
25.29
23.15
34.07
34.56
27.66
33.05
32.35
35.59
25.92
29.47
34.78
35.76
32.54
33.89
37.21
34.47
29.13
26.29
34.83
32.06
31.23
26.19
32.55
34.77
25.17
28.23
33.27
37.48
29.22
26.82
33.3
39.17
27.05
29.36
32.6
27.3
29.06
25.35
30.53
31.58
20.37
26.39
33.51
29.48
23.26
22.67
33.24
29.33
26.58
21.66
33.63
33.7
23.58
18.41
29.72
31.75
28.89
20.68
30.27
30.55
25.14
23.11
28.82
30.2
26.02
25.64
31.62
26.59
23.4
25.07
34.29
31.97
25.16
22.42
35.25
31.07
28.13
24.44
40.47
31.14
31.46
22.21
39.51
33
24.6
21.53
31.64
32.17
30.23
24.96
34.65
32.84
32.92
21.19
33.9
33.73
33.62
16.87
34.03
31.48
33.58
25.91
35.8
35
32.6
22.01
34.85
30.58
34.08
18.15
35.31
30.3
29.47
25.05
29.97
37.05
34.62
23.02
29.68
32.1
29.59
23.11
32.77
33.72
28.25
24.72
32.2
39.24
28.38
23.84
34.51
35.5
32.93
21.07
32.08
40.08
28.41
25.17
31.77
38.98
33.38
29.32
32.07
29.82
31.88
24.55
33.64
27.72
36.72
25.73
33.71
32.88
32.76
27.79
33.05
33.68
31.88
23.87
29.88
31.51
36.95
28.82
34.64
32.07
26.88
25.85
36.43
36.2
33.81
26.26
33.84
37.59
34.18
33.45
39.67
31.37
30.47
29.91
37.36
29.85
31.6
26.53
31.92
31
34.2
27.77
38.35
29.53
32.97
25.12
36.42
28.98
29.52
27.66
31.01
31.75
26.76
28.5
33.07
28.49
29.53
26.86
36.78
31.46
31.9
28.21
33.63
34.03
35.04
23.19
38.34
36.47
27.55
32.84
34.64
35.63
32.3
29.61
39.15
34.99
25.04
26.99
37.91
34.97
31.74
28.2
35.34
37.54
33.12
24.7
36.48
33.98
27.64
24.64
35.41
37.07
29.96
31.46
39.03
33.69
26.65
24.32
42.61
42.7
30.23
23.65
39.42
41.57
29.05
21.23
37.49
45.37
31.45
24.66
39.51
44.05
25.38
23.56
39.14
44.42
28.92
17.64
33.94
45.84
28.19
23.79
37.62
44.54
26.31
23.4
37.47
47.04
28.45
23.86
38.4
46.53
27.34
22.52
34.46
46.57
22.34
22.12
34.66
43.24
24.49
24.22
36.68
43.98
24.58
25.56
38.09
42.37
28.11
27.22
35.97
45.53
26.73
23.51
35.05
45.94
27.51
28.07
32.54
46.25
25.64
25.88
33.22
42.99
25.74
21.39
31.21
41.75
24.04
24.01
37.43
40.93
25.61
21.57
30.49
44.49
24.71
28.32
28.12
47.17
21.97
23.67
29.48
43.52
26.77
24.03
30.43
43.65
27.9
23.75
35.37
43.75
26.09
27.21
33.07
43.07
27.15
24.64
32.07
45.61
27.64
25.13
29.55
42.92
27.9
28.49
29.73
46.95
26.47
24.02
30.13
46.91
25.98
23.72
27.79
46.13
29.25
27.56
31.35
50.34
22.74
25.21
28.42
46.37
26.85
25.32
29.78
48.73
25.14
22.65
32.82
46.24
22.25
29.19
26.49
45.55
23.6
27.38
27.9
40.35
21.81
27.78
28.12
39.12
22.37
26.29
30.5
33.96
21.71
27.38
32.35
34.15
26.91
27.02
27.81
35.9
24.17
27.04
24.03
33.6
23.24
26.91
29.6
35.18
26.95
22.89
23.93
40
33.16
25.11
29.75
40.95
30.27
32.36
26.27
37.95
28.33
27.37
26.42
40.31
29.57
28.25
26.23
39.08
26.83
25.46
25.09
35.36
31.85
31.25
27.17
36.57
21.16
28.33
27.84
36.72
26.41
25.23
28.67
35.92
23.69
26.75
27.58
35.12
24.35
26.71
25.12
38.65
31.96
21.79
26.42
34.02
29.53
26.93
30.98
37.01
28.38
27.64
31.08
33.7
27.28
28.63
31.54
29.88
28.71
24.41
26.65
35.93
27.48
21.57
34.37
31.82
27.01
24.94
31.24
31.92
21.38
27.27
27.84
33.3
23.51
28.56
31.67
30.84
26.56
29.79
31.41
31.37
30.64
25.08
35.36
36.64
29.29
24.78
32.11
28.46
34.55
30.15
31.73
30.3
31.51
27.14
30.05
33.52
28.34
26.34
26.23
35.92
25.17
25.49
32.68
37.29
28.34
27.29
27.38
36.81
28.26
25.86
24.97
36.67
29.55
26.14
28.64
35.05
31.17
33.06
23.9
31.93
28.57
24.27
31.08
35.04
31.99
27.75
31.26
37.07
23.6
32.21
32.27
31.61
24.93
26.19
36.36
33.26
27.78
33.58
29.97
32.94
22.29
32.44
33.42
35.98
29.17
28
34.57
34.17
26.34
29.67
35
31.06
33.4
25.75
38.15
28.97
33.87
24.51
33.15
31.94
28.83
24.53
33.26
29.41
31.93
29.99
30.62
30.03
26.06
31.16
36.45
25.25
25.19
29.93
40.02
24.91
25.51
33.94
44.02
27.04
22.22
24.85
37.7
27.5
25.78
32.03
35.97
23.46
23.92
29.82
39.99
26.1
27.45
30.18
37.78
24.43
26.07
26.25
39.05
23.44
26.09
29.77
36.94
25.86
22.77
30.31
37.32
21.71
27.08
29.86
41.31
22.98
28.8
28.15
38.71
22.22
28.86
26.45
34
20.33
27.03
29.06
32.91
24.16
28.64
28.5
35.04
20.36
33.21
32.99
39.12
25.72
28.5
33.08
32.05
21.12
32.46
32.68
37.75
19.08
19.99
25.27
32.6
18.89
26.72
28.85
37.74
26.53
28.02
36.74
33.77
19.68
29.7
28.14
34.76
16.72
27.5
31.74
37.02
18.72
21.43
30.77
35.73
20.54
23.04
30.26
32.93
21.37
23.66
31.09
36.15
18.5
25.44
25.19
37.26
21.51
25.49
31.35
38.51
25.68
22.36
30.91
39.38
23.24
26.05
30.19
34.49
24.83
25.63
32.39
35.3
27.7
23.4
38.52
36.54
22.94
23.76
31.5
34.82
24.01
24.75
30.84
36.41
28.81
23.46
33
34.59
29.07
21.83
28.7
35.36
26.2
26.26
28.19
38.43
24.18
25.09
25.88
37.18
26.34
30.04
28.51
36.66
26.97
27.54
30.52
33.41
24.47
28.07
29.44
39.53
22.28
28.67
31.14
40.22
19.86
28.51
32.06
38.59
27.67
31.44
34.69
41.66
26.43
20.76
38.72
37.73
26.54
26.55
29.93
34.78
28.96
25.81
32.02
35.8
27.18
26.22
31.16
35.85
18.87
22.45
31.2
35.76
23.87
30.55
29.3
38.54
23.47
25.95
30.54
38.97
24.18
24.98
32.96
31.64
26.16
24.49
37.66
39.57
24.75
22.2
34.1
33.16
23.21
27.21
31.92
37.21
23.14
25.99
28.94
36.28
22.5
27.51
29.62
32.92
22.65
27.74
34.51
38.04
28.9
26.08
30.09
39.37
23.03
22.85
25.52
34.24
21.34
22.74
29.8
35.14
24.38
28.49
26.99
38.28
24.27
27.12
31.47
36.15
22.49
25.99
31.88
33.97
22.62
27.63
27.77
32.29
20.54
22.24
28.91
35.76
19.64
28.11
25.43
31.34
23.39
27.56
30.79
34.1
20.42
29.01
28.66
35.35
21.2
30.18
26.69
29.85
20.91
34.95
28.72
36.5
23.46
28.27
28.25
34.99
25.8
28.6
25.76
39
22.53
29.96
28.96
35.92
19.64
28.97
33.06
37.58
23.29
25.9
25.18
38.03
24.91
25.28
30.58
38.58
31.46
29.57
31.79
42.26
30.85
25.29
30.92
39.11
31.27
22.86
35.22
38.86
27.89
25.23
31.94
41.34
23.57
27.99
35.63
34.71
25.62
23.5
28.98
43.15
21.79
26.8
30.84
40.86
24.85
24.33
32.46
42.47
23.51
26.98
30.08
39.7
30.59
28.42
26.71
40.07
31.25
27.37
29.54
39.3
23.71
25.31
22.67
38.81
25.39
28.09
30.05
44.09
21.48
33.35
31.33
43.29
24.46
27.45
25.83
45.71
31.47
25.07
27.5
42.49
30.52
27.34
28.29
42.27
29.04
26.83
23.52
41.7
22.44
30.49
28.7
42.3
22.73
28.56
25.13
47.2
25.43
31.83
30.63
46.01
25.27
34.08
27.94
41.38
19.5
23.1
30.48
40.11
25.55
27.06
28.71
40.19
22.31
26.41
27.44
36.18
21.68
23.82
25.78
39.95
19.56
24.94
27.45
38.58
23.62
22.82
27.82
35.74
21.29
25.86
28.25
40.47
20.02
25.37
30.82
42.07
23.85
26.71
28.35
38.97
23.53
29.29
28.88
38.18
12.93
24.32
26.08
43.73
24.85
30.65
34.28
40.52
20.96
31.5
26.78
41.29
16.66
26.85
24.65
41.41
25.57
27.21
27.28
40.51
23.95
26.34
37.88
42.63
22.55
23.12
32.01
38.41
19.41
20.43
29.76
41.19
18.08
22.67
30.23
39.24
18.59
26.83
26.68
39.93
27.53
25.95
30.48
38.96
20.66
28.56
23.36
42.3
21.13
27.64
27.7
39.26
26.19
26.72
26.08
37.94
27.52
28.18
27.2
40.19
28.05
28
28.52
40.98
34.24
29.96
28.29
40.77
30.4
25.23
31.72
38.05
32.63
27.04
27.78
42.56
30.67
24.14
25.37
38.78
35.57
20.63
27.14
36.2
35.24
21.32
25.08
40.92
31.61
24.73
26.63
42.98
35.21
21.8
20.37
38.1
34.25
25.73
23.09
40.68
34.33
25.42
25.64
42.13
27.05
28.47
26
42.09
25.45
28.25
24.37
39.82
26.81
32.84
21.07
37.37
29.46
28.71
21.79
40
27.52
30.09
25
35.7
30.24
31.28
26.6
35.89
26.11
31.14
30.51
38.69
25
29.41
24.86
35.61
24.04
25.46
29.64
39.55
28.87
30.65
27.79
36.46
25.99
22.53
24.52
40.05
25.15
23.45
29.8
40.74
23.25
24.29
21.83
42.13
23.89
22.98
26.69
36.72
24.96
26.22
27.64
40.31
21.03
23.32
27.89
36.86
24.27
28.69
25.91
39.91
28.29
21.91
25.77
38.35
23.35
22.32
29.31
47.02
25.66
25.52
23.3
39.72
25.61
26.6
23.97
40.01
26.19
31.09
23.92
36.51
22.19
25.84
23.23
36.75
23.93
24.2
26.61
38.74
21.73
29.46
28.31
38.3
25.23
22.27
29.04
41.72
25.33
23.39
29.3
36.42
23.06
28.14
25.28
37.26
25.45
25.37
29.3
39.78
24.38
24.25
33.4
40.3
25.64
21.22
24.87
39.7
26.33
23.07
31.86
38.64
24.91
27.69
29.09
36.91
28.03
28.82
28.74
37.76
24.92
28.74
25.41
39.03
25.93
26.33
22.82
39.96
28.55
28.01
25.44
33.33
28.22
23.35
21.81
39.73
27.45
24.61
22.43
38.89
24.53
27.02
22.97
36.84
22.9
25.89
25
38.73
22.14
27.32
22.05
38.67
23.32
24.21
27.48
36.69
24.76
33.27
23.08
35.27
20.54
31.41
25.51
38.69
22.72
27.72
31.09
36.23
19.14
25.6
28.93
33.76
22.19
25.18
30.73
30.59
25.57
25.62
32.12
32.6
23.11
30.78
24.37
36.48
22.45
24.16
29.61
37.55
23.39
27.92
26.36
32.33
29.74
25.31
26.53
35.16
26.07
28.8
26.22
33.74
30.3
24.18
24.23
33.86
28.95
30.7
26.91
38.71
24.28
32.68
24.94
35.42
27.77
24.64
28.43
38.06
24.23
25.8
33.1
39.11
31.04
32.11
31.42
37.01
27.21
30.82
24.27
36.4
28.61
26.7
32.72
39.33
30.65
28.47
31.57
40.1
31.01
30.71
35.97
34.85
40.07
31.22
41.7
38.01
34.1
29.13
38.51
35
34.64
27.9
39.04
37.1
35
31.91
41.44
35.51
39.42
28.51
39.18
39.21
43.82
33.25
37.89
38.61
43.76
33.42
38.84
35.19
37.95
30.69
36.56
36.99
41.55
28.9
35.62
30.95
42.75
32.55
39.52
35.4
42.13
31.33
37.63
38.54
39.33
31.45
42.06
42.48
39.18
31.13
37.57
36.91
36.36
31.31
40.51
35.16
33.77
32.19
41.67
36.66
36.76
33.36
34.84
37.12
36.01
34.66
40.95
40.1
42.7
32.62
35.85
36.67
40.85
28.71
39.47
37.9
41.81
30.71
38.03
38.58
50.49
36.01
40.57
36.63
43.96
33.82
38.49
36.65
38.68
36.92
35.8
35.11
39.07
27.15
39.34
33.5
43.56
30.09
35.71
34.64
47.77
24.83
30.12
34.99
46.45
29.29
32.7
33.02
44.21
34.99
36.52
33.82
44.73
30.26
41.92
36.68
44.68
30.29
38.85
36.43
40.51
22.1
39.14
40.85
37.53
23.06
45.55
39.55
39.14
25.89
34.67
33.99
40.29
24.75
32.65
36.85
39.88
24.45
38.84
37.16
41.32
25.46
36.38
40.32
41.06
26.33
33.01
40.12
39.03
38.16
35.21
38.08
38.12
33.02
35.27
37.43
36.77
34.42
34.54
36.65
39.25
34.69
34.23
36.21
38.19
36.05
28.83
38.39
40.54
31.28
35.85
34.9
38.32
37.11
35.44
35.93
37.55
41.17
35.09
34.81
37.16
37.62
30.53
34.43
34.8
38.87
32.48
32.45
32.35
35.32
33.15
36.24
24.91
40.74
38.52
33.39
35.76
34.1
36.09
33.43
33.44
34.56
31.82
36.4
41.28
28.29
32.01
37.61
37.71
32.89
27.35
36.78
42.73
32.77
34.81
32.63
37.29
28.95
34.2
33.98
41.79
35.97
34.7
37.51
43.32
37.25
34.28
34.72
38.74
33.08
32.78
37.4
40.53
38.28
31.92
39.79
40.13
31.48
31.16
42.74
42.86
29.73
33.83
37.82
45.24
32.09
30.71
38.01
43.17
33.09
29.68
37.54
38.38
33.3
30.4
41.14
40.41
35.69
30.97
30.95
44.2
29.19
33.1
34.8
39.33
31.87
31.87
35.44
43.32
33.5
32.74
33.26
43.77
28.79
23.34
33.42
37.81
28.35
32.74
31.12
42.18
26.48
30.09
37.58
37.44
22.41
23.29
36.79
39.06
29.16
36.81
37.25
40.87
31.99
31.84
36.49
41.64
28.4
35.01
38.06
40.46
23.23
37.56
37.27
37.87
22.26
35.48
35.02
32.61
25.17
35.14
37.27
38.7
23.62
35.39
38.33
33.89
29.04
32.22
35.18
39.06
26.78
27.35
38.8
34.7
28.19
30.61
34.73
36.99
30.78
25.58
33.05
34.61
29.84
31.74
35.24
38.11
28.97
34.93
34.82
33.76
29.62
30.92
39.11
35.51
32.2
34.52
37.31
40.59
31.53
27.35
30.1
40.59
25.25
34.27
33.87
40.11
29.61
28.14
35.29
38.78
25.63
32.6
33.27
37.49
33.75
25.65
33.42
39.39
34.65
24.97
32.99
39.92
29.46
24.64
34.39
39.41
34.53
20.27
33.49
37.46
32.78
26.24
37.98
33.77
29.88
24.75
38.19
40.82
32.24
22.63
31.09
35.57
29.04
22.24
33.3
39.16
31.96
21.18
38.85
38.29
26.46
26.8
33.79
38.55
31.03
28.73
36.05
41.17
34.87
29.61
32.03
39.92
29.27
29.28
37.49
37.07
23.73
25.51
34.7
44.26
24.75
27.58
35.03
43.88
28.9
23.18
37.77
38.96
29.46
25.99
32.57
42.25
29.3
24.66
33.46
41.98
32.22
30.95
36.97
34.44
37.64
27.78
36.17
35.72
31.18
31.08
34.02
41.41
30.22
30.34
36.41
37.65
28.43
26.73
35.44
37.79
31.72
25.28
33.02
40.56
32.37
30.54
31.4
36.32
30.99
29.28
33.78
39.04
33.24
24.26
33.35
44.29
23.35
25.95
34.96
40.7
31.16
26.49
34.32
36.02
26.77
24.37
35.13
42.26
30.63
29.36
32.88
46.83
23.39
26.35
32.33
43
29.99
30.82
29.8
43.84
33.06
31.02
34.4
49.71
24.98
27.74
32.39
44.84
27.11
30
33.67
45.78
26.54
26.79
33.53
45.62
27.41
33.06
30.2
43.75
27.26
31.13
29.73
43.43
26.24
30.65
33.85
42.26
27.64
27.27
33.06
44.69
24.51
29.34
32.8
38.66
25.74
30.09
31.82
38.68
23.03
28.52
34.23
39.78
22.33
33.74
34.93
40.31
25.89
26.91
31.47
37.4
27.6
35.96
36.22
40.25
25.54
30.75
38.33
40.4
26.83
33.13
28.98
40.39
24.52
30.74
36.38
42.07
28.44
28.65
34.72
42.07
29.41
28.18
32.96
37.6
26.18
31.49
35.76
38.64
28.39
29.42
36.16
38.21
27.4
24.14
33.99
39.04
26
22.92
33.45
39.87
21.99
25.4
35.01
36.52
22.94
18.29
36.25
41.38
24.94
26.32
37.87
39.15
24.21
25.29
42.93
38.88
22.02
33.82
36.31
40.27
23.36
33.62
36.75
40.52
25.29
27.13
31.23
39.32
30.74
28.47
35.15
40
29.06
24.49
34.58
42.11
23.56
23.75
28.47
37.45
32.05
28.92
35.53
38.11
29.91
26.99
38.32
41.58
31.08
29.09
35.11
41.99
27.34
26.39
34.37
40.64
32.08
31.69
31.79
41.8
28.87
32.8
32.94
41.3
33.3
25.34
37.85
42.76
30.44
31.09
39.77
40.5
31.67
27.21
37.66
37.32
32.37
28.9
33.76
42.72
25.51
29.66
32.8
39.52
26.02
30.59
32.95
39.53
25.97
30.97
35.6
40.82
26.8
30.28
32.47
41.02
27.13
26.08
32.07
42.82
26.06
32.41
33.71
42.88
27.77
26.54
35.08
45.2
26.94
28.04
35.46
38.97
25.06
29.93
32.22
46.94
27.07
33.67
37.25
42.26
25.65
32.2
34.25
48.59
28.92
32.24
28.16
38.82
25.02
33.23
32.96
46.56
22.61
26.77
28.63
41.49
22.74
34.61
38.01
37.73
29.72
38.81
34.41
41.53
23.69
35.54
35.13
38.94
26.63
36.2
32.35
43.57
25.02
36.05
40.08
43.58
24.97
31.69
39.64
46.78
24.36
25.54
35.98
42.72
27.03
28.5
34.69
38.6
31.42
34.72
38.88
43.1
25.7
30.4
34.72
38.58
28.05
33.8
37.25
41.52
25.77
28.13
39.66
41.64
25.82
36.54
35.25
37.21
31.34
29.89
37.1
40.5
30.49
35.84
34.45
38.26
27.3
36.54
30.02
37.65
29.4
30.31
32.95
42.01
33.87
33.65
27.58
40.12
29.18
32.63
30.41
41.9
31.79
34.73
28.97
39.21
29.63
32.96
32.71
36.46
33.33
31.93
33.12
39.23
31.36
31.71
30.65
39.78
30.21
30.03
34.43
41.63
34.75
27.74
35.6
36.98
32.71
26.59
35.83
30.43
32.06
25.23
33.91
34.08
29.46
28.77
34.29
35.3
33.61
23.53
35.63
41.26
32.95
26.27
39.35
36.69
31.35
29.72
40.82
37.8
29.86
30.8
40.44
30.44
29.05
25.85
36.66
35.19
32.66
26.17
37.25
34.37
31.39
32.09
40.69
35.52
29.27
24.78
36.17
31.36
28.17
33.56
36.09
31.7
29.78
32.3
33.36
29.78
34.98
35.51
40.11
33.05
28.98
29.82
33.91
31
31.48
28.92
34.08
31.5
29.26
28.9
37.01
31.16
29.69
32.66
34.17
28.01
29.06
27.44
32.79
31.74
33.08
31.54
30.86
31.35
27.45
30.74
39.09
34.34
30.81
40.26
33.17
31.71
24.12
34.53
34.34
35.54
25.53
36.68
36.87
34.4
29.6
37.46
33.58
28.99
30.31
34.7
34.41
29.71
23.91
35.45
36.1
36.14
27.67
38.97
38.96
30.55
23.91
31.05
40.85
32.97
23.53
28.52
35.04
36.16
30.75
31.3
37.78
35.24
28.98
26.42
35.53
38.41
23.84
28.59
38.83
37.09
25.46
23.05
36.43
35.04
20.64
27.64
36.97
36.11
25.01
32.86
38.3
33.04
27.03
35.36
33.21
32.26
27.62
35.81
36.62
39.29
23.96
29.29
32.2
36.47
28.22
30.13
36.07
34.18
28.85
33.91
34.06
37.8
24.86
33.95
32.64
34.12
23.98
32.19
36.09
36.12
29.68
33.6
40.42
42.11
27.76
35
37.64
33.61
31.58
32.69
37.32
39.83
26.29
29.43
34.37
35.71
29.22
27.28
37.07
43.24
31.36
27.15
40.23
37.52
30.19
31.99
40.56
37.03
29.55
31.08
37.32
40.6
27.19
27.28
37.69
39.7
25.94
28.84
33.71
41.62
24.81
22.76
39.61
40.99
29.08
18.7
34.65
41.48
27.84
24.97
37.54
42.43
25.13
23.44
34.52
39.44
29.91
25.57
37.35
37.37
31.15
27.26
37.18
37.66
25.4
29.42
38.37
34.72
26.44
28.34
34.79
37.74
27.78
29.51
37.09
39.99
27.74
33.73
38.74
38.92
30.14
30.33
34.4
38.42
27.44
29.98
40.05
39.28
32.41
32.33
33.63
36.52
29.41
29.92
33.91
37.31
28.49
31.85
39.14
31.57
20.68
29.84
42.9
32.34
25.24
25.42
37.34
32.75
27.45
26.96
37.85
27.12
24.81
30.43
38.21
24.64
21.58
30.01
37.15
23.35
22.07
24.84
37.28
20.72
23.09
25.51
35.65
23.16
26.04
25.54
36.98
20.83
23.17
32.81
35.25
23.84
25.37
33.09
37.99
22.57
23.91
34.63
32.39
20.83
23.38
33.4
32.86
23.96
27.18
34.07
34.83
21.83
24.77
31.04
30.03
28.78
26.35
31.91
32.72
22.98
23.46
31.35
32.81
22.25
27.08
36.56
38.64
24.32
26.37
36.17
32.87
27.04
21.44
31.96
35.85
26.21
30.28
33.87
37.3
28.11
26.74
35.08
34.13
27.03
25.62
37.64
36.25
28.59
21.84
35.79
32.39
28.1
25.36
33.24
32.22
25.74
23.82
33.44
36.29
30.15
27.86
28.03
36.9
31.7
24.44
27.55
30.04
34.34
28.01
30.04
33.32
32.6
26.76
28.18
32.84
29.45
24.65
27.89
30.97
23.24
22.12
30.18
36.43
28.68
25.01
35.38
31.97
26.75
24.87
33.19
34.49
25.66
29.98
36.78
36
33.23
28.23
38.62
36.47
30.08
25.52
35.9
32.81
31.41
28.58
31.34
31.64
32.31
31.41
32.34
31.65
36.07
28.38
26.29
33.3
37.58
31.39
32.32
33.96
37.31
26.33
33.73
34.1
39.28
27.64
33.27
33.03
35.91
31.24
30.74
33.51
34.24
25.98
32.55
31.79
34.67
27.43
34.85
29.93
36.71
25.99
30.07
32.5
37.86
27.22
31.24
34.54
36.95
27.08
42.23
33.44
31.91
29.39
28.59
32.91
33.23
31.34
35.19
38.1
33.09
28.04
30.17
30.7
35.96
27.56
34.7
34.21
35.84
29.67
34.54
38.1
37.6
28.37
29.22
38.02
40.12
34.05
29.69
37.18
42.91
31.58
30.74
35.08
37.67
34.71
31
40.05
36.02
34.09
27.72
33.27
40.75
27.33
24.9
35.43
37
31.46
23.53
32.77
34.05
32.63
33.08
29.66
39.6
29.68
29.46
38.16
35.87
28.53
35.23
28.17
38.36
30
30.47
33.14
33.99
26.78
26.05
32.37
38.29
30.38
26.17
33.73
33.51
28.66
32.38
32.26
36.63
28.95
26.82
28.75
37
26.1
28.77
35.03
32.6
25.1
26.02
35.58
35.57
24.98
26.31
32.1
32.61
28.82
24.84
36.03
35.7
26.01
20.88
34.57
35.61
31.14
27.29
35.8
35.65
29.85
21.93
32.68
32.46
27.63
24.55
34.24
32.49
27.24
27.01
36.71
36.31
29.08
24.45
39.95
31.14
28.28
26.16
35.92
36.55
30.29
26.58
37.5
38.71
30.36
28.06
39.22
39.08
26.58
22.74
37.52
37.29
28.59
28.81
38.75
38.97
27.42
21.29
32.2
39.47
29.07
28.69
34.96
40.62
32.53
25.61
37.06
35.75
28.38
23.98
40.17
36.57
28.15
27.62
38.52
35.16
29.94
23.48
40.16
37.54
27.36
28.76
39.22
33.68
27.45
24.09
41.39
32.7
32.46
24.46
42.77
36.28
27.37
24.52
38.83
40.15
28.98
27.17
42.65
35.52
22.34
29.52
44.31
38.79
23.19
29.51
41.81
35.36
24.07
30.23
38.97
31.15
21.6
27.56
38.8
38.11
22.64
28.23
42.48
37.18
25.29
32.66
40.58
32.3
24.1
35.24
42.55
32.45
24.67
24.57
39.95
33.79
25.06
30.97
35.7
33.53
27.38
32.58
36.55
37.74
30.24
30.86
39.3
39.69
27.86
34.66
39.1
36.87
27.19
34.59
39.52
35.01
29.81
27.96
41.7
37.85
24.95
35.61
39.99
35.04
25.54
35.84
44.01
36.55
29.85
33.02
46.7
36.61
25.78
36.25
41.48
36.52
28.64
39.23
42.72
33.09
26.16
31.21
38.58
32.31
25.65
32.99
37.65
39.83
25.58
37.48
42.99
39.82
25.26
30.9
44.61
37.69
25.97
26.06
46.93
38.33
24.42
27.38
41.88
38.61
27.48
30.47
43.24
39.59
30.1
28.42
46.66
34.92
27.69
29.32
43.02
37.98
27.24
29.94
47.82
38.42
27.6
29.36
48.35
37.33
30.97
31.53
41.22
37.56
28.66
24.58
47.52
37.07
34.48
22.2
44.31
35.88
30.3
24.43
51.5
38.86
32.04
21.55
46.95
44.08
33.62
26.24
45.14
37.54
35.27
26.95
48.01
37.24
31.64
23.85
46.9
35.98
34.43
27.78
45.63
37.25
38.35
29
44.04
40.42
34.57
33.93
44.04
37.57
29.98
31.63
46.71
38.28
31.75
32.65
45.47
36.23
30.31
30.2
47.28
29.95
29.85
31.95
43.81
37.39
25.68
31.58
45.1
32.38
27.4
29.85
46.73
34.44
27.68
31.56
45.37
34.81
27.08
28.51
39.97
35.22
29.9
31.58
49.43
39.51
24.52
34.73
46.2
35.97
25.81
31.44
47.84
34.04
25.04
31.29
43.45
35.97
25.41
34.91
43.51
28.48
27.7
26.46
39.24
34.82
24.25
31.54
46.09
37.21
28.51
28.63
49
36.96
20.18
31.01
46.76
42.87
25.15
25.65
46.18
36.49
21.54
27.43
44.38
34.85
24.36
36.07
46.65
33.45
22
33.91
44.11
38.31
21.62
23.25
46.15
35.52
23.48
29.03
48.64
35.45
21.36
29.61
49.12
35.77
22.6
28.22
46.78
35.81
26.11
31.02
47.65
34.71
24.72
27.78
49.99
34.49
23.69
26.3
48.85
33.94
20.36
20.04
48.03
35.92
23.85
22.97
49.16
40.55
21.93
26.91
47.61
36.41
25.84
28.89
44.47
33.9
20.69
35.66
45.56
32.84
22.99
27.8
45.64
31.43
22.39
30.7
49.88
34.43
24.43
29.5
44.65
36.14
23.07
34.75
43.77
35.1
25.95
29.37
42.53
33.56
22.86
29.38
47.78
25.63
21.81
31.44
41.21
33.89
29.93
31.22
41.92
35.22
29.61
34.08
47.91
35.08
27.23
28.05
43.55
33.74
29.85
31.03
46.6
35.54
30.72
30.58
45.35
32.53
26.5
31.76
45.57
32
30.45
25.97
48.16
33.85
30.96
25.85
47.03
34.17
27.47
23.06
45.75
30.73
29.47
30.26
52.24
37.36
29.81
26.35
48.22
35.32
24.63
30.55
45.29
35.51
31.16
31.96
46.97
37.51
28.52
31.14
42.34
34.46
22.67
37.85
44.63
37.96
25.06
30.95
45.11
32.66
26.85
37.34
46.17
33.5
31.41
32.22
43.28
35.74
20.86
34.43
47.48
34.93
32.71
31.94
39.69
37.65
21.43
38.6
46.36
36.3
28.03
40.31
42.92
35.79
25.74
34.02
41.47
35.56
28.15
34.08
48.05
35.87
33.35
28.69
40.78
33.88
22.41
39.96
43.44
34.32
30.32
30.84
47.38
35.99
24.36
32.03
44.5
35.78
25.29
30.26
46.35
35.66
25.07
26.97
47.02
37.21
22.27
28.65
48.63
31.1
23.23
35.88
40.27
39.22
25.24
34.33
40.45
35.52
23.73
32.25
45.11
33.58
26.25
32.55
40.54
32.9
29
32.99
46.47
35.45
25.27
34.13
41.06
38.98
24.78
27.61
39.13
37.36
27.41
30.17
37.19
35.74
24.96
28.38
43.55
37.29
22.92
29.74
43.46
32.54
21.59
30.53
37.62
36.35
24.55
34.58
42.02
37.38
24.17
37.63
37.3
33.76
29.02
32.03
41.7
31.45
27.98
28.88
35.89
34.96
32.2
30.66
39.31
32.57
31.61
33.35
36.8
36.27
27.35
29.16
39.2
31.77
34.68
27.11
38.01
30.26
33.73
25.27
40.86
32.45
25.41
22.1
36.11
34.04
27.42
34.36
41.99
35.06
26.75
29.21
39.46
34.04
27.19
30.75
38.54
32.57
28.69
27.7
40.92
30.75
26.11
28.8
41.4
29.69
24.89
28.24
34.6
31.59
28.85
28.45
38.74
30.29
28.5
34.85
35.82
38.2
25.37
30.61
38.55
35.27
26
27.26
36.29
35.2
24.14
35.38
39
33.85
23.32
27.77
42.36
33.86
25.75
28.73
41.98
37.05
27.04
29.2
41.56
34.34
20.89
32.52
42.56
30.64
21.75
27.01
39.02
32.61
21.51
22.73
36.62
36.39
24.41
26.65
35.27
34.72
25.26
33.25
38.62
33.92
24.07
29.47
35.9
35.39
20.75
22.11
36.97
37.15
25.43
26.12
38.28
39.56
29.09
29.35
36.39
39.02
23.37
28.41
36.55
42.23
23.39
29.73
36.18
34.43
16.41
29.59
35.11
36.38
26.86
25.44
36.1
35.2
27.25
25.62
34.07
37.33
28.37
29.48
39.14
37
25.19
33.31
33.98
31.87
27.56
33.17
34.81
35.5
26.11
28.54
36.07
30.56
25.55
34.02
35.88
35.63
27.49
32.92
35.67
37.14
26.64
36.4
36.56
34.47
19.52
29.05
30.74
35.15
23.82
28.74
30.86
36.16
31.11
28.89
33.99
33.32
27.72
28.21
36.23
34.56
30.24
27.14
34.56
37.38
28.31
29.26
33.06
33.75
26.08
31.6
34.16
37.85
28.2
28.94
33.48
31.69
35.51
30.96
33.48
35.39
28.53
30.47
30.99
33.25
21.86
26.52
37.12
32.84
22.93
29.35
39.35
33.06
30.6
25.6
34.71
29.51
27.3
28.63
36.65
29.42
25.27
26.12
35.93
25.19
31.53
29.91
34.52
25.74
28.06
28.42
35.56
25.57
31.14
30.88
36.01
32.17
27.17
27.14
36.42
35.11
25.41
30.96
38.45
35.53
24.11
32.53
36.24
32.46
28.99
33.4
39.17
35.2
31.1
31.87
40.32
37.68
28.88
28.92
32.72
33.24
35.64
28.21
40.81
30.93
34.99
29.99
38.99
30.86
27.41
28.37
41.16
35.08
24.12
29.46
42.84
32.32
25.64
31.92
42.92
30.26
24.42
29.31
40
34.95
27.76
36.15
34.3
35.61
29.48
30.45
40.19
30.16
21.09
34.35
42.77
31.57
29.57
30.85
39.78
34.38
31.16
34.7
47.29
31.94
29.09
35.34
46.59
32.62
31.12
31.67
37.88
34.9
26.34
30.83
45.46
32.09
29.39
34.56
39.23
36.53
31.54
32.01
39
34.57
27.53
26.68
43.43
33.74
29.48
31.05
39.62
31.37
27.38
31.24
39.18
27.74
25.84
30.82
41.06
33.53
29.52
34.53
39.62
37.42
32.05
33.75
37.21
34.58
32.89
31.43
40.99
35.36
25.44
32.1
39.44
31.57
23.95
36.11
37.27
35.45
24.49
35.3
43.29
37.08
29.14
31.72
45.03
30.54
30.37
33.72
44.4
35.19
23.62
31.39
43.96
34.94
26.5
31.68
41.01
33.99
26.56
28.01
44.83
33.96
32.75
31.69
39.33
36.06
32.9
31.36
43.26
32.57
37.04
31.41
41.65
32.19
37.57
31.97
47.29
34.59
33.84
30.96
45.78
33.19
31.42
33.17
44.24
35.77
29.87
31.61
42.8
33
33.71
31.36
39.28
35.7
36.72
32.49
40.58
34.76
28.7
36.82
37.76
36.67
27.55
34.71
41.81
36.9
29.36
33.35
42.81
34.92
29.34
32.33
38.42
30.77
31.96
35.97
39.7
32.18
29.43
33.87
34.68
36.46
27.31
35.37
38.34
35.15
33.39
37.88
39.91
36.21
32.73
34.9
34.86
31.38
32.32
33.85
44.2
37.93
40.13
36.62
43.48
42.26
32.74
33.06
42.13
37.45
31.88
26.89
44.4
36.29
39.26
30.88
39.87
39.47
28.9
29.81
39.66
35.74
26.96
32.42
40.43
32.32
29.71
29.35
42.95
35.74
25.61
31.45
38.84
36.46
25.13
34.3
38.24
40.65
25.52
27.5
42.86
36.4
23.73
31.13
43.37
37.5
34.65
28.55
43.1
39.72
31.06
32.32
43.23
37.35
28.12
28.93
38.58
33.4
24.18
23.75
39
37.77
27.86
22.09
48.33
37.76
30.89
30
49.54
35.01
31.22
26.85
45.71
39.74
29.24
26.61
46.74
34.01
30.98
30.2
41.07
33.83
36.2
33.24
44.94
35.76
34.17
31.24
38.03
39.54
29.25
36.42
45.66
38.07
30.31
34.56
45.18
36.02
31.05
30.48
44.42
36.35
32.82
31.93
45.93
38.17
30.27
29.31
40.94
35.06
29.35
25.54
42.55
37.81
28.16
24.38
42.76
33.96
26.37
32.12
44.76
32.89
28.68
33.92
42.42
35.03
31.72
29.15
41.23
34.19
28.79
33.72
45.03
33.66
28.72
31.49
43.04
37.73
27.14
33.01
45.98
33.68
27
37.88
43
36.2
24.23
37.14
46.9
30.9
29.51
32.98
42.89
31.59
27.37
34.19
45.83
35.45
27.37
29.14
46.07
32.23
27.13
34.23
43.45
34.32
25.86
28.89
44
32.36
25.75
33.28
42.23
30.5
29.13
31.85
41.39
34.64
27.61
28.17
45.88
31.18
29.3
28.34
45.39
28.99
26.91
32.75
47.62
33.96
29.04
25.06
49.46
33.81
26.93
24.32
48.05
35.19
28.15
31.23
48.28
30.81
25.78
28.81
47.29
36.44
25.38
28.58
47.7
35.51
30.14
31.74
44.98
33.84
29.86
32.64
46.69
32.02
28.53
32.92
45.13
34.87
26.91
27
43.13
33.07
27.73
27.38
45.79
33.19
24.77
28.52
46.86
34.36
29.42
22.54
44.52
29.87
26.57
26.82
43.71
33.26
22.44
29.4
40.33
31.69
26.35
32.06
38.97
37.31
27.73
28.78
40.86
37.03
26.82
30.33
41.85
35.88
29.59
24.21
35.82
32.93
28.24
27.01
36.3
36.39
24.79
28.45
28.85
35.71
24.46
29.33
31.01
38.39
26.99
28.05
35.61
35.08
23.99
35.52
36.62
33.71
25.16
34.59
31.99
32.49
23.74
40.27
35.78
34.42
21.94
36.11
34.07
38.49
18.65
31.86
38.75
36.35
21.12
38.69
38.43
38.85
24.68
38.49
34.92
34.16
27.63
34.22
37.03
35.37
25.64
38.9
41.62
34.98
25.91
37.02
38.08
38.27
26.1
40.73
40.36
40.96
28.81
37.43
40.79
39.47
29.19
36.9
43.95
38.12
29.18
37.63
35.42
39.3
25.79
36.41
30.19
40.29
27.81
34.73
34.3
38.43
26.27
29.4
27.96
40.28
21.47
34.71
25.59
37.29
22.04
41.93
29.2
37.87
28.83
40.6
28.99
39.42
25.27
40.61
35.29
37.53
24.85
32.96
37.35
39.04
25.98
37.52
38.44
39.89
26.32
31.78
42.69
38.63
24.64
32.62
38.29
37.18
26.72
34.48
41.8
40.31
29.97
36.21
43.15
35.36
30.28
31.63
42.54
36.65
34.31
32.25
39.13
36.64
30.92
31.67
41.98
37.44
34.54
34.96
44.6
43.03
31.46
27.52
40.45
37.1
29.33
30.09
40.6
37.75
29.6
30.93
41.97
38.68
24.93
37.22
38.19
39.67
34.01
37.49
39.91
40.74
30.17
31.6
37.47
33.96
32.67
28.17
42.28
31.87
32.12
27.83
41.12
35.89
28.3
23.71
40.55
34.04
28.39
27.31
40.86
35.81
27.55
27.43
38.36
37.58
25.84
26.38
42.14
34.86
25.15
27.97
40.62
32.94
33.88
30.72
39.17
35.99
26.86
26.37
35.8
34.56
27.11
32.44
42.34
39.36
25.76
32.53
40.84
32.98
27.53
34.69
37.01
33.94
33.59
33.16
36.26
35.62
29.92
30.88
39.73
34.77
26.18
34.49
40.01
39.96
28.08
32.12
41.45
36.57
29.23
36.2
39.64
32.13
33.22
38.23
42
38.88
28.6
39
41.6
32.49
31.03
31.48
39.55
39.32
21.12
28.92
46.48
37.91
35.59
28.5
39.06
35.88
25.81
31.98
45.43
37.92
24.08
34.34
43.93
38.73
31.35
31.29
42
36.92
27.63
30.78
44.36
37.65
29.31
26.49
38.67
35.5
27.07
34.64
38.12
42.02
25.63
26.96
39.44
38.26
33.43
26.75
35.74
38.42
29.79
30.95
43.24
38.39
34.74
31.74
41.57
30.19
31.86
30.37
35.12
35.13
31.08
30.34
41.11
37.87
32.89
32.06
36.96
38.56
29.08
27.79
39.35
39.76
24.64
31.38
36.93
36.61
29.06
30.31
38.41
37.14
25.81
26.34
39.5
37.27
33.84
30.09
34.42
41.74
35.17
27.49
32.5
39.58
35.24
36.13
31.72
37.03
34
31.1
31.35
36.1
29.2
29.53
37.01
36.23
33.3
22.7
31.64
36.19
34.98
27.84
31.62
38.05
27.91
19.2
29.16
37.14
29.62
26.5
30.25
38.88
29.79
19.51
28.6
37.75
33
28.01
35.93
37.45
35.44
24.35
34.08
34.21
32.92
30.3
42.2
34.8
33.18
25.99
37.93
33.57
34.61
23.42
39.77
32.77
33.74
21.94
40.65
40.19
36.9
26.62
42.01
37.14
31.92
25.59
39
36.08
30.86
25.73
40.19
30.08
33.21
23.86
42.13
35.31
32.53
30.43
37.47
35.15
30.67
24.32
42.45
36.69
37.3
29.94
37.98
35.45
31.29
30.84
35.94
38.7
30.53
26.19
37.95
34.55
29.11
27.72
36.24
33.33
29.11
31.18
39.08
34.42
32.85
29.42
37.32
31.85
33.81
26.12
39.56
33.68
28.57
26.34
39.41
34.35
34.08
30.59
39.94
34.73
36.39
31.45
37.7
33.29
35.3
29.53
42.46
35.93
25.92
32.93
40.35
34.07
28.16
32.08
46.1
27.67
27.76
24.58
44.04
27.85
30.55
36.01
41.25
30.38
32.45
28.74
42.4
30.15
28.74
31.9
35.55
35.96
26.67
27.54
43.61
34.44
25.07
24.81
39.7
37.17
30.22
27.38
43.3
39.55
28.09
27.4
45.14
35.57
31.99
24.57
48.96
34.07
23.05
26.04
48.73
34.17
29.39
25.18
43.44
35.72
28.07
23.37
43.78
36.24
24.57
28.16
42.77
34.52
31.76
25.86
44.97
34.7
29.49
29.88
46.05
32.25
36.89
34.73
44.17
37.93
33.14
30.96
48.54
34.66
33.82
28.25
47.87
36.74
34
32.2
44.66
36.25
29.7
35.67
46.96
39.06
35.29
29.36
46.33
35.86
32.85
28.46
47.37
37.16
31.88
28.79
47.59
38.31
30.24
31.44
42.72
37.02
34.75
29.88
44.75
34.58
29.26
24.31
45.95
36.82
36.13
28.7
46
37.85
31.79
30.45
45.65
38.22
35.24
26.37
42.01
37.56
31.94
25.16
43.78
34.52
26.42
32.39
43.36
35.97
32.12
25.19
37.75
36.9
29.96
27.53
33.65
36.46
30.88
25.56
34.83
39.23
31.76
23.72
35.34
38.98
31.74
25.3
31.5
36.13
25.94
25.82
36.08
37.15
27.14
26.8
39.4
35.15
33
26.51
34.99
34.63
33.92
30.15
31.73
37.12
30.35
31.59
31.53
36.99
34.35
26.13
29.31
38.81
35.9
27.79
36.54
43.1
31.6
27.77
38.45
36.26
29.25
25.4
35.44
34.06
29.21
25.81
39.47
36.92
30.12
28.1
32.27
35.89
29.44
27.57
32.44
35.49
32.56
26.92
30.62
36.79
35.57
23.64
34.67
38.51
29.78
28.45
38.07
39.21
36.36
31.07
40.78
37.05
31.75
31.69
36.76
35.38
35.81
33.34
40.86
38.76
37.44
27.96
40.39
36.12
32.83
31.4
36.94
36.59
29.44
26.85
39.26
36.98
24.48
25.57
40.1
34.07
24.66
26.49
45.5
34.91
22.83
30.53
40.13
29.65
28.41
33.03
42.4
36.53
28.91
34.88
38.95
36.74
30.67
34.84
40.55
32.81
34.39
31.17
39.95
32.81
30.21
31.43
43.9
38.53
32.27
32.82
40.32
37.35
31.88
32.95
40.04
35.48
23.57
38.7
39.27
37.3
30.79
29.01
40.39
35.94
27.27
32.08
35.63
36.11
25.9
34.07
36.09
41.64
22.47
37.78
37.31
35.64
29.93
32.05
43.77
39.36
30.58
33.06
36.27
39.56
28.45
32.97
31.62
37.61
24.28
29.2
40.4
34.26
31.58
31.87
40.01
34.44
33.09
28.27
40.58
34.28
32.44
31.07
39.79
36.28
33.22
27.05
36.85
35.71
31.36
32.69
37.47
34.93
27.54
29
34.1
31.97
35.37
31.47
35.97
32.49
28.25
31.87
38.09
31.96
28.22
31.95
37.8
33.08
27.41
27.36
39.55
31.26
32.01
33.79
39.53
41.92
28.36
30.33
38.03
32.66
26.65
33.63
33.27
35.12
32.87
28.61
38.53
36.78
30.41
36.12
34.96
38.85
26.49
30.34
38.53
38.01
36.26
30.6
39.46
37.95
21.89
32.14
35.91
34.84
33.51
34.27
37.2
39.97
29.07
29.75
40.44
40.25
27.77
29.81
39.07
41.32
25.02
31.06
41.69
38.27
22.35
31.2
37.71
40.71
29.11
29.69
38.07
39.99
25.5
28.96
37.37
38.29
33.27
28.69
38.84
38.71
27.11
35.1
37.04
37.82
34.35
32.6
42.19
35.76
27.2
32.71
35.65
37.98
27.3
30.22
38.39
35.73
21.53
34.29
35.81
34.55
30.91
33.16
37.28
38.54
30.25
27.93
33.33
34.34
24.07
35.82
37.58
40.15
31.07
32.47
37.16
40.06
28.26
35.42
37.49
36.25
28.83
35.48
40.46
41.32
33.78
35.72
36.75
37.61
32.72
32.82
42.19
32.61
30.16
33.09
40.77
35.86
26.16
33.39
38.93
35.3
27.66
37.2
38.33
34.29
26.39
35.96
36
34
25.83
35.74
35.05
34.54
25.71
33.83
35.43
33.02
26.9
35.7
37.25
36.03
23.9
33.64
38.58
37.2
22.87
32.26
37.47
32.22
28.42
36.1
41.59
34.11
30.56
33.48
38.7
33.61
33.29
28.47
42.07
33.59
29.04
34.62
39.37
37.64
29.31
38.19
42.11
35.62
28.79
37.98
40.16
37.76
29.49
33.01
40.29
34.83
34.69
34.71
38.96
35.42
32.95
39.79
41.73
32.59
24.68
35.78
31.88
37.2
25.96
35.91
37.76
39.9
28.99
32.93
38.31
38.98
32.27
31.36
40.43
40.93
33.12
28.72
34.62
43.34
27.67
30.75
37.78
37.41
33.13
32.96
33.31
38.09
30.55
30.59
33.23
35.47
29.93
32.68
31.1
38.49
28.75
28.2
37.35
36.29
31.22
31.35
32.76
36.94
27.3
33.93
34.8
35.39
30.43
33.55
35.9
34.61
29.85
33.13
32.92
36.38
28.53
33.45
40.81
35.6
26.87
31.38
40.23
42.84
30.87
31.4
34.68
36.46
29.36
28.69
38.71
36.92
33.7
27.51
33.29
38.66
23.32
31.11
38.54
37.05
31.86
24.31
38.21
32.16
33.21
29.6
40.23
37.67
27.35
28.53
40.78
34.74
27.35
28.69
36.56
38.26
30.76
26.76
39.38
35.75
29.25
30.49
40.2
33.07
28.77
27.62
39.46
44.9
30.1
24.56
36.29
38.39
23.25
23.23
40.44
39.74
31.6
27.92
38.67
39.97
31.38
26.09
36.73
37.74
33.03
30.58
37.89
41.49
29.94
25.35
34.68
42.17
33.33
28.7
32.2
43.15
29.14
27.38
29.32
46.35
33.25
26.89
32.16
44
30.6
27.75
25.5
41.85
32.67
26.45
25.48
45.5
34.11
27.51
26.78
44.1
33.08
28.16
32.93
39.36
35.43
28.76
33.78
39.15
27.98
31.03
33.8
42.11
29.77
24.78
33.12
42.87
30.42
27.91
25.64
39.9
26.76
29.35
31.91
39.83
29.54
30.49
28.72
48.87
28.35
30.52
26.74
44.79
30.07
31.02
26.96
49.6
34.47
31.31
25.84
45.31
35.31
33.33
32.87
48.45
30.93
33.21
30.31
43.71
24.59
30.23
28.65
43.56
24.98
31.22
28.6
39.67
26.06
31.09
26.61
42.79
23.9
29.84
26.55
41.56
24.17
33.67
31.12
39.95
24
40.41
29.58
44.24
27.42
32.93
29.21
42.52
28.29
34.51
26.1
48.39
28.04
31.19
23.8
46.26
26.13
29.66
26.23
47.73
29.25
29.73
26.25
43.94
29.63
36.98
25.8
43.31
31.81
32.27
32.75
40.45
29.14
31.42
37.42
40.43
28.07
31.85
31.83
37.7
29.65
30.77
30.82
37.27
26.11
26.97
35.92
38.81
33.52
26.77
32.97
38.78
26.71
27.28
34.85
40.91
31.37
32.7
38.94
39.76
32.75
22.51
37.58
38.19
25.54
33.33
33.01
37.14
29.75
25.53
41.87
33.89
28.8
25.51
33.34
36.31
24.88
26.92
41.73
35.79
22.32
32.53
34.17
37.96
22.84
31.12
35.3
38.64
28.61
29.87
29.99
40.54
22.69
37.22
35.54
39.67
26.42
35.28
29.4
40.86
24.95
37.13
32.62
39.06
30.61
33.68
35.04
46.2
32.55
30.5
35.44
41.79
31.91
28.51
40.52
46.14
35.08
29.99
34.48
43.62
26.79
38.45
34.95
46.38
25.59
31.6
32.8
43.52
28.4
32.67
33.83
40.01
29.48
24.55
32.12
47.47
25.07
25.16
32.2
42.31
27.66
30.2
31.56
43.04
31.65
30.94
25.1
39.96
29.26
28.51
34.88
44.15
25.96
25.75
31.47
43.68
29.06
32.65
30.77
47.62
27.84
32.26
36.58
44.06
30.44
36.51
32.66
44.26
32.48
30.32
34.77
46
29.49
31.03
31.27
44.09
30.25
37
33.93
42.95
28.59
26.13
35.45
46.1
29.34
29.7
30.53
43.61
29.11
29.15
30.38
44.28
34.24
33.54
29.01
42.3
27.33
30.95
32.55
41
28.51
27.64
34.61
43.62
28.46
27.85
32.54
47.12
28.93
33.4
35.85
45.44
29.38
32.62
33.77
45.22
26.04
35.02
37.7
43
22.63
35.13
32.13
42.93
32.45
30.04
32.85
48.6
27.07
34.44
31.26
44.7
31.23
26.14
36.18
41.51
26.07
26.86
36.69
42.46
23.28
33.96
36.31
40.43
26.43
29.65
33.85
43.77
28.62
24.57
36.15
50.19
27.23
36.6
38.18
39.68
28.38
32.17
37.8
42.65
20.78
29.7
40.54
43.48
25.11
31.27
39.22
41.63
30.68
32.63
34.99
45.32
22.7
33.42
37.11
46.84
27.71
36.94
32.76
46.61
30.22
36.85
31.08
43.54
32.6
38.34
32.18
39.27
30.45
36.99
34.67
41.54
35.25
35.43
34.45
44.18
27.73
32.87
35.59
41.72
28.55
35.3
34.39
40.76
26.81
33.92
34.25
46.43
32.01
33.07
35.71
45.42
34.03
31.98
30.79
40.66
29.4
34.78
37.71
43.59
36.35
30.08
34.96
46.11
35.82
38.19
38.97
42.51
33.83
36.47
37.65
46.49
30.44
33.98
40.31
45.9
35.12
34.07
38.23
46.59
35.91
27.45
36.7
42.39
29.47
35.16
39.23
40.79
33.29
29.54
36.08
40.26
32.17
29.23
41.16
38.63
28.36
31.33
38.93
39.81
33.49
27.66
37.25
37.42
32.49
33.92
43.24
41.93
27.6
36.54
39.76
36.41
23.61
32.38
46.42
36.45
28.44
28.63
38.23
35.7
27.02
28.18
45.16
42.91
27.53
27.2
40.2
38.25
26.76
24.64
47.17
34.85
25.39
33.06
43.87
37.35
23.08
24.21
39.52
36.37
28.53
25.18
43.75
34.5
33.19
27.16
44.18
36.8
32.76
31.29
44.06
37.05
28.62
26.68
43.82
41.06
32.1
30.83
45.15
41.8
28.11
29.25
45.67
37.49
28.72
27.24
46.51
40.17
23.13
27.5
46.15
41.33
25.47
23.82
44.65
38.08
19.13
28.29
41.42
36.25
25.83
28.95
43.1
39.06
22.96
27.1
48.05
41.4
27.58
29.38
40.96
40.95
27.83
31.23
48.59
40.26
28.22
24.06
42.36
39.4
31.62
24.96
43.73
36.52
31.05
27.37
48.78
37.6
38.29
23.02
44.04
38.98
40.68
30.28
47.91
38.73
35.7
29.66
47.67
38.72
31.51
31.94
42.1
38.3
32.59
27.52
43.53
44.28
35.34
26.8
46.25
45.94
33.78
24.02
46.73
42.63
32.03
32.44
43.81
44.05
35.4
25.82
46.23
45.56
32.44
31.09
45.54
43.02
27
28.93
44.23
44.43
32.22
33.05
41.22
43.63
28.67
35.35
46.55
44.92
38.47
28.49
45.63
43.2
33.92
33.25
44.94
41.51
29.53
42.27
46.8
46.46
28.66
28.35
37.27
44.72
22.26
29.25
37.12
43.9
28.89
30.33
39.7
37.41
29.96
30.42
35.31
39.08
26.7
29.73
33.59
36.01
31.57
34.74
38.45
35.71
35.15
29.49
35.68
36.61
30.89
31.04
37.74
37.99
27.96
34.31
34.68
34.31
29.93
32.78
35.44
39.75
30.53
32.32
29.19
39.78
30.71
29.38
37.95
33.12
33.22
35.43
35.27
34.61
30.14
33.68
35.11
37.45
31.89
30.3
36.99
36.9
28.99
30.74
32.35
38.33
28.33
27.79
37.61
33.92
29.04
27.29
38.72
36.55
28.08
35.3
34.34
33.29
33.64
32.14
36.95
35.28
27.25
29.75
34.01
34.34
33.03
36.78
36.57
36.18
30.34
31.09
33.4
37.01
28.73
31.19
32
42.24
25.66
28.62
35.03
35.84
25.9
30.5
38.22
36.35
23.18
32.96
39
41.02
23.47
31.79
38.4
43.72
31.82
35.49
33.24
42.68
28.41
33.06
29.74
41.19
29.74
33.11
38.29
39.45
27.07
34.72
37.86
37.27
28.87
27.68
37.64
38.51
32.4
26.88
37.02
41.11
27
28.99
35.83
33.68
25.5
31.75
38.57
37.87
29.52
32.65
38.74
34.15
29.06
30.12
41.43
37.21
25.95
28.97
35.65
40.36
29.14
33.58
39.22
37.38
28.53
34.72
38.94
37.64
29.77
30.24
36.49
38.97
29.49
30.04
37.05
37.45
30.28
31.7
31.9
34.19
27.98
32.45
39.69
34.95
24.85
31.21
33.42
36.23
26.53
35.21
34.72
37.6
27.31
34.3
35.9
34.59
31.56
34.73
35.52
35.9
29.24
39.72
37.67
36.49
34.07
31.99
38.02
35.25
30.98
32.85
37.92
35.9
32.23
34.5
33.36
36.29
30.87
31.58
34.45
37.22
30.79
29.86
32.99
37.15
34.83
32.85
36.14
35.26
27.76
30.27
34.31
36.22
29.35
34.36
33.93
38.91
28.17
30.16
35.64
36.49
25.84
31.1
33.37
35.93
29.9
30.87
33.22
32.45
30.89
36.29
32.5
31.01
31.23
32.32
31.68
35.43
31.97
33.85
31.23
36.08
29.68
35.08
36.29
34.78
30.91
33.52
32.83
37.37
27.15
34.28
33.28
38.64
26.23
30.54
34.06
37.31
29.64
29.52
31.88
39.11
30.04
27.05
34.7
42.94
31.43
35.76
35.74
35.23
30.59
34.27
33.89
36.02
30.13
35.68
33.04
38.85
31.97
35.11
34.69
39.46
29.95
34.45
32.91
41.27
29.15
33.91
28.65
36.96
30.73
34.21
33.07
41.05
28.99
32.34
36.16
34.69
27.96
23.04
39.32
40.48
26.84
27.35
36.03
39.16
27.77
29.17
37.74
38.6
29.85
25.81
34.38
38.69
29.63
28.24
33.97
38.18
25.81
26.51
34.72
38.56
24.68
31.23
33.57
40.49
27.24
29.48
33.4
38.19
31.09
28.5
31.64
34.84
28.26
26.53
36.33
32.13
24.32
32.31
32.45
33.82
32.24
32.48
36.88
30.18
30.71
36.76
37.95
29.39
31.26
29.92
30.28
34.09
29.75
30.91
36.16
35.89
29.96
27.33
30.68
36.7
36.35
34.13
35.35
32.62
31.63
33.77
40.64
32.39
31.39
30.89
37.18
33.22
31.43
26.97
34.18
33.73
29.99
24.34
30.78
32.47
31.4
27.95
30.98
35.09
34.93
32.66
36.26
31.32
35.21
29.66
32.24
31.22
32.56
32.7
34.85
33.58
32.47
35.54
32.29
33.11
29.05
35
37.12
36.87
31.33
31.31
36.58
29.4
27.86
35.17
39.48
34.25
33.6
30.75
36.79
32.51
35.87
29.88
35.46
35.13
30.55
34.97
33.57
38.03
33.99
32.89
37.81
35.7
26.46
30.07
39.88
37.26
25.22
27.83
34.38
34.95
29.75
29.36
33.66
38.85
29.03
27.41
39.84
38.57
28.51
29.12
36.98
35.68
31.73
29.28
31.19
35.94
32.34
27.74
31.81
38.02
31.19
28.28
35.92
37.99
32.1
27.11
30.42
35.95
34.76
34.99
30.32
37.33
28.15
33.7
37.04
41.7
32.42
25.58
35.32
37.76
34.77
27.93
32.02
36.33
36.64
31.92
35.67
37.28
30.83
30.04
36.44
37.88
28.8
27.72
37.04
40.32
30.13
31.07
35.34
39.46
38.25
31.64
34.19
35.75
35.72
29.71
31.59
34.42
33.56
25.99
38.83
32.5
33.27
29.85
27.63
31.07
33.68
29.73
34.95
34.57
36.74
29.47
36.5
37.98
30.32
32.91
35.06
34.85
30.96
30.19
37.35
41.3
28.26
32.79
36.35
36.6
32.49
35.19
32.03
34.94
34.61
37.27
36.55
34.77
33.92
30.62
35.18
34.83
32.51
32.19
34.28
35.75
34.44
31.71
37.8
36.18
33.83
34.2
34.78
34.29
31.06
37.7
35.3
37.52
28.31
32.19
34.71
36.42
34.21
37.15
35.78
35.58
35.11
38.49
35.29
37.52
33.28
32.92
33.88
36.35
35.38
31.13
34.9
38.06
34.11
34.28
32.5
36.43
33.09
34.56
29.32
34.4
31.62
24.41
29.1
36
30.02
30
27.88
35.92
31.57
33.63
24.13
33.43
24.36
26.09
29.74
35.86
32.21
25.58
32.81
38.11
37.33
25.96
32.53
32.54
26.41
31.63
32.74
33.85
39.51
32.48
30.02
38.37
35.08
29.05
35.13
37.11
31.1
32.71
36.7
33.26
31.34
33.66
31.82
40.83
29.7
33.62
38.47
40.51
25.92
29.42
37.96
37.96
34.88
31.63
38.36
35.76
36
30.45
41.27
36.49
33.12
31.01
39.63
35.4
32.8
33.64
38.81
38.29
34.87
29.58
36.84
37.35
33.86
31.6
42.03
35.03
34.79
32.01
40.58
34.73
35.63
26.13
41.07
35.49
32.61
28.63
38.13
33.82
30.39
33.44
43.23
30.34
27.05
29.4
40.7
28.65
27.85
33.74
39.9
32.67
32.36
33.47
41
32.92
27.41
32.02
41.09
35.41
27.28
29.8
40.59
34.86
30.89
28.95
44.2
33.29
28.32
25.21
38.69
34.24
32.71
29.36
39.04
29.83
25.66
26.29
33.73
37.51
34.18
28.77
39.24
27.92
32.2
27.99
35.64
35.94
32.82
30.33
41.18
35.18
37.14
26.04
38.74
31.05
34.56
29.65
39.77
36.87
35.27
28.49
42.87
32.13
35.26
35.48
39.05
30.3
34.57
25.62
39.89
31.88
35.59
33.15
42.79
28.32
35.14
35.28
39.18
28.71
34.46
33.54
38.17
32.61
30.03
27.79
41.66
30.28
29.22
36.5
46.6
33.95
28.45
35.23
37.93
35.44
30.02
38.77
39.21
31.16
30.82
33.59
39.67
32.21
28.58
34.04
33.64
30.16
26.52
30.73
40.79
33.88
25.12
30.01
38.51
36.13
25.18
30.13
33.75
28.6
26.3
30.59
34.76
36.93
28.26
35.3
37.41
35.65
29.97
30.47
35.71
29.21
31.05
31.43
34.99
34.16
30.46
25.8
37.78
38.21
25.71
30.13
36.57
30.15
26.28
34.55
39.14
31.81
29.46
35.46
36.15
37.3
32.09
28.01
41.86
31.99
26.96
29.84
39.04
33.53
27.66
30.64
33.95
33.13
22.85
35.17
37.81
30.31
25.45
31.12
34.91
32.87
29.87
24.91
31.7
37.54
24.68
24.47
33.28
36.73
32.69
25.08
38.24
37.22
35.87
22.52
34.2
31.49
30.14
24.48
32.91
37.14
41.9
29.76
32.35
37.75
33.56
27.78
33.95
42
32.98
27.07
32.44
38.02
29.71
27.6
33.21
38.73
30.97
32.31
34.52
42.64
31.1
29.43
39.5
39.14
33.8
29.95
35.6
35.68
31.62
35.53
31.14
35.95
21.75
35.19
27.7
34.23
27.87
36.29
22.63
39.21
32.28
35.24
25.62
33.95
27.68
34.03
22.64
35.7
31.28
34.04
29.31
39.99
30.28
34.69
24.06
39.09
36.7
43.75
28.72
40.66
32.86
38.13
29.79
36.46
35.4
38.75
29.84
38.51
23.05
38.33
25.54
41.63
31.32
40.99
28.43
35.93
27.2
39.81
26.07
37.05
27.8
34.49
24.41
38.64
25.49
35.25
23.68
39.04
24.74
38.77
27.5
34.01
30.96
36.27
34.46
37.97
33.23
34.17
29.96
39.2
24.92
38.01
22.72
38.83
28.29
35.69
22.6
38.32
22.88
39.01
25.65
36.11
30.17
36
24.14
33.99
24.18
39.62
27.89
37.78
28.1
35.75
27.54
31.41
26.74
29.77
27.8
27.16
30.5
31.43
30.68
28.73
27.76
27.8
29.96
31.7
29.89
31.62
31.14
34.88
32.82
34.29
28.67
31.27
31.63
31.38
31.21
35.52
30.63
31.23
32.67
32.27
27.05
39.3
26.52
33.71
26.07
34.17
24.93
31.6
29.98
29.55
36.68
29.88
29.51
28.47
33.15
25.97
32.35
30.84
32.76
29.33
32.76
36.02
31.89
38.39
26.18
34.64
33.47
33.85
30.41
35.02
27.7
36.57
24.39
37.65
29.73
37.87
30.71
40.26
27.63
39.54
25.8
40.19
25.91
35.44
32.85
38.07
28.9
31.74
30.04
32.72
23.4
38.61
28.89
35.33
29.66
37.47
33.23
37.62
31.13
34.54
33.02
37.22
34.74
43.08
30.6
37.18
34.48
44.19
31.87
39.51
32.86
40.29
26.82
43.11
31.86
41.73
30.4
38.43
35
37.75
27.9
37.92
30.39
36.64
30.92
36.97
27.32
35.57
32.91
33.46
29.66
31.43
34.2
30.64
32.83
29.62
29
29.27
35.43
36.27
33
33.05
29.5
28.67
33.27
30.55
23.59
33.67
29.39
30.86
29.26
31.23
29.06
33.91
34.06
34.65
28.84
32.63
27.93
35.95
26.27
31.07
26.56
34.94
32.08
30.94
30.38
33.8
34.85
33.75
32.99
31.85
33.57
37.64
32.47
34.78
32.3
33.42
27.97
30.32
33.34
31.5
33.01
31.43
30.92
30.81
27.59
29.6
32.79
30.88
29.57
35.19
31.38
35.93
34.4
38.13
34.24
39.79
34.74
30.97
26.51
40.64
28.85
35.47
29.6
36.75
28.19
32.65
25.73
36.47
31.25
34.71
29.62
34.41
34.57
40.85
28.68
35.27
31.8
34.88
26.89
35.56
30.2
35.08
30.5
32.35
28.85
37.34
35.67
33.05
34.11
38.44
34.37
41.64
25.23
37.89
33.61
37.42
32.08
40.94
33.85
35.4
43.28
35.51
34.63
36.56
38.36
34.5
36.21
29.18
34.48
35.18
30.9
37.76
35.94
36.65
32.92
38.54
27.69
41.96
31.45
40.64
28.97
48.68
30.24
44.6
30.83
36.87
30.82
37.86
28.36
42.52
28.47
39.35
29.28
43.72
24.06
46.93
21
42.44
24.81
36.03
22.32
34.91
24.42
33.82
23.61
41.52
26.94
38.08
25.68
36.64
23.81
36.25
27.27
35.57
25.83
35.19
25.2
33.61
24.77
31.11
18.01
34.01
19.41
37.18
27.93
38.15
25.77
31.56
25.98
40.64
27.12
32.81
29.54
36.64
30.87
37.93
27.72
34.66
25.86
30.85
31.16
36.31
32.24
37.79
35.38
38.84
34.78
34.23
34.82
37.08
35.17
41.94
30.47
33.92
34.67
37.28
31.31
32.33
32.14
41.07
27.41
36.04
24.85
32.61
28.7
36.73
29.33
35.4
30.02
36.43
29.21
35.27
30.48
34.65
27.84
33.65
30.04
35.99
32.51
36.92
29.23
32.78
34.72
31.06
26.09
36.74
28.86
31.64
26.72
36.06
30.34
35.88
32.85
30.12
23.75
34.33
26.91
34.25
24.08
33.49
32.26
29.2
26.74
28.14
30.73
33.91
28.43
32.27
25.95
32.79
28.24
34.03
27.84
28.91
26.89
28.6
24.59
31.6
26.9
32.47
31.77
34.75
26.59
35.71
32.49
32.45
31.43
35.17
29.8
36.82
33.78
31.88
32.06
32.4
28.22
35.4
27.4
33.81
32.3
35.91
20.9
31.78
26.62
31.59
27.1
31.37
24.3
35.84
27
38.7
25.14
38.04
25.69
38.75
22.87
37.71
25.69
36.71
24.87
39.94
24.57
41.37
27.36
34.81
23.79
35.62
26.95
35.58
29.56
34.25
25.09
35.83
24.12
33.15
24.12
32.64
23.9
37.35
26.72
37.3
19.81
34.94
28.62
35.75
28.37
35.01
24.36
35.66
30.33
34.82
23.93
31.26
25.57
33.06
30.86
35.09
31.1
29.96
26.49
34.09
26.88
36.58
37.09
38.88
29.71
36.86
34.68
38.21
28.67
43.18
26.88
42.34
30.33
37.63
31.83
37.63
31.34
39.35
27.28
36.97
32.61
41.81
24.48
42.17
31.47
38.33
27.44
36.13
29.06
41.23
33.2
38.26
28.75
44.42
29.53
38.05
35.09
37.91
31.97
40.2
34.83
41.52
27.51
37.1
31.08
45.08
26.2
40.53
29.94
42.54
27.16
43.86
30.43
43.04
31.41
41.48
29.4
39.67
31.96
30.18
32.13
32.29
37.36
33.68
29.86
37.41
24.93
38.36
23.14
35.68
26.87
43.21
26.54
44.21
28.99
35.21
25.91
37.82
31.22
43.74
25.65
37.17
29.45
40.45
25.26
39.48
32.48
40.89
23.48
43.65
28.26
37.61
19.6
44.14
26.17
44.99
29.95
46.09
31.12
48.03
26.8
40.82
23.32
43.09
27.23
44.8
26.31
37.05
29.97
36.77
34.44
42.47
34.34
36.72
33.79
38.3
27.87
46.89
33.93
34.09
28.71
30.92
27.83
40.88
28.16
39.98
26.38
46.73
27.96
36.87
27.88
40.89
31.77
42.05
27.55
43.46
29.37
41.47
30.04
43.93
28.43
47.5
26.28
47.42
28.7
48.27
26.62
38.21
26.86
39.98
31.98
39.34
32.51
43.34
32.66
39.75
29.46
36.51
33.11
44.58
27.17
43.46
28.24
45.1
30.55
46.12
29.6
47.05
29.62
38.65
28.34
40.21
31.43
42.78
27.04
42.14
33.93
44.42
31.51
42.97
28.61
41.19
30.6
44.59
27.89
42.89
27.78
37.06
33.12
40.56
30.43
34.13
30.59
41.36
30.72
38.87
29.43
38.6
33.2
36.17
29.29
36.52
26.32
41.94
32.26
36.01
32.26
37.2
32.32
32.91
35.4
33.4
35.94
34.08
34.17
35.01
32.51
36.83
31.75
35.49
34.26
36.25
35.81
33.83
36.97
32.85
37.99
34.83
40.3
35.35
36.32
37.66
41.5
34.2
36.66
32.87
36.36
34.32
36.27
37.1
41.39
37.62
42.14
36.25
39
37.71
42.34
44.39
36.4
46.98
33.23
40.11
41.67
43.09
39.27
42.53
32.1
37.32
39.45
38.6
34.19
37.67
36.57
40.23
39.16
39.05
41.23
44.95
35.28
40.76
36.93
40.91
34.83
45.61
35.75
40.95
30.72
42.72
33.38
37.37
32.34
39.17
32.17
40.6
30.81
42.36
29.44
36.38
28.83
44.7
31.86
39.76
33.93
39.99
27.28
44.7
35.73
44.38
35.54
43.79
25.12
42.12
31.6
38.54
32.02
40.79
34.95
45.85
33.13
44.48
29.14
43.53
31.32
47.18
32.66
42.1
37.14
42.21
34.45
39.6
30.56
43.41
29.49
40.68
29.6
43.46
25.92
40.48
29.48
48.21
26.09
44.41
29.22
42.14
25.69
49.06
29.6
49.95
32.76
48.41
28.37
45.28
31.55
44.93
27.9
50.51
32.86
51.65
31.17
51.91
26.51
49.45
27.7
50.91
30.92
43.66
28.52
43.73
30.71
43.02
27.78
42.94
32.44
50.07
32.63
45.61
33.84
48.61
24.88
45.82
29.25
48.96
31.4
48.02
31.67
38.52
32.4
42.95
33.73
44.62
31.77
42.23
32.27
44.02
34.46
40.09
24.13
42.89
26.95
40.88
26.29
45.37
21.5
47.43
28.36
41.76
27.03
41.57
29.84
34.47
29.41
46.75
26.91
45.07
34.64
46.57
32.18
46.82
37.02
47.52
32.11
50.08
36.78
46.54
28.79
42.99
32.94
40.94
36.95
39.05
34.41
35.94
34.62
33.43
34.74
37.15
35.98
34.43
30.7
36.85
31.65
31.88
32.07
31.8
36.92
36.51
34.26
36.18
31.65
35.12
26.26
33.29
27.06
30.51
37.3
27.1
31.42
33.59
31.05
32.9
30.16
33.2
28.09
36.97
26.81
37.36
27.02
33.72
29.25
34.77
27.44
29.75
24.1
37.74
24.8
35.75
29.95
37.94
29.83
36.27
31.31
38.06
29.21
35.32
30.94
36.87
