2.3948
2.4516
2.4109
2.4068
2.4328
2.3599
2.4022
2.4405
2.4027
2.4278
2.3480
2.2888
2.3870
2.3774
2.3891
2.3928
2.3384
2.4287
2.3783
2.4088
2.3771
2.3768
2.3635
2.3593
2.3928
2.4159
2.3851
2.3823
2.4476
2.3068
2.3858
2.4181
2.4194
2.4055
2.3511
2.4258
2.4086
2.4134
2.3963
2.3959
2.3756
2.3870
2.3530
2.4032
2.3739
2.3654
2.3849
2.3881
2.4214
2.3867
2.3748
2.3826
2.4043
2.3676
2.3982
2.3866
2.3960
2.3600
2.3885
2.3603
2.3475
2.4089
2.4137
2.4029
2.3815
2.3870
2.4182
2.3924
2.3825
2.3844
2.3634
2.3816
2.4130
2.3825
2.4059
2.3681
2.3943
2.3958
2.3850
2.3697
2.3682
2.4123
2.3641
2.3911
2.4110
2.4058
2.3793
2.4158
2.3919
2.3859
2.4034
2.3917
2.4055
2.4024
2.4005
2.3934
2.3931
2.4061
2.4165
2.4057
2.3670
2.4151
2.3700
2.3865
2.3989
2.3692
2.4001
2.4032
2.3978
2.3800
2.3778
2.3828
2.3908
2.3664
2.4061
2.4096
2.3991
2.3830
2.3767
2.4114
2.4068
2.3592
2.4112
2.4087
2.4099
2.4098
2.3934
2.4044
2.3936
2.3929
2.4056
2.3773
2.4049
2.4088
2.4113
2.4124
2.4157
2.3914
2.3869
2.3787
2.3900
2.3997
2.3821
2.3796
2.3986
2.3813
2.3823
2.3445
2.3793
2.3937
2.4155
2.3775
2.3699
2.4086
2.3883
2.4144
2.4037
2.3909
2.4148
2.3732
2.3805
2.3934
2.4014
2.3712
2.4113
2.3863
2.4075
2.3942
2.4016
2.4266
2.3981
2.3734
2.4009
2.3722
2.3697
2.4331
2.3940
2.3705
2.3554
2.3673
2.3878
2.4137
2.4175
2.3507
2.4017
2.3739
2.3903
2.3945
2.3704
2.3776
2.4014
2.4009
2.3782
2.3498
2.3957
2.4163
2.3787
2.3748
2.3685
2.3582
2.3884
2.3773
2.3363
2.3879
2.4255
2.4537
2.4154
2.3997
2.3187
2.4041
2.3484
2.4081
2.4274
2.3801
2.3297
2.3866
2.3978
2.3866
2.4050
2.3835
2.3283
2.4219
2.3762
2.3929
2.3950
2.3745
2.2828
2.3760
2.4114
2.3883
2.4064
2.3852
2.2989
2.3819
2.3933
2.3603
2.3855
2.3925
2.3427
2.4139
2.3820
2.4086
2.3820
2.4098
2.3222
2.4084
2.4025
2.3957
2.3670
2.4199
2.3822
2.3666
2.4214
2.3554
2.3709
2.3809
2.3944
2.3805
2.4182
2.4101
2.4004
2.3890
2.3492
2.3730
2.3955
2.3522
2.3811
2.3637
2.3853
2.4085
2.3758
2.3375
2.4025
2.4066
2.3474
2.3977
2.4039
2.3610
2.4070
2.3778
2.3390
2.3984
2.4039
2.3798
2.3672
2.3834
2.3969
2.4170
2.4060
2.3593
2.4030
2.3792
2.3911
2.3988
2.3787
2.4464
2.4174
2.3784
2.3816
2.3669
2.3649
2.4087
2.4016
2.4195
2.3960
2.4100
2.3960
2.3807
2.3961
2.3785
2.3803
2.4079
2.4181
2.3985
2.4085
2.4137
2.3792
2.4011
2.3706
2.3996
2.4098
2.4135
2.4125
2.3760
2.4128
2.3917
2.4030
2.4054
2.4051
2.3919
2.3735
2.3735
2.3689
2.3855
2.3719
2.3929
2.4168
2.3862
2.3626
2.3614
2.3863
2.3849
2.3879
2.4077
2.3767
2.4113
2.4161
2.3990
2.4295
2.3860
2.3700
2.3987
2.3945
2.3784
2.4120
2.3935
2.4061
2.3859
2.4195
2.3990
2.4189
2.3993
2.3810
2.3993
2.4089
2.3722
2.3730
2.4091
2.3969
2.4237
2.3829
2.3691
2.4186
2.4170
2.4070
2.3832
2.3975
2.3693
2.3797
2.3976
2.3897
2.3831
2.3860
2.4244
2.4064
2.4169
2.3982
2.4063
2.3771
2.3795
2.4005
2.3981
2.3796
2.4259
2.3913
2.3779
2.4102
2.4082
2.3411
2.3664
2.4111
2.4007
2.4208
2.3719
2.4299
2.3733
2.3918
2.3992
2.4111
2.3859
2.4263
2.4011
2.4148
2.4111
2.3944
2.3785
2.3463
2.4082
2.4122
2.4055
2.4055
2.3920
2.4384
2.4017
2.3980
2.3928
2.3842
2.3829
2.3726
2.4074
2.4262
2.3757
2.3821
2.3953
2.3682
2.3856
2.3748
2.4005
2.3689
2.4079
2.4207
2.4192
2.3784
2.3787
2.3690
2.4069
2.4081
2.3809
2.3851
2.3799
2.3832
2.3983
2.3444
2.4048
2.3846
2.4203
2.4008
2.4098
2.4133
2.3984
2.3797
2.3986
2.3890
2.4185
2.3718
2.3982
2.4159
2.4007
2.4042
2.4016
2.4115
2.3869
2.3872
2.4171
2.3798
2.3597
2.3961
2.3762
2.3812
2.4074
2.3935
2.3924
2.4060
2.4085
2.3838
2.3942
2.3805
2.3836
2.3501
2.3933
2.3813
2.3925
2.4181
2.3668
2.4157
2.3824
2.3865
2.3925
2.3742
2.4043
2.4306
2.4050
2.4165
2.4254
2.3986
2.3955
2.3441
2.3893
2.4208
2.3739
2.3964
2.4068
2.3672
2.3933
2.3779
2.3565
2.3847
2.4148
2.4424
2.3963
2.3802
2.3740
2.3799
2.3702
2.3909
2.3717
2.3614
2.3823
2.4158
2.3864
2.3956
2.4055
2.4054
2.3960
2.3841
2.3932
2.4202
2.3933
2.3726
2.3949
2.3658
2.3871
2.4105
2.3829
2.4099
2.4216
2.3745
2.3909
2.4133
2.4121
2.3814
2.3909
2.4105
2.3691
2.3746
2.3953
2.4259
2.3632
2.4109
2.3986
2.3987
2.4090
2.3710
2.3785
2.3579
2.4084
2.3613
2.4040
2.3891
2.3665
2.3799
2.4116
2.3977
2.3921
2.3879
2.4019
2.4223
2.4098
2.4090
2.4051
2.3930
2.3972
2.3768
2.3768
2.4044
2.4013
2.4014
2.3823
2.4053
2.4087
2.4124
2.3675
2.3708
2.4242
2.3824
2.3856
2.3850
2.3857
2.4244
2.4124
2.4018
2.3670
2.3860
2.4075
2.4006
2.4153
2.3772
2.3719
2.3986
2.4242
2.3880
2.4081
2.4009
2.3645
2.3804
2.3736
2.3569
2.4067
2.3902
2.3905
2.3615
2.3702
2.4090
2.4056
2.3962
2.3794
2.4231
2.4249
2.3987
2.4067
2.4295
2.3900
2.3611
2.3641
2.4186
2.3854
2.3111
2.3900
2.3965
2.4009
2.3990
2.3047
2.3838
2.3867
2.3795
2.3866
2.3771
2.3704
2.3981
2.3792
2.3791
2.3541
2.3704
2.3916
2.4259
2.3653
2.4056
2.4042
2.3743
2.3904
2.3787
2.4122
2.4184
2.3950
2.4234
2.4245
2.3626
2.4076
2.3852
2.3971
2.3924
2.3607
2.3712
2.3756
2.3603
2.4208
2.4003
2.4082
2.3948
2.4147
2.4155
2.4032
2.4189
2.3444
2.4107
2.4046
2.4067
2.4047
2.3754
2.3691
2.4011
2.3797
2.3923
2.3868
2.3917
2.3758
2.3820
2.3900
2.3799
2.4109
2.3707
2.4035
2.3669
2.3455
2.3938
2.4029
2.3866
2.4081
2.3790
2.3900
2.3990
2.3976
2.4201
2.3880
2.3799
2.3784
2.4035
2.4054
2.3777
2.3985
2.3800
2.4096
2.3738
2.3978
2.3812
2.3917
2.3995
2.3948
2.4069
2.3848
2.3808
2.4028
2.4056
2.3957
2.4183
2.3945
2.3809
2.3887
2.4203
2.3862
2.3914
2.3928
2.3875
2.3831
2.4152
2.4004
2.3947
2.4155
2.3549
2.3977
2.4081
2.3892
2.3850
2.4022
2.3699
2.3609
2.3784
2.3796
2.3885
2.4065
2.3810
2.4390
2.3984
2.4001
2.3663
2.4136
2.3532
2.3760
2.4073
2.4080
2.4040
2.4083
2.4228
2.3875
2.4122
2.3865
2.4217
2.3719
2.3918
2.3759
2.3901
2.4008
2.4055
2.4009
2.4051
2.4277
2.3766
2.3738
2.3711
2.3861
2.3779
2.4148
2.3958
2.3682
2.4066
2.3614
2.4113
2.3627
2.4001
2.4202
2.4086
2.4078
2.3824
2.3784
2.3985
2.4568
2.3725
2.4154
2.4118
2.3669
2.3888
2.4705
2.3856
2.4097
2.3917
2.4057
2.3739
2.4655
2.3920
2.4138
2.3680
2.3820
2.4001
2.4476
2.3796
2.3927
2.3846
2.3668
2.3851
2.4239
2.3727
2.4021
2.3731
2.3783
2.3847
2.4310
2.4039
2.4003
2.3706
2.3994
2.3883
2.4748
2.4111
2.3899
2.3769
2.3818
2.3830
2.3757
2.4096
2.3907
2.3871
2.3989
2.4104
2.3760
2.4131
2.4021
2.4041
2.3814
2.3862
2.3757
2.4076
2.3909
2.4034
2.4034
2.3906
2.3405
2.3762
2.3909
2.4020
2.4019
2.3928
2.3863
2.3945
2.4064
2.3909
2.3736
2.4060
2.3741
2.3866
2.4019
2.3800
2.4019
2.4113
2.3438
2.4131
2.3989
2.4011
2.3981
2.4043
2.3845
2.3703
2.3928
2.3777
2.3867
2.3756
2.3718
2.4062
2.3861
2.3862
2.3782
2.3910
2.3824
2.4129
2.4088
2.3980
2.4084
2.3900
2.3807
2.4105
2.3959
2.4028
2.3712
2.3756
2.3595
2.4116
2.3891
2.4059
2.4221
2.3822
2.3720
2.3848
2.3859
2.3573
2.3985
2.3706
2.3856
2.3934
2.3881
2.3915
2.3762
2.3919
2.4073
2.4239
2.4227
2.3466
2.3816
2.3847
2.3620
2.4111
2.4080
2.3781
2.3964
2.3909
2.4163
2.4020
2.4179
2.3677
2.3884
2.3953
2.3951
2.3981
2.3688
2.3985
2.3808
2.3934
2.4029
2.3903
2.3737
2.3985
2.3838
2.4219
2.3694
2.3917
2.4041
2.3755
2.3775
2.4054
2.4122
2.4058
2.4142
2.3982
2.3814
2.3823
2.3803
2.3882
2.4044
2.4030
2.3817
2.4020
2.3554
2.3944
2.4230
2.3732
2.3867
2.4199
2.3945
2.4045
2.4012
2.3934
2.3753
2.4116
2.3959
2.4045
2.3782
2.4168
2.3834
2.3843
2.4006
2.4069
2.3755
2.4140
2.3895
2.4175
2.3868
2.3855
2.4047
2.3821
2.3767
2.4006
2.3879
2.3895
2.4008
2.3990
2.3892
2.3891
2.4012
2.4052
2.4031
2.3896
2.3706
2.3835
2.3886
2.3900
2.4013
2.3945
2.3924
2.4117
2.3873
2.3930
2.3968
2.3703
2.3744
2.3985
2.4060
2.3745
2.4054
2.4418
2.3887
2.4035
2.4044
2.3978
2.4146
2.3368
2.3875
2.3530
2.4044
2.3797
2.4008
2.4157
2.3932
2.3687
2.3861
2.4189
2.3904
2.3757
2.3617
2.3825
2.3903
2.3742
2.3857
2.4388
2.3889
2.4136
2.4041
2.4055
2.3759
2.3398
2.3841
2.4366
2.3829
2.3845
2.4019
2.4163
2.4002
2.3842
2.3878
2.4023
2.4072
2.4134
2.3574
2.3848
2.3993
2.3729
2.4094
2.4127
2.3921
2.3687
2.4279
2.3994
2.4225
2.4074
2.3871
2.3809
2.3711
2.4242
2.4064
2.3737
2.3977
2.3839
2.4044
2.4151
2.3729
2.3748
2.4172
2.4044
2.3977
2.4012
2.3573
2.3885
2.3673
2.3747
2.4061
2.3976
2.3754
2.4062
2.4115
2.4059
2.3540
2.3795
2.3826
2.3750
2.3834
2.4108
2.3331
2.3912
2.3799
2.3698
2.3745
2.3593
2.4119
2.3866
2.4067
2.3860
2.3578
2.3855
2.4123
2.3817
2.4101
2.4230
2.3772
2.3733
2.4118
2.4099
2.4182
2.3909
2.3331
2.3823
2.3723
2.4035
2.4174
2.3890
2.3993
2.3817
2.3692
2.4124
2.4080
2.4035
2.3592
2.4190
2.3919
2.3756
2.3770
2.3929
2.3321
2.3844
2.4069
2.3734
2.3622
2.4235
2.3876
2.3933
2.3781
2.3814
2.3898
2.3565
2.3790
2.3497
2.3753
2.4090
2.3832
2.3814
2.3857
2.3649
2.3935
2.3633
2.3727
2.4043
2.4145
2.4069
2.4050
2.3755
2.3902
2.4098
2.3932
2.3786
2.3923
2.3889
2.4029
2.4028
2.3691
2.3922
2.3761
2.4126
2.4137
2.3891
2.4108
2.3908
2.4092
2.4096
2.3867
2.3781
2.3707
2.4188
2.4039
2.4186
2.4190
2.3904
2.4064
2.4057
2.3831
2.4003
2.4007
2.3948
2.3831
2.4014
2.3814
2.4135
2.3762
2.3759
2.3874
2.4257
2.3970
2.4086
2.3650
2.3816
2.3833
2.4085
2.3814
2.4133
2.4059
2.3787
2.3923
2.3888
2.3824
2.3847
2.3937
2.3813
2.4086
2.4288
2.4058
2.3945
2.3929
2.3847
2.3695
2.4233
2.3820
2.3930
2.3960
2.3898
2.3808
2.3849
2.3889
2.3830
2.4061
2.3739
2.4124
2.3920
2.3604
2.4037
2.4216
2.3688
2.3339
2.3874
2.3736
2.4023
2.4172
2.3816
2.4498
2.3777
2.3725
2.3896
2.4211
2.3894
2.3608
2.4061
2.3644
2.3936
2.4034
2.3675
2.3213
2.3921
2.3754
2.3851
2.3769
2.3936
2.4408
2.3645
2.4221
2.3663
2.3621
2.3695
2.4072
2.3884
2.3839
2.4024
2.4137
2.3923
2.4120
2.3728
2.3999
2.3315
2.3897
2.4229
2.3642
2.3690
2.4501
2.3659
2.4151
2.4035
2.4006
2.3626
2.3840
2.3898
2.3824
2.3722
2.3290
2.4120
2.3878
2.4057
2.3954
2.4328
2.4002
2.4206
2.4084
2.3728
2.3740
2.3967
2.3789
2.3922
2.4084
2.4230
2.3713
2.3782
2.3842
2.4219
2.4055
2.3916
2.3962
2.4271
2.3710
2.3751
2.3890
2.3801
2.4284
2.3867
2.3786
2.3820
2.3868
2.3963
2.4033
2.4127
2.3698
2.4009
2.3860
2.4044
2.4021
2.3993
2.4253
2.3976
2.3916
2.3867
2.3925
2.3736
2.3654
2.4110
2.3801
2.3718
2.3998
2.3927
2.4109
2.4360
2.4231
2.3612
2.3916
2.3891
2.3819
2.4330
2.4062
2.3878
2.3751
2.3667
2.3809
2.3947
2.3968
2.4070
2.4140
2.3847
2.4192
2.3874
2.4098
2.3831
2.4161
2.3950
2.4018
2.3793
2.4093
2.3752
2.3878
2.3846
2.4075
2.3793
2.3878
2.3872
2.4041
2.3498
2.4031
2.3989
2.3888
2.4018
2.3735
2.4105
2.4106
2.3901
2.3878
2.3832
2.4005
2.4257
2.4269
2.4131
2.4042
2.3879
2.3855
2.3687
2.3841
2.3701
2.4038
2.3515
2.3807
2.3970
2.3777
2.3939
2.3699
2.3878
2.3806
2.3912
2.3965
2.3849
2.3679
2.3949
2.3922
2.3865
2.3874
2.4064
2.3959
2.3835
2.3787
2.3955
2.3843
2.3886
2.3614
2.3929
2.3686
2.3749
2.3790
2.3954
2.3826
2.4274
2.3967
2.4045
2.4113
2.4090
2.4238
2.4030
2.4005
2.3733
2.4074
2.3643
2.4023
2.4059
2.3947
2.3871
2.4086
2.3935
2.4250
2.3986
2.3873
2.4238
2.3813
2.3905
2.3870
2.4089
2.3768
2.3691
2.3849
2.4282
2.3913
2.3907
2.3902
2.3754
2.4021
2.4142
2.4125
2.3691
2.4152
2.3917
2.4068
2.3946
2.3931
2.3824
2.3843
2.3784
2.3921
2.3842
2.3877
2.3726
2.3857
2.4117
2.3787
2.3581
2.3842
2.4141
2.3878
2.4124
2.4023
2.3704
2.4033
2.3618
2.4005
2.3749
2.3608
2.3853
2.4039
2.3922
2.3977
2.3894
2.3999
2.3696
2.4048
2.4324
2.4072
2.3991
2.3892
2.3865
2.3800
2.3790
2.3817
2.3790
2.4100
2.3925
2.3861
2.3948
2.3914
2.3928
2.3887
2.3858
2.3898
2.3914
2.4099
2.3881
2.3866
2.3849
2.3896
2.3957
2.3863
2.3894
2.3838
2.3859
2.3986
2.4002
2.3637
2.4123
2.3825
2.3596
2.3989
2.4008
2.3999
2.4092
2.4099
2.3819
2.3995
2.3675
2.3664
2.3849
2.3915
2.3675
2.3875
2.3975
2.3918
2.3767
2.3954
2.4009
2.3799
2.3944
2.3859
2.3966
2.3950
2.3864
2.3907
2.3879
2.3687
2.4065
2.4016
2.3689
2.3899
2.3981
2.4096
2.4013
2.3832
2.3855
2.3802
2.3818
2.3875
2.3948
2.4038
2.3842
2.3897
2.3951
2.4062
2.3795
2.4146
2.3850
2.3716
2.4053
2.4000
2.3803
2.4062
2.3711
2.3935
2.4002
2.3969
2.3933
2.4102
2.4125
2.3989
2.3900
2.3859
2.4007
2.3736
2.3781
2.3740
2.3432
2.3860
2.3723
2.3398
2.3839
2.4052
2.4013
2.4039
2.3868
2.3814
2.4059
2.3915
2.3836
2.4026
2.3946
2.4267
2.3721
2.3839
2.4044
2.3779
2.4080
2.4030
2.4040
2.4024
2.3869
2.3917
2.4029
2.3894
2.3889
2.3760
2.4221
2.3764
2.4145
2.3763
2.4172
2.3812
2.4223
2.3625
2.3723
2.3691
2.3735
2.3703
2.3927
2.3895
2.4195
2.3737
2.3346
2.4130
2.4030
2.3705
2.4342
2.3365
2.3691
2.3889
2.3770
2.3792
2.3710
2.3765
2.3841
2.3771
2.3814
3.0252
3.0364
3.0370
3.0389
3.0358
3.0292
3.0349
3.0377
3.0387
3.0351
3.0317
3.0356
3.0383
3.0411
3.0384
3.0360
3.0321
3.0399
3.0392
3.0388
3.0228
3.0081
3.0314
3.0351
3.0265
3.0229
3.0304
3.0328
3.0328
3.0070
2.3733
2.4075
2.4221
2.3782
2.3964
2.4137
2.3670
2.3774
