0
-0.19
-0.46
-0.26
-0.68
-0.22
-0.47
-0.52
-0.4
-0.24
-0.48
-0.3
-0.26
-0.38
-0.37
-0.81
-0.26
-0.25
-0.31
-0.52
-0.21
-0.86
-0.28
-0.25
-0.16
-0.21
-0.53
-0.26
-0.25
-1
-0.3
-0.18
-0.38
-0.24
-0.18
-0.37
-0.23
-0.43
-0.23
-0.38
0.43
-0.37
-0.24
-0.9
-0.83
-0.25
4.27
-0.29
-0.34
-0.39
-0.61
-0.34
-0.05
-0.28
-0.26
-0.44
-0.39
-0.28
-0.05
-0.34
-0.24
-0.39
-0.85
-0.22
-0.1
-0.29
-0.21
-0.27
-0.3
-0.19
-0.15
-0.16
-0.18
-0.22
-0.61
-0.48
-0.43
-0.33
-0.54
-0.26
-0.58
-0.32
-0.3
-0.31
-0.51
-0.22
-0.17
-0.93
-0.24
-0.42
-0.41
-0.34
-0.68
-0.92
-0.2
-0.27
-0.54
-0.35
-0.9
-0.13
-0.24
-0.27
-0.31
-0.33
-0.53
-0.9
-0.41
-0.28
-0.07
-0.29
-0.29
-0.91
-0.25
-0.25
0.09
-0.23
-0.53
-0.93
-0.25
-0.26
-0.19
-0.22
-0.41
-0.38
-0.19
-0.29
-0.6
-0.55
-0.51
-0.27
-0.54
0.05
-0.42
-0.52
-0.39
-0.06
-0.17
-0.5
-0.33
-0.31
-0.07
-0.06
-0.16
-0.46
-0.55
-0.44
-0.06
-0.18
-0.51
-0.31
-0.23
-1.84
-0.45
-0.3
-0.21
-0.37
-1.9
-0.9
-0.19
-0.43
-0.43
-1.77
-0.4
-0.48
-0.32
-0.36
-1.86
-0.46
-0.41
-0.18
-0.82
-1.9
-0.29
-0.33
-0.34
-0.75
-0.71
-0.35
-0.91
-0.43
-0.76
-0.12
-0.28
-0.83
-0.47
-0.91
-0.25
-0.69
-0.54
-0.99
-0.28
-0.32
-0.29
-0.5
-0.24
-0.51
-0.94
-0.12
-0.34
-0.89
-0.08
-0.58
-0.53
-1.68
-0.87
-0.84
-1.72
-0.4
-0.81
-0.2
-0.48
-0.79
-0.21
-0.51
-0.67
-0.34
-0.32
-0.74
-0.31
-0.47
-0.82
-1.98
-0.36
-0.71
-0.85
-0.08
-0.71
-0.58
-0.41
-0.71
-0.66
-0.49
-0.81
-0.67
-0.59
-0.68
-0.37
-0.27
-0.41
-0.25
-0.55
-0.47
-0.22
-0.37
-0.6
-0.95
-0.61
-0.19
-0.64
-0.47
-0.25
-0.2
-0.81
-0.86
-0.86
-0.31
-0.66
-0.32
-0.06
-0.07
