-3.19
4.43
1.77
-2.96
0.87
-1.12
2.4
0.92
-11.35
-3
-3.37
0.21
5.61
-4.64
-16.55
0.27
-5.38
-2.06
2.64
0.63
-1.49
-2.43
1.26
4.51
-0.3
-6.22
1.96
-3.81
-4.12
-5.47
-0.19
-3.4
1.79
3.32
-6.22
-0.7
4.6
-9.64
2.04
-1.73
4.62
-0.15
3.12
1
-6.57
-3.07
-10.09
5.33
-0.81
-2.79
-2.94
6.4
-2.3
0.33
-2.86
-1.73
-4.96
0.57
-1.44
-0.21
-9.22
2.95
-1.09
0.67
-5.51
16.06
2.43
6.19
7.14
-2.29
-5.1
-0.86
-5.61
8.78
-1.07
8.09
0.79
5.27
-2.1
-9.39
-5.19
-1.65
-1.83
5.45
8
-1.91
5.83
-0.45
-5.68
-0.16
2.13
-5.08
-2.56
0
3.16
-6.86
-2.73
-0.57
-3.08
-3.19
-2.99
-4.65
0.56
-14.67
-1.17
1.39
-5.95
0.22
2.63
-1.87
-1.47
7.15
0.88
11.58
-2.92
-8.11
-2.78
0.45
-3.51
-15.68
1.02
1.19
6.92
0.17
3.12
1.65
5.21
0.48
-2.02
-10.2
-3.19
1.82
7
-6.01
4.33
5.46
-4.43
6.93
1.32
-6.22
-2.91
2.85
-1.38
4.26
-6.59
-2.98
-1.19
-4.57
-9.41
6.91
0.24
-0.21
-2.46
2.44
0.35
8.6
-3.95
1.69
2.56
8.47
-8.42
5.06
-7.39
-3.06
12.33
-0.21
-1.45
2.04
6.2
-14.24
-4.7
3.16
-3.11
-0.74
-6.15
1.18
-3.78
8.69
-2.44
6.32
-2.68
0.03
2.46
-6
2.17
-0.93
7.55
8.01
6.33
-2.57
-1.06
2.38
2.35
5.23
-2.65
-3.01
1.33
-0.85
10.11
-1.18
-1.37
-4.61
-2.38
-2.16
3.02
3.44
-5.84
11.23
1.33
1.94
-9.67
1.93
13.41
-3.22
-4.9
-9.88
-1.13
2.91
-7.33
1.38
1.12
6.74
-4.05
-1.94
-4.08
-2.01
5.83
5.12
-3.32
-7.07
0.15
2.13
-19.71
6.2
-3.74
-7.97
10.3
-0.63
-4.16
-2.33
6.56
-1.38
2.78
3.05
-3.33
9
0.21
0.12
5.04
0.23
-1.87
1.24
-7.93
-7.3
7.62
2.07
-4.2
2.59
-3.24
2.62
5.01
-9.45
-4.83
-0.12
1.1
1.63
4.06
0.38
-6.41
1.15
-3.47
-2.6
-3.87
3.43
-7.69
-1.82
-0.69
-8.21
-1.7
2.26
-6.7
0.46
-3.62
7.26
-5.47
2.51
-12.89
0.46
1.84
-4.83
7.36
-1.61
-4.77
6.46
0.53
3.31
-6.97
4.46
-5.96
2.23
-15.62
-9.56
10.78
-0.64
-4.1
8.23
0.67
-0.23
7.1
3.1
-0.1
-4.45
-6.65
1.78
-7.31
-4.95
-0.04
8.35
0.29
-0.13
-1.3
14.05
-0.49
-0.17
8.57
5.02
5.57
4.34
-1.7
1.33
4.01
-1.9
-1.52
7.59
-5.83
-0.12
-1.98
6.33
-0.28
-0.5
2.68
-3.69
1.6
-1.14
3.41
0.21
-2.47
-3.4
-4.87
5.1
2.3
-7.26
-1.06
1.47
8.2
1.98
-0.34
8.43
8.67
4.59
0.35
-12.06
10.93
3.93
2.81
0.16
4.32
-0.52
5.84
4.24
-2.27
4.02
-0.62
-14.17
9.71
-1.41
3.97
3.41
0.91
-6.42
1.3
1.55
-1.36
-2.26
3.37
-6.07
8.17
8.04
-4.59
14.73
3.48
-13.69
-4.25
0.4
0.76
4.17
9.73
-2.17
17.05
-1.05
3.28
8.35
0.02
-1.59
1.12
-6.84
-1.64
3.77
-4.27
-5.12
12.5
9.25
3.16
5.76
-8.8
-2.99
5.06
3.52
-10.03
-1.43
-0.36
-1.68
13.13
-0.45
-6.24
4.43
2.12
0.39
2.65
0.47
0.48
5.36
3.58
-8.86
10.01
5.48
4.05
3.41
-1.26
2.33
16.35
2.16
-3.11
7.57
4.76
0.4
0.14
1.72
-9.31
1.25
14.25
-1.54
4.03
1.87
-9.45
-11.01
-10.25
1.45
6.41
10.57
-10.35
4.73
0.48
-3.18
4.87
3.37
-1.01
-1.8
18.26
-5.63
-0.07
-7.74
-1.06
-1.1
-3.2
-2.33
5.57
5.08
-3.28
6.42
3.45
-4.64
4.43
1.88
-7.03
-1.82
4.23
4.15
2.52
11.02
-1.34
2.51
-1.1
-1.01
0.47
6.72
1.11
0.46
-0.07
5.24
7.13
-0.81
1.61
-11.59
6.61
-7.32
1.11
0.92
-4.33
14.94
-10.07
4.32
5.57
-4.91
-2.74
-20.24
0.66
6.65
6.9
-7.37
-1.65
-4.61
-5.83
2.31
-5.77
0.97
2.86
2.2
-1.21
1.2
-2.19
-12.92
-9.51
-4.1
11.79
-2.03
0.71
-8.52
11.84
0.58
-2.85
3.54
-6.11
9.12
-3.82
5.89
7.88
-3.46
0.06
6.02
-2.74
-4.72
-0.32
2.94
0.83
6.54
1.73
0.69
-8.1
-0.54
-3.02
11.95
3.91
1.74
-3.17
3.86
-5.53
7.4
-3.55
-3.7
4.66
-9.81
5.28
-2.42
10.98
5.58
-6.94
-4.4
2.94
7.26
3.23
8.81
-2.88
6.37
1.31
-6.84
-0.59
-1.02
9.25
-0.38
-6.23
8.14
1.52
2.65
-7.99
-4.36
-8.03
1.81
1.43
-0.63
-1.35
-2.01
3.55
-4.19
-6.05
4.88
-0.82
-1.7
1.56
-4.35
1.15
-4.03
-13.61
0.98
-1.86
14.6
3.16
5.49
7.7
-1.58
-4.7
-8.01
-2.94
1.45
9.08
-9.34
8.17
3.05
6.45
4.35
-15.55
-0.68
3.94
11.18
-9.74
4.29
-2.98
6.78
12.22
-11.11
-5.14
2.55
9.28
-3.72
-2.08
0.51
-8.2
-2.73
-0.26
0.46
1.34
10.31
-1.52
6.2
2.83
-2.77
-9.5
2.9
-4.44
-3.16
7.88
-8.03
-7.33
2.63
-2.29
-2.7
-6.77
-0.76
-1.4
10.27
-4.49
13.47
4.76
-2.38
7.11
-2.1
1.34
5.48
8.71
-7.04
-8.07
8.75
-1.22
2.68
5.07
2.57
-2.8
-5.17
4.73
2.56
1.14
-4.71
1.79
-2.88
-1.68
-2.34
6.95
0.49
1.86
-0.38
2.96
1.02
-3.22
-10.18
2.14
-2.03
-3.14
-0.25
-2.82
-4.62
1.22
8.12
-5.98
-6.67
7.03
-1.86
-1.12
5.87
-5.86
-3.39
-2.46
-1.41
-10.29
3.54
1.68
1.32
8.22
-3.43
-2.52
2.61
-5.41
9.27
9.13
5.64
-1.2
6.75
2.03
1.87
6.42
10.1
2.88
11.47
3.87
-3.63
1.36
-1.06
0.89
-4.01
-12.31
-2.57
11.36
-0.73
-2.13
-1.85
10.58
3.31
-10.19
2.83
5.05
4.48
-3.89
-1.82
25.6
13.11
2.73
-0.26
1.32
-0.61
11.58
-6.27
-9.44
10.7
-0.92
7.62
-4.05
0.01
-2.78
7.17
1.03
-4.73
-1.24
-2.28
1.02
1.43
-3.45
1.36
2.34
8.98
2.99
7.3
-2.42
-6.28
0.31
-1.1
15.9
8.96
1.93
-4.49
2.14
0.67
0.26
-5.7
3.21
2.21
2.12
7.94
5.87
1.74
7.78
-6.19
-5.21
-1.07
0.11
14.99
0.57
4.83
-0.42
9.02
-8.9
-5.46
-4.74
10.17
11.4
-1.43
1.74
9.41
1.63
1.16
-13.49
-5.95
-3.49
7.4
-8.7
1.75
3.12
-0.34
4.31
-9.56
-1.95
9.2
8.68
-1.58
-0.33
9.28
2.44
7.48
-7.55
3.53
14.3
-1.6
7.66
-8.37
6.89
-4.52
8.93
19.96
6.68
-1.7
3.76
5.86
6.72
-3.79
-6.23
-3.13
5.69
2.73
-8.22
1.29
0.57
-0.03
10.01
3.55
-5.41
-5.82
3.88
-0.28
-3.08
1.88
-1.93
3.26
-2.27
6.3
1.73
-0.57
-4.19
6.39
-6.27
-7.7
-0.97
5.55
12.89
-4.22
2.37
7.55
6.77
-0.15
-6.54
4.42
-0.69
-4.74
-2.62
2.33
3.9
1.32
-5.55
2.21
-4.5
-1.98
-0.51
-2.65
6.36
-0.76
-3.73
1.28
6.12
2.98
-2.99
-4.51
-6.06
-5.05
0.84
2.07
-1.16
2.7
5.09
3.52
-3.51
3.11
-7.24
5
1.53
-2.06
-3.54
4.78
6.03
0.78
9.93
-2.59
-4.35
8.98
-2.4
13.01
5.27
-0.42
2.38
-2.27
-4.44
0.99
3.33
-2.03
14.95
8.49
3.8
-0.27
2.97
4.4
0.15
4.35
-4.06
5.31
7.87
3.88
5.71
11.62
-7.32
5.28
1.21
-5.39
2.36
-3.33
-3.19
-7.12
-1.99
-5.32
6.09
3.97
-4.89
10.1
2.45
0.34
3.02
2.27
5.55
-2.76
0.44
-2.53
4.22
3.98
-6.06
-0.71
4.17
3.88
3.77
11.11
5.7
11
-4.49
-2.23
1.39
10.76
6.5
-1.04
-5.48
-7.94
0.67
4
2.02
1.58
2.27
-7.83
7.38
0.66
0.82
2.92
-2.02
-0.73
2.37
12.86
-5.8
9.18
-2.58
5.1
7.23
7.16
5.82
-4.3
7.38
2.7
0.59
6.95
-2.13
1.56
4.06
3.09
-3.24
3.04
1.49
-2.44
6.24
-5.85
13
3.8
11.64
3.71
-3.2
3.19
2.84
3.47
2.41
-3.78
-2.23
-0.25
-0.13
-5.7
1.78
5.68
-7.25
0.84
-1.7
-13.94
2.69
6.79
7.44
3.72
0.14
4.08
0.99
2.14
-17.67
-6.79
-4.59
3.13
5.4
3.49
0.66
-8.84
1.83
-13.38
1.77
11.39
1.79
4.3
5.59
1.73
3.69
-5.09
-8.4
-3.41
14.87
1.82
3.19
-1.06
-1
4.26
-3.21
-2.27
-10.42
-3.25
-1.67
-3.32
-0.91
4.86
3.19
-4.72
-0.2
0.89
7.04
4.86
0.66
9.28
4.81
-2.07
-0.2
1.78
-6.71
-1.53
-4.55
6.21
0.94
1.95
2.85
-9.53
6.75
6.34
-5.2
-3.96
-0.81
-0.29
4.73
-5.25
5.05
-4.94
-3.87
3.12
-1.34
-8.78
-0.25
-2.09
-5.89
5.9
3.01
3.56
-3.99
1.73
-1.41
-5.9
-5.1
-5.43
-13.43
1.86
-7.52
3.66
-5.83
5.08
-1.78
-0.27
-0.65
0.29
-2.13
-2.4
-6.6
-5.98
-0.09
-1.22
6.39
2.4
1.67
-0.79
-2.03
9.49
5.9
1.17
0.45
8.91
-0.18
7.27
-3.11
2.25
5.3
5.04
-5.65
13.2
-2.71
-1.29
-3.21
1.33
3.69
5.43
-2.57
-4.77
9.42
9.29
-2.32
-0.47
1
5.8
-2.42
10.25
1.24
-6.14
3.03
6.92
0.94
7.24
8.22
2.6
0.41
-1.76
10.73
15.08
-1.55
11.81
-4.97
3.48
2.13
0
-2.4
4.84
6.68
-0.95
-0.13
3.07
-9.4
-1.25
-6.42
-7.16
12.26
2.58
-1.34
6.35
0.75
0.23
-0.12
-7.97
-3.99
26.42
1.26
3.1
-2.26
-3.6
-7.4
5.74
2.31
-7.36
9.24
2.71
0.93
1.55
7.22
2.75
6.03
5.64
-3.38
1.88
-0.61
2.22
3.49
-4.69
-1.9
-1.82
8.77
-0.65
0.07
-0.4
-0.08
-2.29
-6.56
-9.26
2.47
2.83
4.14
-1.22
1.28
5.21
-3.88
6.72
-2.68
3.56
-2.09
-5.29
-5.75
1.26
-0.86
2.37
-0.35
-0.82
-1.04
-0.26
-1.83
0.65
0.08
0.32
-3.58
2.08
-10.48
-2.7
1.22
-7.13
-3.91
-5.81
8.2
5.99
-5.88
-11.17
-10.57
6.1
-2.96
2.98
-1.95
3.25
0.09
-1.1
-6.37
1.97
14.52
0.92
1.79
0.48
8.31
2.42
-8.29
-7.14
1.3
8.79
2
9.4
4.77
-7.39
-2.01
-5.66
9.43
-8.21
1.16
-4.06
5.99
3.16
-3.8
-9.87
2.5
-7.8
2.6
8.97
5.35
-3.73
6.67
-3.5
4.58
-1.75
1.42
1.1
5.57
0.31
1.49
-11.37
-1.09
3.87
-6.08
4.06
-4.46
2.8
-3.38
4.36
-4.66
-4.92
8.62
-6.67
9.89
-6.91
-2.56
-7.52
2.39
-0.8
-3.96
-0.58
1.82
6.08
3.27
2.77
-5.14
1.94
-4.8
1.3
1.65
2.4
1.19
-6.65
-6.53
-9.3
2.26
-1.69
0.37
5.34
4.92
-3.23
4.4
-0.68
-0.11
-7.03
4.61
1.05
6.43
-4.82
-0.93
-2.57
-1.43
-1.97
-11.61
-1.4
2.13
5.62
-5.87
1.24
0.44
6.52
-0.66
8.62
-9.15
-2.15
2.2
-0.71
-2.49
5.09
-6.6
6.08
-2.77
0.83
-0.92
0.81
5.77
-0.81
-6.81
0.07
3.71
-2.93
-3.11
-1.7
0.68
-1.38
2.05
4.81
1.89
-5.06
5.26
1.81
6.1
5.26
-7.51
-3.12
1.42
-8.26
3.06
-5.76
-7.38
-2.2
-6.33
1.37
-0.78
0.96
-19.23
7.72
-1.33
4.47
-2.3
7.61
1.81
-0.48
1.51
-9.32
5.54
-0.85
-2.01
-6.57
-7.43
-5.27
0.2
5.49
-3.92
-0.48
-2.06
-3.76
5.92
0.68
3.76
2.41
-4.87
2.75
-2.06
7.43
-3.53
-3.67
-0.43
1.94
8.41
-3.31
1.68
10.02
6.03
-7.26
-1.89
3.54
-3.46
-2.37
5.35
-4.99
2.81
-1
-0.36
-6.49
0.56
5.96
7.41
0.64
-5.3
-3.45
17.71
-1.42
2.11
5.78
2.73
2.79
0.18
-4.84
-1.58
5.93
-5.43
-0.78
-0.78
0.54
-2.46
0.29
2.51
2.43
-3.34
4.81
-2.94
-0.19
2.34
-5.84
4.41
-0.65
6.73
-10.79
-7.42
-7.39
4.47
-0.82
3.64
2.08
-7.93
6.71
6.13
1.63
-2.77
7.39
-1.41
-3.52
5.24
-2.11
-7.95
1.87
2.71
-3.63
6.35
-4.02
5.08
2.55
-7.58
3.34
7.64
-4.38
-2.02
-1.01
-2.3
3.68
9.93
-3.26
0.29
0.24
-4.19
-5.29
1.47
-1.68
-4.56
-4.82
-5.15
-0.1
6.84
4.01
-2.87
-5.62
-6.72
6.47
9.12
0.29
1.89
2.25
-8.23
3.44
-0.84
-1.89
-0.24
0.02
-7.18
5.21
2.27
-6.55
-1.27
2.15
2.98
8.32
13.88
-6.79
-0.52
12.15
-7.45
-3.47
-0.06
-3.97
2.24
0.8
2.61
2.11
2.71
-6.64
-0.53
-0.61
1.68
1.1
9.27
11.42
-0.52
3.35
-9.63
-2.17
7.48
0.84
6.37
-4.74
3.87
3.25
3.02
-5.57
-3.83
1.6
-9.28
2.19
6.72
10.45
5.93
-7.91
-3.03
2.4
0.41
6.45
0.65
0.28
-1.05
-0.18
2.08
5.97
10.89
-3.15
-0.24
13.25
0.68
-0.52
-6.76
-9.99
1.36
1.82
2.93
4.59
1.72
-4.81
1.13
-1.56
2.5
10
-7.38
-4.86
1.08
-4.59
-2.99
7.78
-4.2
2.04
5.1
-12.21
7.42
7.96
-6.87
-2.25
4.07
0.22
0.15
9.18
9.97
5.1
10.02
-6.98
-5.89
-7.97
1.3
-1.71
1.09
-1.74
-2.37
-1.81
-2.82
-0.55
-0.1
-8.97
3.69
-3.61
-3.85
-1.02
1.72
-4.96
-0.56
-1.16
-4.26
3.55
3.25
-7.38
3.09
1.99
1.18
3.35
-1.78
-3.06
2.9
-2.76
-5.58
0.84
1.39
-0.55
3.75
1.96
-2.8
0.5
-8.15
-4.3
-7.74
-4.23
-1.79
-1.73
-6.9
-2.66
4.48
2.54
-5.99
-4.87
-7.71
5.24
-6.08
-0.11
-3.48
10.2
-1.44
-0.34
0.75
-7.75
-6.34
8.54
0.71
0.82
1.55
-3.12
-8.19
1.07
-2.15
-2.16
3.63
3.64
0.46
3.16
-8.42
-0.7
4.25
-0.07
-5.72
-4.34
-5.7
-3.31
-13.07
1.5
6.66
6.87
-1
4.74
-2.56
-0.04
0.37
-3.12
-0.96
4.94
-1.52
-10.24
-6.33
-0.71
-8.07
-6.08
2.95
2.65
-0.16
2.3
2.57
3.96
-3.45
-0.73
-1.46
6.16
-9.97
-4.43
11.63
-3.79
9.18
1.14
3.37
-6.49
7.6
2.96
-3.03
-0.72
-0.94
3.23
-1.2
-0.36
-1.34
5.21
0.85
0.11
-3.09
-5.7
2.86
-3.08
7.23
-1.56
7.88
-8.07
4.46
11.43
-4.73
-3.89
4.59
0.36
-1.98
5.82
-4.02
0.77
2.27
-4.37
3.65
-6.58
-8.95
-5.42
-5.89
-8.3
-3.73
0.93
-1.58
1.61
-1.64
0.44
-7.88
-4.87
-3.38
7.88
2.35
2.63
-9.9
-1.49
0.33
-2.15
-5.78
0.98
-4.6
-4.18
3.95
-0.49
-8.41
-0.32
1.66
8.01
5.01
4.24
6.13
-2.22
4.08
-3.84
9.09
-2.74
7.87
-0.93
-11.48
3.25
-8.9
-1.82
-0.12
-1.86
2.61
1.16
5.21
-10.4
3.95
6.86
1.84
6.53
4.13
-1.49
-2.65
0.28
-14.76
11.97
1.13
0.68
-1.8
-8.32
-12.02
3.03
10.12
-2.02
4.81
2.92
5.72
2.7
1.29
-4.05
-7.74
-4.41
-3.07
-4.13
8.36
-4.84
4.51
-8.49
-4.23
-2
1.88
-4.24
-7.16
6.21
6.72
-3.65
-2.34
0.36
-6.2
-7.96
-3.85
-1.1
9.66
0.3
5.12
-5.41
-6.71
7.25
-0.31
1.47
7.58
-1.75
2.19
9.14
11.48
-8.68
7.38
-2.98
-1.39
7.36
1.32
1.02
1.16
-1.63
-9.93
2.43
3.75
0.57
4.34
0.54
2.88
4.89
-6.1
-2.55
-1.84
-0.58
10.13
7.04
9.33
4.5
-4.12
-3.77
3.21
-15.45
2.93
1.48
7.51
11.45
3.66
-1.04
1.88
-2.72
2.77
11.48
4.55
-2.01
-1.86
4.63
-4.22
2.61
-3.9
-0.95
6.86
0.96
1.4
0.74
-2.82
-0.52
-10.05
-4.04
1.07
-1.74
-5.46
-2.29
-30.04
1.55
6.63
0.64
-5.83
0.54
1.81
2.44
-1.17
-18.41
-4.14
-0.75
-2.95
-3.64
0.16
0.28
0.91
8.97
-16.24
1.81
4
6.82
-4.97
0.89
-1.11
-4.1
3.89
-24.77
-1.18
0.02
-0.3
5.39
9.57
6.58
-7.69
3.32
-5.15
-5.39
3.83
-1.13
5.29
5.3
5.66
-3.67
-8.96
-15.77
-7.76
-4.31
-4.36
-9.7
14.56
11.36
-2.33
-2.61
-22.51
-3.93
-12.43
3
-4.93
1.91
-0.07
6.48
3.91
-1.7
0.8
-7.24
-1.8
3.56
8.35
-0.71
-7.61
0.17
2.61
-12.16
-0.7
2.16
-5.52
0.78
-4.32
1.59
11.2
-5.82
-8.71
-0.59
9.46
-7.73
9.48
5.96
8.23
2.24
-5.28
-2.43
1.23
6.42
9.04
5.74
-1.28
1.33
2.37
-15.03
-10.4
-1.47
9.09
-5.48
0.67
1.67
2.28
1.21
-18.42
-7.76
-4.51
1.55
0.61
1.78
0.89
-2.47
4.6
-28.39
-2.55
-1.94
2.65
-3.67
2.6
-6
1.27
2.07
-6.32
3.99
2.75
2.11
7.02
9.72
-2.89
3.14
-1.2
-8
-2.02
4.09
-3.83
5
9.73
2.78
2.38
-1.02
-16.19
5.27
-6.91
7.49
6.4
6.75
2.5
7.89
3.72
-16.27
-1.61
-0.28
5.13
2.86
7.46
1.42
3.54
2.54
-32.01
-17.02
-9.06
-3.99
2.45
8.18
0.88
9.35
-0.73
-15.38
-0.34
-5.86
2.02
7.04
-0.32
-1.24
3.56
4
-2.97
-3.96
1.73
2.14
1.89
8.01
-1.9
-3.04
0.95
-2
-4.12
1.49
-10.02
10.14
-12.16
3.46
2.4
-2.38
1.11
-23.19
4.91
2.61
4.11
2.81
2.77
-3.06
2.32
-15.97
-2.94
-8.64
-5.46
5.13
1.99
1.26
-1.18
7.53
-14.4
-6.73
1.76
-0.2
8.36
3.86
0.56
-1.85
6.61
-13.72
-1.08
4.28
-6.44
-0.54
-3.02
7.92
5.16
6.4
-14.62
3.73
0.42
-7.81
-6.7
7.69
-2.59
0.99
6.74
-0.15
2.44
-4.34
0.07
-9.24
1.19
3.37
-2.09
0.33
-7.83
10.23
2.03
-9.96
-3.91
-3.86
1.78
0.68
2.35
2.79
-4.54
-4.55
-1.35
-6.45
-6.23
2.14
0.22
8.76
-5.22
-6.64
2.01
-0.17
8.33
3.67
0.38
-0.63
0.2
-1.79
0.44
6.02
-1.81
16.07
-1.55
2.96
3.78
-3.2
-3.48
-0.66
-0.56
-6.07
-2.31
-5.2
-2.9
10.18
-0.27
1.2
-1.98
3.92
-2.87
-8.66
10.37
5.21
1.1
-0.43
7.99
-6.59
-4.51
-0.18
-4.42
6.31
10.35
1.2
-0.81
-7.89
0.09
2.37
-5.91
-5.61
2.37
-3.8
2.8
8.31
-13.83
4.64
5.23
-5.76
-1.17
3.68
2.43
-0.79
8.59
-8.43
-0.25
1.86
1.43
4.96
2.39
-3.87
-7.83
7.89
-22.53
5.95
0.58
2.26
2.86
10.66
2.71
-2.39
-6.04
-2.65
3.43
-7.88
0.7
4.04
1.47
-8.03
-3.44
-9.71
3.65
-1.14
-5.02
2.03
-7.94
1.29
-2.07
-3.2
4.85
0.46
0.06
1.24
1.4
-2.94
0.07
10.49
9.88
-3.96
-0.04
-3.82
-0.61
10.17
-4.02
-3.72
-0.81
3.07
6.54
2.1
-0.24
-3.02
7.75
7.96
10.25
6.36
2.47
-1.34
-1.74
1.38
0.52
-4.16
0.79
-0.21
-1.81
3.7
-5.62
2.07
-0.69
-3.72
8.96
13.58
9.36
-5.88
-1.28
-1.5
-3.44
7.67
-1.87
5.32
0.71
0.8
3.17
16.48
-0.55
-0.89
7.77
-1.35
5.05
-6.1
10.67
1.33
12.03
1.8
-2.67
6.51
1.91
4.27
-3.76
5.7
7.47
-0.06
6.43
-3.55
5.99
1.88
5.91
-2.35
2.77
-0.27
0.96
1.49
7.04
-3.44
-7.25
6.64
8.25
7.4
12.14
-6.67
1.1
5.1
-3.51
1.92
2.55
2.79
3.91
-3.15
6.79
7
6.6
1.25
-2.4
-11.4
-3.43
7.99
-5.12
-1.99
-3.23
4.89
-0.39
-6.94
5.36
3.43
16.67
-0.14
2.38
0.43
3.72
1.17
-9.21
2.82
8.41
4.45
6.97
3.35
2.8
-1.96
4.1
-4.18
-5.69
3.57
-3.86
-1.13
7.5
2.32
-3.51
1.78
-3.43
10.4
-4.76
-0.48
-2.34
5.05
-0.5
3.83
-2.51
3.03
9.48
-0.02
3.5
1.32
6.09
3.25
6.37
-5.12
2.26
7.58
9.2
4.09
6.77
2.18
0.77
-0.58
-0.07
1.58
4.19
5.46
5.36
3.37
-0.19
3.71
0.78
-2.51
5.25
0.1
2.45
-4.99
6
2.42
4.84
-12.68
1.55
6.21
6.07
2.25
-8.61
7.51
-2.5
3.81
-0.96
1.7
12.56
6.51
-1.63
0.47
2.58
-0.94
12.45
-2.17
3.65
1.31
9.13
-3.9
1.45
-0.33
4.95
7.48
5.77
-5.33
-2.1
-0.83
3.06
10.88
3.25
-8.49
1.05
3.75
-2.54
1.76
-0.78
-6.9
10.86
7.36
4.07
1.28
4.29
-1.5
6.9
-13.82
8.93
0.61
5.5
0.22
3.51
-4.67
0.64
3.19
-0.37
13.42
8.23
-0.74
-3.21
1.21
4.08
2.9
4.16
-6.11
1.88
1.85
-6.84
5.64
-0.02
3.29
2.93
-7.22
-4.83
2.11
1.58
-5.17
0.38
-3.09
-5.08
1.03
1.55
-1.34
2.29
13.86
-0.03
1.89
-5.48
3.24
3.42
-0.53
2.36
9.97
7.37
-2.59
-1.37
-0.91
-2.57
5.79
-4.08
-0.85
8.65
-0.33
1.68
1.65
1.93
-1
8.17
1.44
-5.02
-0.75
-5.97
-6.69
5.7
2.16
-8.48
-0.42
10.58
3.37
5.75
12.16
7.28
-1.69
-0.87
0.25
0.9
-2.06
-1.12
-3.8
-2.83
4.86
0.12
3.46
1.51
-11.97
9.43
2.49
-0.99
2.3
4.15
1.71
8.75
0.5
-5.7
0.63
-10.24
6.28
-5.03
4.54
0.86
2.04
4.12
2.2
1.78
-0.66
0.49
-4.34
1.45
-0.76
-0.76
3.95
2.5
-0.79
-5.89
-4.5
4.31
-3.79
7.85
0.26
4.2
0.36
0.51
5.21
0.9
-9.1
-0.43
-2.85
4.85
-8.72
-5.38
0.93
0.1
-0.37
1.24
0.28
-13.69
-4.41
4.44
-9.09
6.92
17.69
-9.48
-0.68
-5.09
-0.48
-2.05
2.82
-0.1
1.61
3.66
-1.18
3.63
-3.12
-5.02
1.84
3.12
2.73
-3.79
1.16
-5.25
3.51
9.36
2.82
-5.66
-0.31
7.82
-2.85
-5.44
15.41
0.32
6.85
1.26
-3.74
11.9
3.55
1.15
0.77
2.88
-12.23
-17.88
-4.23
12.54
16.7
-5.59
6.72
6.68
1.92
-8.6
-4.62
-3.62
-5
1.67
-4.43
2.1
4.6
2.97
-4.46
-5.52
-2.13
-4.51
3.12
1.29
-0.96
3.76
-7.25
-1.9
-14.13
-1.53
6.02
0.74
-2.6
3.49
-8.05
-10.93
-11.4
-3.26
-2.19
-1.11
2.39
-8.27
-0.17
-3.72
10.65
2.43
4.88
-7.39
-3.04
-7.1
-4.77
-1.66
-1.29
-0.12
2.03
-2.24
1.87
6.68
-6.29
-2.25
-0.75
-8.19
3.22
7.97
-6.72
2.74
-12.96
2.82
-9.03
4.68
-2.99
-4.84
8.34
3.22
6.46
0.75
2.53
4.03
-5.23
-0.57
3.89
4.23
-2.67
5.32
1.02
-1.34
-0.49
-5.9
-1.22
3.43
-5.03
-10.97
3.79
-0.83
4.52
4.45
2.44
-7.41
6.22
-15.47
3.46
8.14
-4.43
-5.68
4.48
8.8
6.05
-1.72
-16.66
5.42
6.24
9.85
0.7
-0.8
-6.51
-6.29
-4.68
3.5
-2.05
10.05
2.25
-1.79
1.04
1.52
-1.76
-6.99
-6.1
6.19
5.92
1.2
6.99
-2.64
3.78
5
10.81
3.39
-0.75
0.72
1.54
-11.41
-4.74
6.52
-3.77
3.2
-4.51
-8.46
-4.45
-4.8
1.31
1.69
5.04
-1.34
9.43
-7.97
-1.29
-6.22
13.47
-1.79
-11.49
-6.41
0.06
-3.31
-8
3.2
0.28
7.53
-5.75
6.93
4.73
-1.97
0.16
-5.59
-2.25
-11.08
3.3
-2.49
5.48
-5.28
-6.73
-2.92
-5.8
-1.19
1.56
-1.89
-0.35
5.59
5.78
5.99
5.85
-10.29
-4.24
-0.77
3.09
-2.53
-0.84
2.97
-0.65
4.74
-8.12
2.59
-4.99
-1.23
-7.38
0.26
-0.05
-12.42
12.14
-5.82
0.58
-19.27
4.31
-6.84
0.61
0.54
1.12
3.27
-4.94
4.87
-3.29
5.81
-3.05
-0.15
-1.04
-5.25
4.06
-4.18
7.75
-2.56
-2.8
-4.72
-2.17
1.11
10.25
0.36
-2.97
-9.76
6.94
4.72
2.58
-1.26
2.1
11.62
7.4
-6.36
-2.15
8.08
9.58
-0.63
-1.37
-1.83
7.83
14.95
3.82
-6.71
9.03
-2.45
0.35
1.8
-3.87
6.16
-8.6
-6.01
-8.23
19.2
0.17
0.9
-5.24
-0.14
10.87
0.66
0.11
-10.96
20.76
5.44
4.67
0.66
-9.37
11.32
-3.45
-2.66
-2.01
12.31
4.55
-1.25
-7.91
-1.83
4.96
4.49
-9.17
-0.34
13.39
-8.2
-5.93
-5.39
1.12
11.05
-2.47
-4.2
-9.27
8.97
-0.4
7.53
-7.59
3.15
-7.16
1.45
-7.23
0.86
3.56
-4.34
10.79
-3.31
0.7
1.17
8.66
-0.99
5.76
3.96
-3.37
3.25
3.47
-0.26
5.88
13.9
14.02
10.05
0.94
-17.22
8.05
3.64
2.56
5.81
4.8
13.72
2.38
4.19
-10.02
0.85
1.54
-4.77
5.58
4.57
11.62
3.71
-3.03
-4.57
-3.3
0.25
1.32
1.22
-5.4
1.1
-1.41
1.8
-7.77
-0.15
-5.28
0.13
-0.46
2.59
-8.03
-6.49
-4.39
-6.06
-2.41
-7.2
3.1
2.66
9.75
-4.41
-4.77
1.83
4.69
3.87
6.45
-7.28
-3.98
-1.03
-2.34
1.26
1.66
-6.03
2.35
-8.04
1.2
1.4
-5.68
3.48
1.17
0.48
0.09
3.26
-13.23
-7.37
-11.99
0.2
-0.61
0.48
-4.08
-1.8
-0.97
-6.95
0.72
-3.22
9.01
-2.04
0.48
-3.77
7.51
-0.7
-4.5
5.44
4.66
7.95
6.45
-3.01
2.18
5.47
5.31
-6.05
-6.1
7.32
6.87
-8.45
6.26
0.92
5.83
9.35
-0.96
0.2
3.18
8.37
-5.28
-1.08
-0.95
8.51
-1.64
-0.25
0.74
-6.72
0.7
0.79
2.78
8.58
-2.35
5.77
-2.46
0.34
6.75
-5.63
-4.35
-3.5
1.38
-2.48
-4.16
2.64
3.76
-7.71
-1.87
-8.75
2.27
-6.63
-3.13
-2.61
-5.24
1.62
-6.15
-7.28
-5.38
5.44
-7.85
-3.93
-5.45
3.31
-8.25
0.38
-4.67
-8.47
1.23
0.39
0.51
3.96
1.16
-3.51
13.05
-9.01
-4.79
3.84
9.07
-7.47
2.85
-3.31
-3.7
6.95
5.61
-10.5
7.31
0.94
5.09
8.36
-2.17
2.79
2.33
3.77
-4.81
2.9
5.2
-1.27
-0.94
-0.85
8.46
4.32
-0.23
-3.75
2.69
-0.18
2.42
1.53
1.75
-11.14
-0.45
-0.41
2.16
9.87
2.66
1.55
1.68
5.77
0.84
2.89
6.26
-0.15
9.96
5.55
5.88
9.34
-5.49
0.3
-2.82
3.82
-4.45
4.72
-2.56
9.38
-9.13
4.93
-3.86
3.94
1.42
1.37
3.1
-6.83
-4.21
-2.16
3.01
3.04
-6.37
5.15
-2.61
9.64
0.24
-4.39
2.85
-5.68
-0.68
3.27
-0.84
14.93
13.84
-1.45
4
8.18
-0.57
2.9
-7.22
-18.94
2.67
-4.06
4.68
5.68
-1.9
-2.8
-5.19
11.29
-6.7
2.05
-4.7
3.87
4.11
3.03
-5.03
-3.32
-8.64
-14.73
4.86
9.01
5.91
2.56
-7.77
12.76
-2.04
3.04
-5.73
11.59
13.26
-0.92
2.92
-11.5
-5.49
3.56
11.24
-1.15
2.89
1.58
-9.53
0.4
1.56
-0.58
8.4
-6.28
3
7.18
14.49
-0.64
-4.18
-2.81
-2.59
1.88
3.52
-6.77
4.1
0.54
-7.49
-0.37
-7.92
-2.46
6.42
7.09
-8.48
-1.85
7.6
3.84
5.47
-2.71
-5.74
-4.15
1.83
-0.61
-2.36
-10.27
-2.76
5.11
-2.34
1.17
1.84
-1.85
-12.33
-3.8
1.88
9.1
-6.58
-3.86
-1.23
2.04
-6.08
-0.32
-3.08
6.75
6.63
6.61
1.8
-3.62
-1.89
-2.52
-1.44
1.5
8.68
5.05
-1.58
-1.98
1.31
-1.76
-2.41
6.33
-4.33
-2.81
6.32
0.53
2.92
5.66
2.33
-6.11
0.26
-2.65
0.24
-2.25
-6.3
3.52
-1.93
-2.5
-0.27
2.24
-3.29
1.49
-0.25
-1.38
-1.5
5.08
1.1
-1.11
-0.5
-7.02
-1.52
6.08
0.59
0.82
5.44
0.55
3.22
4.25
-3.11
1.19
-0.09
0.83
-9.44
2.93
-8.15
0.04
5.8
-6.85
-2.95
6.06
-7.64
-4.92
-3.16
-8.63
4.93
0.97
-15.21
1.41
4.09
-1.33
0.11
-7.23
0.56
3.76
-0.86
-6.48
7.68
4.77
-3.5
-0.66
4.68
-5.49
2.01
6.6
9.89
-1.22
1.89
1.78
-4.62
8.68
-6
-1.6
3.24
11.75
0.27
-0.87
-2.99
8.32
3.18
-3.14
-0.52
-0.25
7.8
3.94
4.66
-4.78
-6.33
13.36
5.64
4.32
-0.16
1.75
6.36
11.27
-6.07
4.45
0.98
2.26
1.01
1.2
-1.88
-3.24
6.1
-7.28
8.74
-1.97
0.78
2.91
-16.23
6.86
4.43
1.73
-8.85
1.87
-2.81
-3.08
9.13
-0.32
-7.38
2.18
1.88
3.81
-5.79
0.44
2.98
-2.81
2.56
1.94
2.17
-0.14
-0.46
-2.86
-3.17
-2.75
7.82
0.47
0.22
4.5
-3.64
-5.9
0.63
-2.32
-7.52
-2.29
-1.81
-4.52
3.08
1.72
5.25
3.24
2.06
-3.26
-4.2
-2.93
2.44
7.67
-6.48
5.39
4.19
-5.74
1.81
1.53
-3.68
-5.94
-11.3
-3.04
-0.56
-3.44
4.87
2.95
0
0.36
1.34
-0.43
0.83
1.06
3.57
2.78
-2.69
2.44
4.1
-1.91
0.49
0.1
-6.24
5.88
-6.67
0.93
2.92
2.5
3.42
-7.48
0.79
1.52
2.86
0.07
4.06
-9.15
20.06
-6.53
2.41
1.8
2.58
7.28
2.41
10.81
-0.02
1.72
2.29
12.3
0.89
-0.76
-0.78
-0.49
3.78
0.87
-1.01
2.3
-4.33
0.69
-4.84
-8.71
-1.32
-3.18
-1.02
-3.65
1.79
-1.26
-6.87
2.97
-2.25
3.04
-2.99
-3.44
2.16
-4.25
-3.71
3.31
3.2
-4.88
-2.42
-3.06
4.03
1.4
-6.91
-19.1
10.04
1.72
-3.3
-6.18
-11.1
6.54
6.05
1.93
-7.33
-5.4
-3.53
-0.72
6.2
-2.04
-4.18
9.16
0.88
-2.61
1.4
-3.59
-3.19
9.5
-1.57
0.84
-2.47
-6.26
-0.7
0.19
7.45
-6.33
-1.67
-1.11
10.54
5.09
2.13
-4.74
3.33
-0.84
4.26
0.32
-2.23
8.2
6.98
-10.3
1.07
-6.69
-5.5
-1.01
10.54
-6.07
-4.18
2.81
7.49
-2.07
11.46
-12.39
-5.83
6.71
10.72
3.79
12.58
-7.63
2.65
5.89
3.42
0.11
2.07
7.07
5.22
3.11
0.31
6.38
3.11
-9.25
6.08
6.1
2.42
-5.6
0.59
0.59
6.67
-0.42
-0.04
-3.87
0.68
7.05
2.91
-0.4
2.95
5.87
-5.86
-3.69
8.18
11.17
1.44
-5.72
3.69
-7.32
-3.82
7.49
2.61
-2.23
1.92
5.35
5.47
-4.59
1.93
-0.51
-2.24
-4.39
3.19
-2.53
-9.14
-2.38
8.43
0.19
-4.87
1
3.1
7.45
-1.6
7.39
-9.89
2.42
0.04
-13.84
5.31
6.76
-1.24
-1.6
1.14
-6.58
7.15
2.5
-8.03
6.36
4.79
-0.02
0.02
-5.15
0.4
0.98
-1.81
6.36
-5.39
-0.01
-4.33
1.48
0.52
-2.93
2.01
-4.64
-5.08
1.91
7.43
3.06
-5.71
-5.09
-2.56
-3.61
-5.55
3.56
-0.6
2.41
-4.18
6.69
8.38
3.91
-11.21
-13.97
0.67
4.48
2.28
5.74
1.47
6.96
2.18
-2.39
5.47
9.01
-3.46
3.26
3.27
-2.59
7.08
-0.38
-9.6
7.96
-10.33
7.07
11.37
9.73
2.9
0.41
-5.05
12.9
2.11
2.96
-2.44
-2.72
-10.64
8.15
1.26
6.29
-5.61
-3.57
-5.63
2.13
-7.11
2.96
-6.08
-1.93
-9.89
-1.05
-2.5
3.79
3.29
-7.25
-7.53
2.11
9.11
-14.18
4.84
-2.97
-0.6
-12.92
4.6
7.31
0.21
-0.87
-0.78
-6.77
1.45
2.17
-4.83
-2.71
1
2.01
-0.21
-2.8
-2.1
-1.41
-3.7
3.67
4.82
2.05
3.04
0.35
7.43
-4.63
0.06
2.09
-1.59
1.29
5.54
7.25
9.02
1.32
-1.3
2.87
7.18
7.92
-4.43
-11.91
5.79
1.6
6.94
2.75
2.31
-4.29
-1.22
0.62
9.63
1.1
-2.01
-0.44
2.37
-6.5
3.71
1.87
1.46
-8
2.15
1.95
-2.69
-2.2
3.77
-5.35
2.34
14.02
0.92
-4.76
1.22
3.14
-4.97
-3.63
0.02
1.18
-5.16
-1.26
-3.27
1.83
0.4
2.43
3.33
7.83
-0.71
-9.47
-9.64
1.09
-12.06
3.72
1.26
0.05
0.39
3.79
0.38
2.65
0.32
-5.91
4.61
4.89
1.93
4.4
8.7
-2.58
-5.16
3.23
1.42
-2.9
0.4
3.9
3.67
0.24
-12.55
-2.92
-3.52
0.92
14.98
-5.12
0.33
-4.37
3.14
13.38
3.02
0.06
0.59
-0.47
0.24
6.38
4.74
1.36
-4.45
-10.02
0.81
-3.11
-0.23
2.57
6.48
1.67
2.33
-0.84
5.63
-3.01
1.23
2.92
-5.54
8.15
-0.9
0.22
-3.36
1.28
-2.79
2.65
-4.89
2.54
-3.22
0.29
-14.95
3.99
-3.93
6.63
-5.32
1.26
3.26
1.04
2.34
2.43
5.7
-6.23
0.99
1.63
7.98
3.52
-0.43
-5.98
-10.51
1.93
1.62
4.81
-5.8
7.02
0.86
-14.48
7.36
4.82
-4.15
8.23
-5.07
4.36
-1.41
3.62
-3.89
5.32
-5.56
-0.24
2.45
6.59
3.31
0.07
-3.82
6.48
2.62
8.09
-5.03
12.64
0.13
0.8
2.49
6.1
5.58
0.13
-7.11
5.15
4.6
0.6
1.64
6.07
-4.88
-0.63
5.83
-0.08
-2.98
1.37
-2.38
7.32
1.91
3.68
-9.17
-2.77
5.3
3.63
-3.2
2.69
1.33
1.77
7.22
4.01
-3.23
7.11
4.96
3.19
-5.52
-0.25
-6.34
8.39
3.88
-6.67
-10.15
2.07
-11.33
6.67
7.56
0.29
-6.03
6.59
-5.01
7.26
14.1
-5.71
6.17
-0.35
2.44
6.6
2.66
-7.66
5.4
-1.07
-3.88
5.25
4.39
0.87
-2.36
1.23
-2.26
4.07
-0.74
-4.02
-0.45
2.39
6.23
-0.66
0.26
4.83
-2.74
6.45
7.12
2.08
12.49
-4.82
3.59
3.04
-2.69
4.09
10.15
-1.87
-2.05
-12.13
-1.38
-2.3
0.23
-0.93
-6.11
6.7
-5.83
-1.08
9.01
-4.45
1.99
5.28
-0.98
1.99
5.71
0.36
0.92
-0.48
-0.26
-7.68
11.43
3.97
5.03
0.51
11.37
2.14
7.48
-0.73
5.37
-2.55
-6.71
-2.07
2.14
2.75
-2.1
1.62
-0.89
-3.42
-0.69
-0.36
-1.16
-3.49
-2.92
-2.64
0.96
-1.75
2.99
1.89
8.88
-0.19
1.12
-2.5
3.23
6.1
-0.24
3.97
3.25
3.7
6.31
-10.22
1.46
-0.86
-0.85
1.72
-1.38
-5.41
-1.22
-1.93
3.47
5.39
-1.78
2.44
3.04
6.37
-2.02
3.68
2.47
-2.01
4.67
16.77
1.78
-3.66
6
0.91
15.92
5.06
7.5
1.45
-7.49
11.8
0.86
2.86
9.33
-2.62
6.41
-2.29
-7.96
5.41
10.35
-6.62
0.12
2.47
-2.09
5.53
-5.04
-6.45
-0.27
-0.6
3.58
5.44
4.6
1.42
3
-6.49
-5.81
-4.43
-2.65
-4.33
-3.17
3.57
-3.64
1.36
0.88
5.58
6.6
0.74
-7.05
-0.43
0.38
9.71
3.53
8.2
-3.08
5.04
0.16
0.5
7.06
-12.61
1.77
4.19
0.39
-1.86
-1.11
6.95
1.42
-0.67
1.32
-9.14
0.95
2.66
3.24
2.01
15.89
6.67
-6.05
0.08
6.91
5.94
5.29
4.38
8.36
0.07
2.08
8.18
-3.96
0.77
2.32
-0.07
-0.93
3.44
-0.52
4.35
-3.89
3.1
-1.92
10.38
4.73
-3.77
-5.72
-0.68
-1.12
7.71
0.33
3.15
-0.26
6.46
-5.05
-4.47
-5.3
8.53
-2.28
-4.61
5.57
-3.73
3.76
1.16
-2.92
7.01
0.87
-3.31
6.7
-3.15
1.1
2.69
-4.72
-8.5
-4.68
-1.17
0.37
5.3
12.97
12.79
1.3
2.69
7.52
4.67
3.89
12.13
3.12
-7.01
5.39
0.33
-1.82
1.56
4.94
6.17
0.72
-1.81
6.01
10.32
12.29
-4.17
4.15
-2.33
4.24
3.84
3.22
2.68
-4.77
5.87
7.81
0.57
10.09
3.23
-7.85
-12.54
2.56
-0.83
-3.02
-0.35
3.23
-7.3
-1.15
-4.33
-6.44
2.12
-1.28
0.51
-6.16
6.33
-0.36
2.63
1.83
-4.21
7.84
-1.45
-0.21
6.47
-3.2
5.14
1.41
-3.16
3.29
0.55
-1.38
9.15
9.83
-1.05
3.04
-2.99
4.7
-5.92
8.24
-3.07
-0.63
-17.87
1.13
5.1
-1.92
-1.84
6.83
-1.27
3.51
-11.24
-1.23
-0.47
-2.29
-3.43
0.44
-1.43
3.28
-6.76
-5.42
-6.76
-6.82
-3.37
0.02
-3.47
-3.26
2.58
2.56
6.73
4.68
-10.12
11.42
-8.42
-4.88
-11.48
-0.94
-14.99
6.51
3.58
-1.13
6.53
-2.3
-5.51
-2.07
-0.47
-8.27
-2.02
2.86
15.71
4.06
5.79
-2.81
-4.99
4.92
1.26
12.55
4.88
-6.97
2.05
0.23
14.07
-0.36
-1.47
-2.19
-3.12
3.4
3.36
-0.61
1.52
5.69
2.09
7.37
10.15
2.82
-9.43
1.04
-4.86
-1.7
-2.89
-4.14
0.53
0.04
3.19
7.91
-8.62
2.13
7.33
5.56
0.55
3.74
-2.36
-7.8
2.76
-7.34
5.61
6.57
1.31
2.1
-5.59
7.57
5.77
-0.74
2.73
6.51
8.93
3.18
-11.56
6.22
-3.86
3.61
3.08
11.08
0
4.35
6.67
8.05
-0.07
2.03
-1.62
9.48
0.37
-1.55
-0.99
-1.09
-4.86
8.85
-2.52
4.4
-5.12
-11.98
-3.64
7.56
-2.52
-4.16
-4.91
-3.67
-0.23
5.37
0.05
-5.36
-4
-3.85
-22.55
4.25
1.53
-0.16
-10.44
-1.34
-5.21
6.14
0.2
7.39
4.62
-3.46
-0.31
3.45
-2.77
11.28
-4.54
2.61
-1.98
5.74
2.91
5.79
2.62
7.6
7.63
-6.75
-5.47
5.25
4.29
11.85
-7.61
-4.05
0.43
7.73
-1.68
4.43
-0.92
8.06
4.49
9.41
-12.26
3.36
-2.28
-5.35
7.33
-5.55
7.61
20.48
-0.08
1.45
8.96
7.51
3.68
6.1
-8.48
-7.01
3.16
-6.75
5.63
2.61
-1.46
0.49
6.58
2.57
-7.74
-0.15
2.7
11.09
11.42
-4.76
-0.06
-5.59
-1.01
6.05
5.49
-2.05
15.16
-1.19
-8.73
-1.32
5.69
2.1
0.23
1.9
-0.56
-2.58
1.04
-5.29
2.08
0.75
-0.65
-7.39
3.04
-2.95
1.97
-1.82
2.4
-7.12
0.46
-5.29
-4.89
-1.34
-9.09
5.57
5.48
-0.88
-4.75
1.47
-5.71
-3.87
-0.27
-9.24
1.48
1.98
-5.5
4.4
5.97
-4.85
-11.39
-2.31
-13.18
3.23
2.76
-3.17
-8.63
6.68
3.43
10.28
1.6
-5.46
-7.15
11.2
-0.9
3.2
-8.08
2.68
1
-1.55
2.76
-1.35
5.4
-2
-5.76
4.42
-3.06
4.09
0.31
-8.19
0.84
-1.88
2.02
3.52
-3.21
3.99
1.04
0.01
-4.85
4.7
-1.02
-3.39
-0.57
4.08
3.48
0.43
-3.8
0.15
2.65
-2.55
-1.24
-2
1.65
-2.82
0.83
2.74
-3.44
-6.08
-5.44
-9.34
1.97
-2.09
9.25
-5.27
-0.26
1.08
-3.61
-4.07
-0.28
12.32
1.76
0.47
1.4
-9.29
1.32
10.42
-2.91
-1.72
1.18
-0.93
5.17
8.62
-14.31
-2.07
4.59
5.04
0.67
1.55
-8.73
-1.17
8.19
-4.63
-1.28
4.78
-11.3
-4.2
5.21
-2.94
2.16
-0.13
-1.18
11.3
5.15
-3.45
5.71
2.91
-5.27
7.36
3.84
-5.14
-8.19
4.52
-3.04
-6.53
-5.26
8.44
3.78
5.24
-3.31
9.34
-8.53
-0.11
-4.32
2.89
-7.18
0.1
3.82
18.63
6.12
-3.08
7
7.68
8.13
9.79
14.19
1.97
-0.43
4.46
2.72
6.51
3.99
-8.99
2.58
1.26
15.73
-2.64
0.08
7.38
4.97
-2.79
13.06
12.88
0.33
-4.97
-1.06
5.53
-8.98
4.5
0.67
-6.9
-1.48
-9.66
0.08
6.67
-6.1
-3.04
0.79
-1.57
-3.46
3.76
-5.88
0.17
8.68
7.3
-7.62
-1.59
0.44
-1.05
5.34
5.51
3.73
4.97
-3.53
0.11
14.32
3.78
11.79
5.38
-0.53
-12.4
-1.47
5.15
0.79
5.52
-2.79
-0.88
-0.45
9
-6.41
-1.18
-0.27
-0.61
-2.52
11.96
-5.38
-0.87
1.53
3.19
-2.34
2.6
-3.3
7.73
-1.43
0.78
10.55
11.34
-13.1
-2.23
-1.18
14.59
1.79
1.88
-9.88
2.22
8.41
3.28
4.08
1.23
-6.22
-1.72
8.24
-10.06
-7.09
2.27
-4.24
3.85
-1.28
-0.44
-7.97
0.87
0.44
-10.98
2.27
-4.95
-6.36
0.53
2.84
9.49
-14.67
-2.79
1.1
-7.97
1.43
5.49
-9.25
-1.48
-2.2
-3.17
-2.29
0.64
-3.09
0.08
-5.36
1.94
-5.59
0.71
-2.07
-6.06
-4.93
-9.74
8.36
9.12
-11.51
-0.21
-1.77
1.35
-4.43
-3.56
-1.01
-2.3
-4.4
5.69
0.77
-1.54
-9.17
0.47
-7.49
-6.86
4.05
2.11
-8.14
4.57
-3.14
12.63
8.05
-1.08
5.72
-1.75
-3.2
1.24
4.4
-4.79
11.5
-0.2
-2.2
1.39
8.96
5.18
1.11
-4.93
-9.31
6.63
3.32
6.28
2.75
5.65
-1.36
1.99
1.85
1.77
11.1
4.14
7.67
2.42
2.38
2.05
6.3
3.53
2.5
4.06
4.16
-0.95
-2.09
4.36
-2.4
11.15
4.43
-8.07
2.23
4.49
4.28
-5.92
-2.64
-5.07
-3.9
6.79
-8.86
0.35
4.66
2.29
-2.48
2.7
-1.79
3.22
-2.59
0.18
-10.48
-6.15
10.08
6.5
-5.26
-0.19
3.29
4.51
-1.12
2.98
-6.02
-2.25
0.8
4.34
2.45
5.25
12.12
-3.36
-7.18
-2.17
3.17
-7.9
11.97
2.99
-0.64
-1.87
12.57
-5.24
-1.95
-6.25
5.29
-5.83
6.14
1.48
7.8
1.02
-3.3
2.09
3.52
1.24
0.49
-5.03
2.5
-5.97
13.88
1.19
-0.18
-5.48
-3.46
-10.8
3.58
-1.15
5.45
0.26
-1.94
-19.13
2.07
0.33
3.77
-1.11
3.94
-6.58
0.47
5.41
1.97
5.26
-4.99
3.62
2.61
-7.52
1.13
-6.56
1.55
1.42
1.77
1.63
0.98
-0.58
5.86
-0.98
-5.16
0.27
-5.75
3.74
-9.82
0.96
-6.3
2.84
-11.48
9.94
1.82
-5.96
-5.97
10.19
1.84
-8.69
3.36
-3.68
-10.41
0.31
0.17
-5.98
1.04
7.88
-5.19
2.64
5.53
7.09
1.71
7.37
4.73
1.8
6.28
-12.32
6.27
3.51
-0.21
4.03
6.43
-5.68
3.97
2.99
1.76
-1.38
3.28
-8.44
-9.17
-1.23
4.22
-4.73
-1.64
-10.21
-7.18
-0.58
10.35
0.64
-5.5
4.36
-5.41
2.97
8.75
-0.15
-2.1
-3.26
4.69
0.33
17.63
-1.69
1.6
1.71
-6.2
0.32
2.97
4.52
3.64
-3.85
3.7
6.58
2.37
0.16
-1.17
-8.91
-5.39
17.75
-8.43
15.31
-0.42
12.25
6.1
10.87
2.31
6.64
-5.49
11.48
-1.72
9.04
2.4
5.24
-5.23
-1.72
-1.73
8.6
-1.87
0.92
1.62
-17.62
-4.31
6.72
-14.78
2.08
-4.87
-1.11
5.3
2.87
4.13
11.27
1.98
-1.16
1.72
4.05
-1.84
-10.83
4.75
11.07
3.23
1.87
-6.64
12
0.43
-6.18
2.53
8.39
-11.07
-3.35
-0.63
-3.67
8.04
2.55
2.9
1.15
3.07
-5.14
-3.74
-0.18
-5.04
-9.93
-2
5.31
2.63
5.56
16.59
-2.06
3.6
-0.47
-2.83
6.7
10.34
-2.98
-8.85
-0.16
4.74
-0.78
-0.21
1.49
-0.3
-0.79
2.44
-2.99
-1.95
-4.39
-4.23
-3.45
-0.27
2.96
-3.51
-5.18
1.21
-2.31
-10.99
-3.35
4.71
7.6
-1.28
-3.62
5.72
-10.46
0.96
-5.54
2.12
7.12
-5.32
-1.78
11.05
-9.77
-2.21
1.82
0.24
-6.53
15.33
-0.59
5.52
4
-0.35
-10.22
-5.64
-11.39
3.33
0.71
3.1
-7.83
5.67
-4.94
-3.34
-4.41
3.78
1.47
0.2
-11.41
0.26
-6.64
-1.26
8.25
-6.59
-4.22
3.37
0.35
1.19
4.66
5.46
5.34
1.2
7.93
2.23
-1.48
-2.75
1.86
-1.5
15.23
-10.16
1.51
11.39
-7.38
5
-4.88
-11.93
0.86
5.53
-9.17
-3.15
-1.83
4.8
10.72
9.92
-1.93
-0.57
1.53
-1.65
-5.9
-6.11
-2.59
1.1
9.41
8.19
7.84
-1.6
7.13
1.73
-1.53
6.75
1.73
-1.93
0.16
0.66
-3.03
-2.92
-1.7
3.32
1.47
-0.23
-4.8
5.69
-3.41
3.66
11.85
1.78
-6.26
-10.34
0.25
8.87
5.15
3.23
-5.28
4.95
1.16
9.89
5.95
5.19
7.38
4.52
-7.02
-0.95
-0.09
3.87
5.53
-1.54
-7.75
3.26
4.2
1.14
3.3
-6.48
5.34
-2.74
2.37
-13.96
-1.29
2.65
5.64
-4.98
-3.2
-0.05
9.53
-25.97
14.04
-8.54
11.8
9.64
-2.73
-8.49
7.9
-6.82
4.45
1.82
0.48
-0.49
5.78
-6.74
5.32
4.94
6.15
-7.28
8.04
2.49
7.71
-11.49
5.81
-1.47
7.98
0.08
-0.61
-10.44
-5.25
-4.91
8.13
-1.11
5.8
-3.87
4.12
-3.99
3.86
9.25
4.85
-3.44
-5.94
-3.86
6.36
-2.04
4.27
-2.18
-1.19
-3.57
2.38
2.41
2.77
2.66
-10.48
-0.72
3.49
0.49
9.55
-3.33
7.67
-0.3
9.76
-2.28
2.75
-5.75
5.51
2.77
-6.15
0.09
21.9
-3.36
16.33
2.77
1.39
7.93
3.59
-3.08
9.25
3.77
-5.85
-1.15
16.6
1.14
3.46
1.86
-0.21
0.85
7.07
8.28
2.39
-10.46
3.72
8.8
4.4
2.26
5.51
-3.35
5.89
-7.06
-3.88
5.68
6.54
-8.16
1.28
7.74
-3.71
1.35
8.73
3.74
1.85
4.98
0.42
9.74
0.91
-2.86
4
2.97
-4.43
3.62
17.35
-7.08
5.85
3.56
-3.81
10.4
2.63
4.64
0.04
7.11
1.94
4.66
7.37
3.7
0.01
-1.61
2.19
5.78
-0.93
1.47
3.03
3.66
-5.93
-5.43
3.04
-6.32
4.44
6.34
-4.34
-2.15
1.34
-2.09
-9.23
14.76
9.73
8.21
3.24
6.07
3.2
6.99
3.71
4.63
1.67
7.98
-3.09
5.3
6.51
1.77
8.28
8.55
1.84
8.53
4.62
8.14
7.22
-2.25
-1.55
-1.21
4.58
5.68
-8.89
2.21
6.99
8.06
-1.69
0.17
-11.48
5.44
7.48
7.55
2.89
-9.21
1.61
-0.01
9.69
-1.04
5.5
7.08
-3.55
0.25
4.02
-0.14
4.64
4.33
-8.46
-8.15
1.25
-0.49
0.41
-5.31
-0.27
1.32
1.38
14.18
11.86
0.19
-2.36
-0.26
3.46
5.07
7.47
3.93
3.22
-1.07
-1.69
8.37
2.06
2.83
2.71
6.9
-7.39
4.07
2.45
-4.34
4.14
2.65
-3.49
2.81
6.84
-5.85
-6.47
13.28
-4.18
-0.98
7.53
8.29
-5.49
1.51
-5.13
3.89
7.33
9.33
-1.51
-4.08
2.53
1.86
1.58
0.22
-2.82
-4.24
7.2
1.37
9.16
4.37
2.78
7.01
1.14
-1.25
0.05
7.28
-4.22
-4.21
4.92
1.02
8.22
1.22
1.32
7.16
-6.28
3.7
3.89
-11.55
-2.1
-1.59
-0.4
2.28
2.89
8.29
-3.37
-6.61
5.72
-3.44
7.38
-0.86
2.67
10.97
5.55
9.75
4.99
-7.6
-5.44
-3.01
10.32
4.19
-0.22
2.99
9.14
-1.02
13.2
-1.19
8.34
-0.45
-0.55
1.63
11.08
7.47
-7.1
2.3
2.85
-2.51
12.27
-0.99
-7.01
5.56
-10.51
-2.97
-1.96
16.17
1.58
1.38
4.49
-0.46
8.66
3.14
-11.95
2.67
-11.74
2.1
-0.6
12.52
8.52
2.47
-1.88
5.25
6.18
15.29
4.36
11.81
1.14
-2.77
8.89
5.08
2.76
8.49
0.38
1.01
7.34
7.68
-1.26
3.25
-3.42
-0.66
-5.75
3.68
5.67
-0.44
-3.03
7.72
3.54
-2.83
1.07
-7.75
0.16
-1.41
0.34
1.76
1.26
-12.2
-4.65
13.44
0.85
2.04
3.52
-6.07
1.11
1.12
-3.56
-3.75
3.21
-4.51
6.81
-1.98
3.24
-1.85
2.21
-0.19
9.73
-4.92
8.34
-3.21
4.48
-3.01
2.79
0.19
3.99
1.37
1.04
1.32
6.23
-4.83
8.76
2.69
1.4
0.64
-8.28
-2.81
5.86
0.04
8.99
-3.58
4.31
-2.23
5.51
0.07
2.36
-2.18
11.61
-2.43
11.28
-1.16
6.39
1.27
-10.86
-3
6.43
1.42
-3.8
1.69
-7.57
2.58
0.52
5.29
-2.82
2.79
7.37
3.16
2.27
5.68
-1.6
2.92
6.91
-5.41
9.45
-7.53
3.78
7.47
14.48
-9.12
-0.43
0.85
10.89
5.69
3.76
-0.93
7.6
-9.86
1.58
9.6
7.52
-5.67
-7.45
5.04
6.1
4.58
-5.91
-0.38
-1.38
11.98
10.35
4.76
-3.2
3.8
-15.3
-2.5
11.11
2.73
-15.37
0.47
0.86
9.2
4.74
-0.48
-9.17
2.87
4.94
9.12
5.57
-10.37
-5.13
-2.76
-9.45
0.52
5.58
7.27
-1.8
0.46
-3.24
2.45
1.34
-4.97
-9.75
1.4
-2.5
8.58
3.75
0.75
-4.84
-0.66
-2.95
9.45
-0.34
-4.19
-5.65
-1.09
0.45
3.45
2.67
-4.89
1.15
-2.35
-4.54
-6.12
4.87
6.47
0.47
5.85
-4.58
4.15
15.29
3.72
-6.12
6.2
-0.58
18.06
4.74
2.53
3.48
0.58
1.7
12.3
-8.62
2.64
5.36
-0.35
3.12
-8.09
13.68
0.4
-0.66
1.37
0.54
3.68
5.84
-6.01
5.08
-7.49
4.58
4.2
2.24
-6.3
5.58
2.82
3.27
5.39
-1.36
9.62
7.86
-3.45
3.23
3.07
0.41
-1.59
-0.74
4.09
-5.15
4.72
2.32
-0.28
0.38
8.74
7.31
1.42
-0.63
-7.5
8.55
-5.66
2.51
4.77
9.68
-3.01
2.59
-2.13
-5.85
1.72
3.34
-0.8
-3.64
-7.28
-0.17
5.04
5.17
-15.76
-3.86
7.22
6.55
4.68
3.12
-2.2
-2.25
-1.97
1.73
3.62
-0.24
-5.74
4.67
3.43
1.32
7.2
-13.87
-10.87
-9.03
5.44
-1.74
6.33
-1.87
-0.47
-0.59
-2.89
-1.25
7.32
0.17
-2.12
9.04
2.61
2.69
9.73
-6.53
1.36
-2.27
1.79
-1.09
-2.84
-0.8
-1.29
-0.41
7.04
-1.5
9.99
10.62
3.03
-4.6
2.01
2.07
8.25
-1.59
-2.97
-10.87
-3.72
-4.16
0.63
-0.27
0.37
2.37
-3.04
-5.31
-2.72
4.11
10.31
-0.58
-1.17
2.07
4.24
-4.26
-2.52
-2.52
-3.88
4.91
-0.98
3.08
-2.41
2.8
-11.82
-7.56
-5.56
1.35
4.83
9
-3.04
-5.39
1.43
1.64
-3.3
-8.72
-7.92
-1.44
-3.37
-4.91
9.13
-2.52
-9.07
0.04
1.66
7.32
4.91
-4.64
-2.2
-6.25
-1.46
9.05
4.7
-1.56
2.15
-2.81
-4.27
2.67
13.72
2.62
-0.03
11.58
-1.95
3.41
8.68
0.23
9.93
-1.97
-3.56
-0.73
-3.99
4.83
-3.15
8.22
-3.45
-2.27
-3.6
-6.09
10.93
8.57
6.84
3.03
4.91
11.7
1.31
3.42
-4.45
0.87
-3.43
-2.57
7.92
8.57
-6.12
3.12
4.37
-2.03
-2.53
0.97
3.16
0.99
-5.48
-2.81
-6.25
6.63
1.18
-0.28
2.24
4.11
-1.53
3.3
1.05
-4.05
0.43
0.05
-1.19
-0.37
-15.61
-4.62
5.95
-0.8
-2.71
-0.76
-5.64
-3.78
0.06
-1.71
0.03
-2.77
-3.26
6.87
-2.06
0.35
1.36
3.51
5.89
2.93
-5.09
1.15
-7.31
-1.69
-0.54
-0.5
4.13
1.36
11.73
5.57
10.38
5.22
-3.83
-4.99
8.96
-2.86
4.41
1.78
-3.14
0.25
4.6
-7.57
-0.62
6.82
-6.64
1.43
-5.24
-0.68
5.17
6.43
-9.63
-0.3
-2.38
3.84
3.54
0.32
4.02
0
-1.31
-1.24
5.6
6.51
2.85
-3.14
0.84
-4.59
-9.07
6.17
-1.95
4.51
2.25
-3.28
3.22
7.83
0.44
0.88
-1.67
-1.05
6.25
5.34
-4.51
-0.81
-5.7
4.48
-3.9
1.09
-0.55
3.38
5.77
-6.15
-11.08
0.43
4.05
-4.98
8.39
-4.54
4.69
5.3
-3.06
-2.1
-4.48
2.05
-6.01
1.91
4.1
-1.95
-12.17
7.72
-11.52
2.58
2.06
-11.55
-0.87
2.01
0.39
0.2
2.95
6.13
6.74
10.44
-5.89
-2.43
-2.04
0.29
-2.13
2.26
-6.66
6.18
2.5
3.05
0.89
8.57
-8.11
1.64
-1
-4.58
0.43
4.29
8.7
-0.17
5.09
-0.05
-3.3
6.68
4.39
-2.4
2.47
11.49
4.74
0.76
-0.15
12.68
-2.17
-7.81
-1.55
-1.49
-1.12
-0.91
-10.48
2.51
3.8
7.47
6.83
9.19
-2.35
1.55
-1.55
-5.07
10.37
4.66
0.5
-1.99
-1.94
6.23
3.93
-3.63
-1.7
-0.29
-3.32
3.66
3.86
6.84
2.77
-3.17
0.65
-4.16
3.64
3.41
-5.7
8.06
-12.32
4.71
3.01
1.21
-5.88
0.93
-3.19
0.97
-0.18
-7.4
2.97
2.91
-7.76
10.95
-6.28
5.07
-3.16
4.96
0.94
-3.36
-13.74
3.46
3.07
4.66
-2.59
3.88
0
-0.46
-1.59
1.36
-0.17
9.91
-8.48
5.95
-0.77
-6.55
6.61
1.81
-3.45
3
1.86
9.3
3.03
6.04
8.18
0.34
-1.5
-3.81
-7.08
3.82
1.16
8.54
9.06
-2.69
-3.92
11.42
-1.68
7.7
5.8
-1.68
-1.87
1.13
9.24
9.99
1.4
10.45
-6.74
0.05
-4.8
3.57
5.69
-2.49
-9.41
-1.14
10.36
0.73
5.16
2.06
-4.49
-1.37
4.72
1.53
-1.88
-3.26
-3.35
6.11
-0.36
2.93
-8.99
2.3
-2.75
9.95
-3.76
3.31
2.13
-6.27
2.31
-5.62
4.58
-2.42
4.54
0.41
-0.6
-2.28
3.97
3.32
2.21
11.23
2.9
1.39
-6.67
3.35
-10.7
-2.68
4.74
1.7
2.32
-1.84
-9.81
9.01
0.9
3.65
-12.63
9.47
-7.02
-2.89
5.03
10.04
13.83
3.54
-10.65
-1.36
3.72
7.85
-3.39
1.25
4.59
-1.11
-3.97
8.88
11.77
2.43
-7.23
-6.11
-9.86
6.25
8.89
-0.05
-1.71
-5.24
-8.94
3.04
1.42
3.62
1.05
-7.24
7.44
4.91
-5.24
5.54
7.75
6.73
-5.39
14.72
-3.77
3.35
-2.43
-5.26
-0.02
-0.11
-4.38
4.43
3.14
8.25
5.49
1.65
-13.45
1.63
-4.22
8.54
-5.3
2.41
-11.15
2.14
-0.76
0.29
-7.58
3.01
-2.9
0.59
5.63
5.99
-13.3
0.7
0.2
3.14
-6.64
-1.92
-6.29
4.46
4.9
1.75
-6.07
0.49
0.81
15.66
1.1
4.3
-8.34
2.31
7.22
0.44
11.09
9.61
3.08
-1.53
6.46
-0.26
10.33
-0.38
3.98
9.14
-0.12
-5.88
10.4
0.5
2.3
13.02
2.82
-12.23
-5.16
-3.89
2.69
3.68
0
-0.06
-5.04
-0.8
4.94
-2.59
0.13
-7.45
4.52
-20.32
-5.27
9.64
1.01
0.73
5.53
-10.11
-2.35
4.5
-0.47
-1.73
10.69
2.9
-2.4
2.03
-0.85
1.46
3.99
5.06
-8.83
3.34
-8.96
-0.4
-1.11
14.83
-3.91
2.13
-4.75
-6.12
-7.42
-2.35
3.12
9.9
-8.9
-1.7
7.84
-0.87
0.48
-3.28
5.93
2.7
-2.45
3.89
11.38
-4.57
6.29
7.06
-5.16
10.76
-2.55
-2.34
9.85
7.58
2.29
8.31
0.09
-3.34
-2.98
2.36
-4.65
9.56
-1.53
2.16
-1.47
-2.89
-3.16
5.95
-6.63
0.92
-4.36
-7.63
-0.26
1.79
-7.72
0.97
4.71
-17.83
-10.34
4.8
0.49
1.27
-4.17
0.8
-6.19
3.68
-5.34
3.45
-2.02
1.37
-2.31
-2.76
2.46
6.23
3.93
2.88
1.85
-5.79
5.49
-8.24
-4.88
-2.72
7.73
1.19
-0.75
-4.57
6.3
-6.07
-6.17
11.89
8.67
-1.27
-1.01
-3.36
-2.65
6.44
-3.45
5.45
-3.24
-6.76
7.34
0.67
-2.7
-0.29
1.33
-4.8
-5.63
6.45
1.28
-4.11
-5.68
0.39
-11.49
7.58
2.22
-1.68
-1.36
2.63
8.8
-6.28
-1.92
-0.62
3.66
-5.95
-2.45
-0.86
-2.25
-4.32
-6.97
-0.61
-1.49
1.64
-8.85
0.85
1.62
5.39
-1.65
5.45
-2.77
-5.14
-0.26
3.76
0.8
-0.37
-0.09
7
-4.09
-2.13
-20.14
0.19
-3.53
-11.73
0.88
0.97
-0.77
-2.09
0.42
1.21
-1.57
2.39
0.35
6.24
0.56
6.44
-6.79
4.56
5.74
7.79
2.68
-2.47
-9.25
6.97
1.53
-2.34
-2.25
13.2
-3.67
4.03
-7.66
3.16
4.3
0.65
0.07
7.03
1.88
-1.14
0.34
-0.27
0.75
7.48
-1.08
1.05
-3.37
3.37
-4.48
12.46
5.86
1.81
6.18
-2
6.98
2.01
4.15
-0.15
-5.72
-2.78
1.6
0.09
-2.46
-10.84
-0.75
5.44
-1.44
5.77
0.11
3.16
3.49
9.97
-4.84
1.82
12.08
-0.73
4.26
0.92
6.56
3.14
5.8
-14.88
1.68
8.7
-0.91
4.33
-3.89
-13.23
-0.18
-1.84
1.77
-5.45
0.22
-12.75
-2.34
4.93
-9.41
1.08
-1.96
-6.32
0.14
9.5
2.82
-11.45
-0.06
-5.17
-2.29
0.06
4.38
1.1
2.85
-9.9
8.14
7.72
7.12
5.07
1.88
-6.9
6.56
8.23
7.59
3.01
10.52
3.12
-5.52
4.39
1.57
6.38
15.21
6.74
-1.88
-11.26
3.26
-3.7
9.52
-0.05
-1.55
7.45
-1.67
3.68
7.42
6.42
-0.49
7.15
0.43
-10.11
9.71
-4.6
6.04
12.89
-4.52
-0.3
20.38
4.35
3.07
1.93
-0.51
-1.09
12.73
-0.38
5.11
9.36
-7.91
5.08
8.21
1.55
-2.34
-3.27
3.73
0.42
14.97
-7.63
1.11
-1.19
3.59
3.81
2.49
1.72
-5.96
-5.2
0.68
1.79
6.9
-5.47
-2.94
7.11
-0.64
10.77
8.11
-2.13
-2.31
6.21
-5.7
5.79
3.65
3.32
-5.09
3.7
-2.74
6.26
2.5
-11.19
6.09
0.65
4.42
-2.7
1.49
3.25
5.16
11.23
-0.65
-0.48
-3.61
6.57
12.53
0.72
-2.95
-0.53
0.81
6.06
6.48
8.43
2.12
9.89
10.32
2.19
3.07
3.92
1.75
7.54
-1.72
2.71
7.24
2.79
5.35
0.72
0.92
0.54
0.15
-0.19
3.29
3.15
6.59
8.22
-2.6
2.08
4.2
5.46
3.11
-5.41
7.1
1.82
-1.37
1.82
-2.08
1.82
1.96
11.17
4.07
7.15
0.35
4.16
1.46
-1.41
6.15
11.31
-6.53
2.29
-0.88
4.62
-1.44
-7.49
4.45
16.27
7.21
-5.85
-1.01
-3.01
-5.27
0.13
2.61
-1.91
-0.92
7.05
-2.62
2.29
-2.6
1.14
-5.06
3.5
-2.62
8.9
-0.43
4.06
-2.45
9
-9.55
6.11
1.85
13.97
-0.82
-0.75
-11.18
-4.83
-0.26
-3.68
-3.02
8.95
9.07
7.81
-5.56
-1.6
6.95
1.09
-0.02
3.8
-7.9
-3.78
9.39
5.55
-2.43
7.71
-9.6
-7.07
-0.36
2.97
-1.33
8.47
2.6
9.3
1.57
5.42
2.11
-4.9
0.04
-6.53
-2.48
9.39
7.36
7.99
-3.71
6.66
3.44
6.99
2.2
3.67
4.02
3.93
2.88
9.46
9.44
9.07
-1.71
8.61
-0.15
11.72
4.44
9.71
8.4
2.65
-0.64
8.89
3.83
7.22
-7.35
-1.46
1.42
0.31
2.16
-2.84
1
12.76
8.25
-0.2
-0.89
-7.96
3.16
-1.45
3.12
4.42
-1.37
2.44
-0.05
-2.83
3.51
10.25
-4.14
0.24
2.13
-0.95
4.39
4.89
-6.04
3.95
-4.55
7.82
0.5
2.56
4.34
2.36
12.16
0.35
5.44
5.9
7.46
1.69
-3.09
0.81
0.11
-5.72
11.68
-0.06
1.25
7.23
1.55
4.94
-4.99
-1.79
-0.77
0.53
6.77
-4.27
3.28
0.3
-4.38
-6.39
4.32
-0.62
7.04
7.27
1.68
8.29
3.75
16.19
5.45
-5.75
-8.7
-4.39
-5.96
11.92
0.28
-0.09
-0.64
2.93
2.45
18.49
1.18
-1.43
-0.17
-5.01
-5.14
8.7
-6.12
-5.66
3.96
4.16
0.81
8.02
3.25
-1.95
-4.82
-2.77
-4.01
-1.94
-0.35
4.25
4.98
-10.56
9.73
-2.67
10.02
-5.77
-2.85
-6.26
-1.53
-1.48
-1.88
5.21
8.11
2.75
0.56
-5.02
0.75
9.52
-0.11
7.56
2.02
0.17
8.05
-4.59
3.17
-3.46
-4.74
-0.49
-4.43
-0.14
5.17
-6.41
5.66
6.62
7.86
4.66
-1.8
3.76
6.19
-4.49
-6.21
6.61
-2.02
5.92
-1.76
4.43
4.92
3.72
3.6
5.36
3.24
0.3
6.76
4.9
2.93
2.82
0.74
2.82
4.52
7.58
-4.27
-4.6
-4.51
-4.09
-5.92
-2.64
0.76
1.55
3.63
5.61
-1.66
-2.36
-4.4
4.14
-5.66
11.67
-7.9
1.4
10.17
-2.17
-0.78
9.37
3.16
1.57
2.3
5.04
-1.07
8.15
-10.75
-8.72
-2.9
0.04
3.93
5.12
5.63
5.08
0.04
-1.32
3.65
8.72
-1.12
-4.15
-7.6
-2.72
-3.23
14.02
-0.97
3.07
-5.73
8.18
-9.44
4.08
-6.94
-3.47
9.61
2.45
-2.09
6.01
-1.43
4.79
2.04
-0.29
-2.64
3.21
3.4
-5.84
4.59
1.48
3.78
1.78
-0.01
2.02
6.86
8.68
-4.26
9.41
-2.77
4.08
4.22
5.22
-6.5
5.36
1.91
-2.78
3.12
-4.15
-5.43
0.69
0.28
1.68
-3.46
-4.39
-1.15
-1.21
-11.15
-4.86
5.97
3.06
-3.25
6.91
2.92
-4.62
1.73
2.41
-1.82
18.01
-6.43
-0.18
2.64
-1.47
-6.21
12.84
-4.11
9.64
9.73
-3.84
2.55
18.09
-9.37
-3.77
3.18
-1.83
4.86
2.31
-8.88
8.53
7.63
-2.64
1.8
1.07
0.81
1.61
2.92
5.37
-1.28
-9.09
-3.13
-3.86
0.37
3.35
2.8
9.36
-14.01
-1.72
2.67
0.98
-3.03
3.54
2.21
0.94
-2.85
2.62
-3.85
4.72
-2.33
10.43
0.79
1.41
1.57
-5.12
0.88
2.59
1.92
1.2
-3.41
4.13
-4.89
0.15
0.6
-2.19
1.5
10.54
4.7
0.82
-0.55
-5.29
-1.53
6.21
-4.19
1.31
11.1
-0.94
-8.62
8.32
-3.94
5.74
-2.55
3.25
-0.11
19.63
0.89
7.64
5.9
3.69
8.03
17.89
-0.14
4.18
-0.97
3.68
-1.01
14.65
-3.76
9.31
-0.31
1.17
-2.3
5.69
-0.07
-2.27
-0.38
12.37
1.73
-0.1
-3.46
6.22
-5.51
7.79
1.69
4.23
-4.41
2.87
10.37
2.88
-3.82
5.2
-4.88
4.64
0.96
-2.52
1.29
1.39
-0.12
-2.59
5.75
-12.66
-0.66
7.11
12.96
1.05
4.6
-5.31
3.94
-1.17
4.5
2.08
5
8.79
8.14
5.01
6.83
-0.83
-4.43
7.16
3.58
3.29
3.05
4.19
-4.73
-1.04
-5.02
-0.37
-2.38
6.82
7.02
-20.96
-5.47
-1.5
8.26
1.12
1.77
-2.53
-4.35
1.73
6.2
1.21
1.6
-1.75
-7.99
-4.21
0.16
1.51
10.17
11.01
-0.16
-11.14
15.62
1.8
8.39
-5.27
3.4
-0.08
5.51
-0.84
0.62
-7.67
6.15
-1.33
13.6
4.46
-4.85
-1.56
8.23
-1.76
-0.17
-0.3
5.87
-1.83
0.57
-8.01
4.1
-2.08
-2.24
-1.29
6.32
-3.43
8.32
7.28
-2.03
-4.38
1.21
-3.58
8.02
7.94
-0.45
2.35
4.91
-3.06
4.24
2.34
-5.15
-3.57
-0.4
0.43
0.87
3.76
-5.59
0.24
-1.81
-2.09
-0.12
5.14
1.28
7.57
4.36
1.49
8.02
4.08
-11.76
3.09
11.44
7.36
0.07
4.44
2.22
-8.68
-0.18
1.08
-0.07
12.17
-5.01
-10.52
3.94
1.39
1.43
1.51
-3.55
9.61
11.79
7.15
7.14
2.08
3.42
-3.83
14.53
6.6
10.48
7.17
-3
-5.11
0.72
1.79
6.75
-2.04
-9.18
3.28
6.81
11.96
8.75
-6.02
-6.2
-3.06
-2.04
4.19
3.03
3.94
1.92
-4.59
3.79
-2.25
-0.73
0.12
-1.81
3.53
14.03
0.69
-2.46
-1.61
6.61
-6.07
-3.46
-1.88
4.82
-3.97
9.14
2.38
-5.76
-1.41
5.23
1.07
3.37
-1.66
10.06
9.17
-9.36
-4.08
6.2
-4.57
7.69
-2.13
-0.23
2.66
6.02
1.81
8.28
2.46
-2.19
4.79
-3.07
0.82
1.08
9.2
-5.73
3.43
3.06
-6.46
-0.9
-8.86
-1.39
1.75
4.24
3.4
2.97
-9.76
-0.99
8.91
0.6
4.19
2.09
0.78
-9.79
8.88
3.42
0.22
-0.64
2.46
-1.57
9.44
2.15
2.28
-3.03
0.85
6.09
8.73
-5.96
0.13
-1.28
4.85
-2.11
-0.34
-1.73
7.94
1.79
-1.07
-3
12.11
0.1
-4.48
5.17
-5.66
1.55
1.2
-4.22
-2.21
-2.16
6.62
-3.37
-9.16
-4.55
-0.85
-1.72
7.46
4.42
-1.84
2.45
1.86
4.91
11.99
-12.42
-8.45
2.6
-0.26
4.16
-3.23
11.11
3.4
0.98
-2.37
1.26
0.06
9.39
-7.67
-11.18
5.35
-5.99
11.15
1.53
-2.92
-3.79
-11.86
-6.78
17.58
1.33
-0.6
-7.19
5.03
0.61
7.31
-5.12
8.3
-2.35
5.27
-0.78
6.4
-2.16
5.81
2.05
0.28
-4.03
-8.72
11.01
2.17
1
-5.25
-0.55
-7.94
-5.61
-4.32
1.64
2.53
7.91
-1.63
10.05
2.55
16.36
4.76
-3.81
1.63
3.7
6.11
5.15
-2.85
-1.54
-5.45
3.53
-4
-1.68
-5.16
-2.69
-2.73
8.13
4.48
6.46
2.77
0.74
11.35
1.2
-5.03
1.46
-0.1
-8.74
6.89
1.96
4.72
-3.46
0.43
5.37
1.17
-1.35
1.11
1.13
-1.58
-1.19
3.98
6.25
1.59
-5.64
-0.8
3.96
-2.51
-3.92
6.15
0.67
-3.19
2.97
-0.06
2.83
6.13
-0.31
4.08
4.43
-3.26
-1.76
8.39
0.33
4.37
-0.55
-0.22
2.65
-7.92
0.47
1.73
5.76
10.03
6.35
-1.21
5
9.72
5.17
4.7
0.55
-6.98
0.72
3.66
-0.35
-5.13
1.63
-5.27
-6.28
-4.22
1.07
11.25
-12.89
3.37
-0.23
-4.76
0.1
5.02
-2.08
1.15
1.23
-1.9
-4.38
6.34
3.76
-2.21
-1.15
0.9
-3.27
-3.3
17.15
0.85
-3.9
4.6
-0.89
-2.76
14.64
-0.3
6.28
8.3
3.48
-5.02
1.09
-2.85
1.8
-4.86
-3.36
-4.59
0.68
3.94
-6.77
1.15
2.01
-3.65
-6.35
1.5
1.66
9.31
-1.73
-1.64
5.73
8.36
0.16
4.58
0.98
3.98
-3.74
-4.64
-12.02
0.78
6.03
-5.39
-1.14
4.58
6.12
-7.11
-0.4
2.81
5.78
-0.72
-2.77
-3.65
5.04
-2.13
2.46
6.9
1.44
0.83
-4.58
1.9
-3.12
-3.44
2.05
-2.02
0.44
1.54
5.77
-8.03
-1.29
5.9
3.26
0.91
-2.21
3
4
1.13
-1.75
4.15
-0.34
-1.74
1.12
2.65
-2.14
5.63
3.05
0.37
0.71
-9.21
5.24
2.63
5.21
4.33
-15.32
2.66
7.73
4.73
-4.78
1.48
-1.6
7.43
2.5
5.68
7.01
-3.39
2.65
2.58
-1.04
10.68
-3.77
-1.22
6.96
-5.17
0.48
9.27
-2.56
8.47
-2.64
0.86
2.31
6.26
-8.95
5.14
0.72
-0.53
-0.98
9.47
-7.67
1.55
9.31
7.56
-8.99
8.73
-0.15
2.51
7.09
0.37
0.6
3.62
-1.99
0.94
6.82
-3.3
1.79
4.53
-4.79
0.37
0.53
0.69
-4.58
2.91
8.13
-8.12
-11.81
-2
2.05
-8.87
12.48
0.78
-2.45
2.48
2.25
2.9
6.09
-1.82
9.03
2.47
-4.72
2.64
4.56
-4.36
-4.35
2.86
2.73
2.95
0.39
5.59
-6.51
8.41
8.24
1.96
7.98
-0.78
4.05
6.42
2.53
1.58
-0.47
2.13
-3.54
-1.51
-4.07
10.29
4.15
-3.54
5.77
-0.47
8.5
9.14
-6.43
2
-1.03
1.23
3.3
4.9
7.77
1.2
3.19
-1.83
-2.09
7.66
1.52
3.15
1.64
-3.04
-4.64
4.27
8.86
-1.38
0.36
-4.2
-5
4.92
11.45
-6.06
-0.27
-2.09
-1.18
14.22
1.93
9.05
-4.24
0.51
-2.23
-0.1
-1.14
-9.15
-7.83
5.07
6.5
18.21
3.12
12.17
-6.09
7.39
13.97
4.66
1.53
5.91
1.35
8.12
0.16
8.3
-1.43
-3.61
-8.74
4.47
-0.93
8.68
2.13
-1.29
8.55
3.04
-5.76
1.19
-1.39
-1.2
8.4
-8.18
5.43
1.27
12.93
10.47
12.57
4.07
-8.17
-12.9
3.3
-8.98
0.63
8.87
-1.94
2.25
-4.82
3.5
5.41
-0.33
-1.12
4.51
1.6
19.67
-9.26
8.93
1.5
5.71
-1.66
5.41
-1.39
7.16
1.04
4.75
6.84
3.83
-8.92
-4.71
-3.84
2.26
1.2
0.86
-0.71
2.37
-4.29
-2.4
0.56
4.13
-0.66
-4.74
-1.02
-6.06
5.03
-0.9
2.28
-2.42
7.87
-11.71
-0.25
5.55
2.69
8.2
0.27
-0.14
3.01
-4.67
4.33
-1.94
6.4
-1.88
1.7
-12.29
-1.16
1.63
5.3
-8.27
-0.86
-7.07
12.66
3.04
-7.26
-7.24
-0.96
-5.05
2.17
3.54
-9.39
7.64
-9.68
1.78
-3.06
-4.83
-3.83
7.71
-2.46
2.36
-0.49
-8.49
7.64
-8.27
-10.68
5.71
1.29
-3.48
4.93
-1.37
-13.61
-2.15
-3.44
-7.83
1.62
8.4
-14.36
4.52
1.49
-3.88
-2.89
11.93
4.76
0.38
-0.33
-8.64
-4.13
0.55
-9.56
1.03
4.51
5.4
3.1
0.59
-1.67
10.1
-3.95
-0.16
1.73
-2.7
6.37
9.5
-2.82
2.2
-2.61
-0.05
2.9
5.97
0.13
2.43
0.07
-0.8
-5.24
16.71
-2.94
5.89
-4.52
3.47
4
9.81
-0.96
-0.18
-0.81
5.56
4.96
1.45
2.21
-2.02
3.04
-0.13
8.35
15.43
5.17
4.43
-1.16
1.24
0.74
9.06
5.8
4.25
-0.22
-3.12
-0.35
10.9
1.89
0.43
-4.19
-4.68
-2.95
-3.92
-2.87
-0.24
-10.61
3.74
4.8
-3.35
4.91
2.37
-5.26
8.42
2.96
8.64
-4.8
2.95
-5.67
-0.31
1.05
-2.64
4.04
1.51
-13.78
10.86
0.27
6.14
3.2
1.75
4.02
2.75
0.46
11.35
-6.36
8.99
4.48
8.85
7.12
-0.04
-1.59
-8.01
0.98
2.52
7.27
-6.49
11
1.47
-0.44
5.62
8.71
3.7
2.07
2.97
-6.68
1.09
4.2
8.05
14.64
-0.01
0.36
14.16
-7.73
5.99
10.62
-3.17
-1.6
3.38
12.63
6.58
2.6
11.24
-9.2
13.42
-5.79
4.88
-1.98
-1.52
10.16
8.73
-4.52
7.1
-9.3
4.76
-1.16
5.51
1.86
9.7
1.35
2.43
-5.98
3.52
-3.52
-2.32
0.87
3.04
-1.66
-3.63
7.33
-1.06
0.95
0.5
-2.23
16.48
12.69
-5.4
3.09
-5.14
-1.17
6.66
1.91
-3.27
7.75
-9.09
5.76
4.77
7.97
-5.85
1.93
0.71
-1.4
2.92
-2.24
-7.96
7.56
4.22
-5.72
4.79
-13.36
-0.83
1.45
8.98
3.98
2.49
-2.19
-13.19
7.48
2.02
-6.11
3.12
-7.96
3.7
8.54
-1.49
2.88
1.99
9.64
-6.24
7.95
3.75
-2.61
0.94
13.32
7.32
2.34
0.62
-5.91
7.67
6.19
11.1
2.16
6.81
2.59
1.28
0.43
9.09
3.61
0.56
-12.85
0.77
7.18
6.47
-6.9
-5.27
-2.06
-0.04
-0.91
-1.5
-5.54
2.67
-3.71
16.92
-11.04
-3.64
2.05
3.52
-2.51
7.64
2.19
-5.27
-0.16
0.36
3.95
1.98
0.64
6.35
6.15
5.77
-0.59
5.41
1.04
-0.58
-1.68
2.84
-1.27
5.25
0.67
10.33
1.85
-1.1
-8.51
14.2
3.71
-11.32
6.55
-6.52
-0.54
0.15
-5.08
0.46
7.81
4.25
1.79
0.64
9.47
4.47
9.3
-3.19
4.08
3.88
0.3
-4.25
5.06
4.99
-5.17
1.16
-4.23
-6.43
-3.16
-8.59
-10.24
4.63
1.69
1.36
2.72
1.75
-13.24
5.16
-3.81
2.44
-3.64
1.39
-8.41
0.15
-3.45
4.23
1.49
0.56
-7.2
-0.49
-2.61
-1.24
3.4
0.53
-7.77
-2.79
0.91
8.59
5.2
-3.19
-0.32
-0.35
-1.01
0.26
2.62
1.71
-4.83
-7.87
2.42
-2.39
5.78
8.74
-9.53
0.05
-2.57
4.29
3.16
-4.31
2.86
-2.5
-1.49
-1.27
5.06
3.27
-1.53
-5.84
-8.92
7.78
2.6
6.86
-8.07
10.45
0.57
1.04
-7.79
2.51
-1.59
-4.58
-4.96
4.23
-3.91
1.03
-1.4
1.73
-2.93
4.01
-4.53
8.82
-2.55
-2.85
4.23
-0.54
5.36
1.46
-2.64
-6.81
4.3
1.04
0.57
-1.99
-1.94
-14.46
5.67
0.33
-6
5.95
-0.07
-4.63
7.74
5.71
-1.52
-7.05
-8.05
-3.46
3.43
6.7
0.61
-7.03
-11.63
0.39
-2.66
-3.4
8.69
-9.97
-2.29
-0.01
2.63
2.94
0.82
-4.49
-6.83
-3.67
6.18
-3.54
7
-0.45
-7.21
-4.75
1.29
1.46
0.19
-4.32
-5.13
6.38
5.56
6.79
0.29
8.35
-0.47
-2.77
4.93
5.26
-7.92
-1.6
-8.25
0.44
4.35
10.72
4.77
-5.08
2.83
-5.43
9.74
0.99
8.4
1.54
-2.04
5.4
-3.73
1.84
1.87
5.58
6.36
7.68
3.85
-5.24
3.77
1.36
5.09
-2.15
10.36
0.49
-2.48
-9.25
1.09
-8.91
-12.01
4.4
-4.08
2.27
-3.49
-2.19
-2.16
1.7
3.99
3.86
6.11
-4.88
5.48
-3.99
-4.96
-4.51
-1.72
-9.16
4.85
2.58
-4.5
-0.62
5.83
-0.55
-2.65
-0.79
-2.85
-6.82
-5.54
6.93
-1.32
-1.6
3.98
1.71
-0.61
1.07
0.97
5.02
-1.47
1.34
2.85
-4.48
-2.28
3.61
2.96
7.17
1.19
-6.59
-3.29
0.54
-1.47
1.42
-4.26
-4.21
-9.11
6.26
9.43
1.87
3.83
-2.86
-1.19
8.15
2.8
-6.7
5.91
-2.45
3.88
2.67
-5.73
-5.07
2.09
0.24
1.42
-7.49
-0.77
-5.93
5.14
-2.76
-4.4
-12.05
-1.91
4.56
4.41
2.41
-5.33
0.74
-3.76
0.7
2.84
-4.51
2.84
7.32
0.64
1.28
1
2.73
2.75
2.65
8.82
3.2
-5.93
2.13
4.47
10.34
6.27
1.18
-8.87
8.71
-9.25
0.18
1.95
-3.81
-2.67
3.01
-10.06
-2.27
5.94
-3.73
-8.75
12.35
1.22
-5.47
-1.08
2.57
5.9
3.42
2.7
0.88
9.37
1.93
-6.89
1.64
4.9
3.56
8.79
-6.87
2.21
1.27
4.55
-10.33
2.04
3.76
-4.47
-1.14
0.7
-1.95
14.92
-0.37
8.3
4.94
3.2
-4.27
2.97
3.71
-8.5
3.69
-2.94
1.73
7.23
5.25
2.39
3.73
-9.01
-7.82
2.24
-2.91
-4.35
0.63
-3.11
-3.21
5.94
-0.76
-7.36
5.79
-2.37
-16.78
-2.47
3.82
4.73
3.55
-2.55
-0.13
9.29
1.9
4.63
10.96
-2.49
-2.95
-5.44
0.51
1.18
4.84
4.02
-4.02
7.72
1.69
4.56
1.14
1.81
-7.58
-5.16
-0.82
3.73
-5.3
5.87
1.21
1.5
13.74
-5.58
-2.67
7.96
-0.34
9.53
2.13
-3.79
1.52
0.03
-3.67
8.81
-1.67
-10.85
-2.37
2.6
-7.11
1
-0.52
-0.44
1.06
-9.95
-0.09
1.75
-8.1
-15.21
-4.76
-2.16
-0.83
-7.3
-3.53
6.22
14.4
-6.41
6.87
-2.88
0.37
-0.34
-5.72
-2.74
-3.54
12.94
3.39
-5.28
4.27
4.19
-9.7
-0.35
-5.68
5.49
1.3
10.93
3.29
1.5
-3.34
3.97
-6.65
0.22
2.68
1.65
-6.54
-1.13
-5.41
5.86
-4.09
-9.35
0.79
7.19
-1.24
-5.69
-6.09
1.15
4.88
9.01
-5.76
4.88
-7.5
-1.57
-0.64
10.61
3.42
7.05
-6.28
7.94
0.86
-2.35
5.53
11.01
-1.77
-1.62
-3.49
-4.51
10.7
10.86
2.66
8.01
-3.63
-0.49
11.14
-2.02
7.9
-8.04
1.02
3.3
7.06
-1.21
2.16
11.33
-2.17
-3.94
6.51
-2.87
10.95
0.46
4.3
-0.09
4.75
4.15
3.31
0.9
5.69
4.76
7.22
12.08
-4.83
6.42
-5.38
-0.23
4.28
9.25
5.83
1.64
-14.12
-5.08
-0.97
10.02
-1.89
2.97
9.94
-3.6
11.37
13.19
-1.76
-3.44
-4.08
3.1
1.05
2.6
-3.17
-0.13
-2.49
-0.56
3.75
-3.22
3.5
1.29
-1.76
7.24
0.28
1.4
-0.23
-3.59
0.44
6.98
1.1
5.09
-1.79
-8.57
-3.85
4.27
-6.33
2.26
1.5
4.48
-5.31
6.74
-3.89
-0.05
5.63
6.72
4.36
-2.2
2.33
8.07
-0.21
-4.07
0.06
-3.59
-5.38
7.37
2.98
-2.35
-0.91
-5.4
2.76
10.16
-5.98
2.04
-0.04
9.62
-1.01
1.92
2.84
5.03
-4.04
-8.71
0.78
12.12
-2.15
0.08
1.9
-4.06
-3.43
9.83
8.21
2.6
1.84
6.7
5.77
8.07
1.88
-1.4
11.77
-0.73
8.13
4.61
1.45
4.79
4.55
-1.8
6.8
-12.91
1.74
-0.74
7.45
2.91
7.93
-7.08
1.61
3.89
2.78
2.62
5.13
3.62
-4.03
7.72
10.46
1.56
5.15
0.78
3.74
-4.92
4.81
-1.6
6.52
9.02
3.93
4.07
0.62
3.07
5.64
4.16
-4.91
3.24
-19.13
1.05
-3.99
11.29
1.49
2.7
-0.1
2.99
-1.55
-10.57
2.92
4.91
9.42
4.91
-3.91
2.77
1.2
4
2.94
-5.08
3.14
6.91
-2.05
2.4
-7.72
2.29
6.23
-3.21
3.47
-2.26
-3.46
-1.8
3.05
1.16
7.32
11.69
3.97
4.46
-10.36
-1.9
5.24
1.86
8.18
1.97
8.01
3.58
-4.24
-2.76
-0.92
0.55
10.84
-2.29
-0.67
2.48
-3.54
3.48
5.86
1.17
2.93
-0.61
-0.76
-7.88
0.28
1.92
9.4
1.19
1.35
8.82
5.48
-1.06
-3.49
2.83
4.62
2.34
1.77
4.65
-0.88
12.34
2.28
-3.47
4.92
-7.09
-1.57
3.02
3.92
-2.7
5.11
6.98
-6.44
6.15
3.39
-0.48
1.81
5.15
-0.74
-7.18
-8.11
6.06
3.04
-1.32
-1.04
9.05
-0.07
-3.82
2.02
1.41
0.41
4.21
-0.72
3.18
-0.02
-8.87
-8.28
2.38
-5.74
4.54
3.86
3.11
-4.8
1.48
1.6
9.39
2.19
-6.56
5.19
8.54
-1.62
2.02
8.74
-8.99
-4.27
5.16
9.72
11.42
0.85
8.74
-9.65
4.49
1.37
-1.2
-4.86
2.74
11.67
5.91
-1.41
4.37
4.36
8.01
-2.01
2.44
5
-0.46
4.2
6.43
-2.15
0.44
-4.69
-1.95
4.05
-1.66
-3.18
3.3
6.95
-2.97
7.5
-2.39
-2.37
-3.28
-3.29
0.16
9.87
2.47
-4.92
-2.51
7.17
5.31
2
3.37
0.32
-0.87
3.62
2.26
-0.82
3.79
0.12
7.33
7.92
-1.52
-4.5
-6.49
-1.99
2.88
7.52
3.54
-2.96
3.53
2.34
-1.81
-0.44
-1.03
3.61
1.37
-2.87
4.7
1.51
-0.49
5.05
-0.64
-3.88
3.23
-2.32
-1.23
-7.03
8.03
-2.42
9.9
0.35
-7.3
4.69
3.34
-0.77
1.25
4.95
1.04
-3.79
1.67
9.66
9.87
0.14
0.09
-0.91
-2.1
2.23
4.49
-1.69
-3.19
-2.3
0.54
4.5
2.19
0.71
-0.57
-6.09
12.71
1.81
0.89
6.14
2.29
-2.02
2.12
-7.41
7.52
3.59
4.06
-9.25
4.66
3.07
-3.82
-1.41
-0.54
-4.8
-5.05
5.28
-3.93
7.03
-5.97
1.08
1.87
9.74
-4.3
9.69
6.83
0.65
-4.59
-2.58
-1.07
-4.86
1.49
6.98
-1.31
3.23
3.74
-0.46
1.81
1.7
3.33
4.82
-1
9.53
-4.06
1.85
6.67
0.04
2.37
-8.53
-5.8
0.08
1.23
-1.09
-3.59
-1.8
2.92
-0.06
-9.33
-3.76
-1.6
-1.15
-2.49
14.16
0.78
-6.92
3.52
-0.16
-1.33
2.29
-5.44
5.5
-4.63
-6.34
-2.31
8.25
-3.17
0.38
-0.73
-0.86
3.55
-5.99
-6.32
-1.06
-5.24
0.11
-1.61
-1.13
7.07
6.44
-2.84
2
-0.36
-6.63
7.03
-5.65
-1.27
-6.56
-2.7
7.51
9.39
-6.67
4.38
-0.11
0.44
-0.91
-2.72
-0.98
0.1
-2.09
0.22
7.05
-0.61
3.45
1.07
-1.06
3.29
-2.93
3.78
-3.41
-9.54
8.34
-2.38
4.26
7.29
0.09
3.72
-0.59
-4.12
-1.49
-3.3
-1.19
-5.37
-3.07
0.05
0.38
-8.73
6.57
4.23
1.65
-2.75
-0.62
3.72
5.76
-3.12
1.67
-7.2
-1.78
-2.89
-1.23
-1.5
-2.24
1.61
1.55
9.81
0.51
3.03
4.37
-13.65
-2.83
1.56
11.33
-0.48
-5.7
-0.91
3.75
-7.35
-1.99
-0.5
4.36
-1.67
-2.51
-11.71
3.39
-0.44
-5.93
-8.02
6.9
14.1
-6.65
-8.35
-0.92
-1.64
5.64
1.92
-2.62
-2.79
-1.01
7.63
4.09
-6.28
4.29
-0.35
0.3
19.22
2.07
-1.57
-2.21
-1.18
13.03
-4.04
8.83
8.32
-6.9
2.68
5.5
-3.02
-2.7
-2.02
-5.03
-2.09
1.97
-2.25
8.31
0.08
-3.11
-0.38
4.03
0.45
1.95
4.5
10.38
-4.76
-6.14
-5.91
-0.16
-1.08
4.53
3.45
5.08
1.02
-1.84
2.45
2.99
1.69
6.32
6.84
3.14
2.95
2.9
5.98
-0.6
4.51
10.14
3.73
-4.34
-5.67
7.5
-0.9
-0.35
-9.84
-4.98
-1.31
1.44
1.33
-1.08
3.41
-2.52
1.72
2.72
-0.73
4.82
10.22
-1.85
-11.67
-10.17
-10.01
0.57
0.01
3.8
2.2
1.1
5.67
7.61
-2.48
-0.67
-2.69
7.63
5.47
4.4
-5.33
-0.38
-4.15
8.67
-3.92
-0.45
0.55
1.37
-1.49
-0.68
1.04
3.28
3.24
-10.85
0.14
2.97
-3.23
-0.53
-1.26
0.68
12.4
7.68
-8.83
-4.58
1.71
2.68
-3.26
3.41
8.8
-1.14
-1.56
-0.26
-4.05
9.95
1.66
7.83
3.22
-2.05
-7.52
4.26
-1.35
3.32
-7.06
5.18
-1.38
-2.17
2.62
0.23
3.97
3.36
-0.49
-2.97
-15.07
-1.08
-2.17
0.01
0.45
-1.41
-3.83
17.01
-1.41
1.34
7.42
1.97
6
4.3
-4.96
6.31
3.82
-4.67
-4
1.27
6
1.56
6.82
-1.87
9.63
-6.11
-3.14
3.74
1.5
6.81
5.59
6.29
5.43
4.41
0.7
-4.27
1.51
0.3
2.64
1.72
4.44
0.75
1.98
-5.58
-3.25
-1.13
3.59
5.14
9.96
-1.83
0.76
-1.11
4.24
-1.61
1.85
4.75
4.96
7.52
-5.93
4.4
16.74
5.54
4.11
-1.6
4.02
13.78
-3.31
0.86
6.62
15.72
-4.44
-10.25
8.6
3.48
-1.53
3.24
13.16
2.54
3.64
6.45
-2.47
7.96
-3.31
-9.88
-1.58
10.3
4.25
-1.79
-2.44
-0.27
-5.78
11.25
-2.14
3.86
-3.23
-5.17
-0.35
-0.76
0.27
6.73
-2.4
7.49
-8.15
3.94
-0.11
4.93
3.66
7.74
-0.43
-0.08
-2.21
7.05
-6.58
4.13
1.1
-3.43
-13.53
5.67
0.93
-2.78
3.77
8.97
5.87
1.75
8.04
-0.14
0.04
0.43
-8.33
6.18
-4.38
-2.1
-2.18
3.77
3.85
5.63
2.4
-8.19
-1.21
-3.29
-6.09
-12.69
-3.56
-2.28
0.56
-3.85
0.51
-0.18
0.31
-4.86
6
9.29
1.33
-6.88
2.28
3.39
-3.96
5.01
4.44
-2.39
0.46
-7.05
-0.8
0.74
5.89
9.68
4.97
1.56
0.93
7.46
8.38
-3.6
19.79
9.18
-2.97
5.45
1.36
3.53
4.58
-2.03
-2.58
10.59
5.83
2.3
4.19
1.28
4.37
2.65
1.56
-4.87
9.26
-4.24
1.86
5.67
-5.75
2.88
10.18
-1.02
-7.71
-6.15
5.57
-2.77
1.54
-1.58
-0.23
-9.01
3.92
2.22
0.85
3.56
-2.7
5.9
-3.14
2.78
12.71
-0.76
1.82
6.83
2.02
-5.58
2.04
-2.12
-2.22
-1.78
-1.51
2.59
3.01
-0.89
-5.38
-1.21
-5.53
0.58
-0.11
-1.09
0.9
0.86
-5.79
3.64
-1.14
-6.47
-3.19
5.15
-8.98
10.51
-0.68
-3.27
-1.86
-0.92
6.65
9.25
-5.33
0.46
-3.7
2.37
-3.5
-4.44
-4.07
4.17
-10.13
5.67
-6.12
-5.17
3.29
0.47
3.64
6.27
-7.53
2.19
3.38
-12.11
5.18
1.49
-6.35
-3.33
7.18
3.99
3.97
-0.88
-3.47
-7.72
-2.17
6.53
-2.46
7.42
-0.42
-3.96
0.32
-2.41
0.52
17.02
12.82
-1.16
-3.33
-11.88
3.43
5.95
1.77
0.61
3.89
1.23
3.04
6.6
2.91
2.75
-7.21
2.82
0.71
2.2
-2.68
-1.46
-0.03
-3.44
-4.87
0.21
-2.22
-2.05
-2.48
-4.83
-2.54
2.29
-1.5
-2.36
1.27
0.55
-0.44
7.65
-7.44
-1.67
-8.53
-3.52
-5.55
5.64
-0.55
2.41
-3.95
-1.72
-4.31
2.74
4.38
7.69
-7.16
-0.33
-3.14
7.09
-7.54
4.66
2.84
0.11
-1.75
9.11
7.26
-6.4
-13.67
-1.34
1.24
10.72
-7.86
-6.54
-11.73
13.92
4.81
3.75
2.23
1.07
-12.3
-2.87
4.28
-0.2
-5.47
-4.96
-6.23
3.79
-8.47
9.39
-2.08
-1.5
0.67
-0.66
-0.4
10.46
-3.38
5.92
-13.55
-5.22
-8.53
0.19
0.51
4.71
-3.17
0.05
9.74
-1.93
-1.99
-1.44
0.23
-4.52
-2.73
4.36
4.03
-2.86
6.59
2.91
5.18
1.1
6.05
11.02
8.47
-1.67
0.3
-4.95
5.57
3.76
1.93
1.71
-8.96
9.24
4.61
-4.53
2.52
-0.12
-0.22
0.14
-0.77
3.88
1.88
-5.77
-0.03
-2.44
-1.99
1.79
-3.98
-4.26
-3.81
7.46
6.34
5.72
-0.17
-5.94
0.57
8.2
12.25
-11.8
4.15
6.48
-1.06
-0.85
2.96
-7.87
0
-6.29
-4.29
-0.33
3.99
-0.3
-5.08
2.84
2.65
-5.06
6.96
9.73
-2.26
0.63
-13.37
0.1
7.07
-1.72
5.1
9.18
2.99
7.39
-2.4
-3.08
2.4
5.52
-3.03
2.96
7.33
4.17
-2.55
-2.75
-4.38
4.64
6.9
1.98
-5.77
7.68
-6.24
8.09
3.15
3.56
-6.58
-7.7
0.37
6.86
0.85
-7.05
2.07
1.26
7.06
3.66
2.97
3.34
8.96
-7.73
-0.8
2.09
-1.42
-6.6
2.28
-1.83
3.84
1.04
-1.35
-5.69
-0.58
-0.29
-10.37
6.91
-4.57
-0.26
-0.58
0.56
0.49
1.63
-9.39
4.54
-0.01
-1.2
-5.43
1.55
6.07
5.03
5.03
0.23
-7.19
1.83
6.16
2.7
1.96
8.69
-9.13
0.5
9.9
2.77
-0.51
-0.72
6.45
-3.58
7.24
1.42
6.25
-3.02
-5.85
-4.16
7.51
-1.25
6.03
-2.35
-9.87
0.55
0.28
-0.86
2.79
-2.26
0.08
3.47
-3.87
-0.13
9.04
-7.12
4.67
-2.8
-4.17
-5.12
-7.51
-2.25
3.12
-2.86
-1.9
-10.71
-0.64
-6.09
-0.22
5.34
1.23
-9.39
4.84
4.38
-5.44
1.05
0.75
-3.13
-1.5
-0.99
-0.39
8.89
0.82
7.43
2.7
0.31
4.19
5.06
-3.32
7.2
2.33
-0.67
6.09
-1.86
-3.28
5.74
3.96
-0.35
-9.03
6.26
-9.13
5.82
-2.09
-1.08
-3.98
8.48
-3.08
-0.77
1.18
-1.55
4.15
4.85
0.43
-0.7
9.69
1.92
-4.51
7.87
5.12
1.45
9.51
-0.86
0.21
8.61
4.36
-0.63
2.32
4.67
3.56
2.96
0.19
-6.72
5.52
4.58
-3.69
1.7
-0.49
0.52
-0.29
-2.01
-3.72
4.9
4.55
4.18
0.83
-6.43
2.07
-0.44
-10.18
1.7
5.24
-6.61
1.02
6.5
-10.66
4.05
2.61
-3.83
-0.99
0.01
5.62
5.62
-1.72
-4.08
5
-0.75
1.77
4.56
-8.96
3.46
2.55
-4.06
0.78
-0.97
-0.08
-1.31
3.12
-3.25
5.38
5.05
1.43
7.06
10.48
4.15
5.39
0.94
-3.85
-3.74
-5
3.54
5.22
3.43
1.27
-1.25
7.15
-0.24
-3.56
9.34
5.51
-3.11
1.23
4.77
-0.03
-1.79
-0.78
-0.25
8.11
3.45
0.23
0.67
-10.14
-1.48
3.56
2.87
-5.69
10.59
0.64
3.82
-2.85
2.31
-4.69
5.73
-0.58
2.14
0.59
0.68
-13.36
-1.62
-5.58
1.35
-8.78
4.34
-6.22
7.13
-6.92
0.15
1.24
2.26
-9.98
-1.42
-3.42
4.65
-2.28
7.15
-7.12
6.48
2.43
6.59
1.97
-2.11
-8.79
12.95
1.98
-2.39
-0.53
-1.41
-8.99
-1.05
-5.61
2.44
0.3
1.16
-7.22
-1.31
0.29
4.06
-1.07
4.16
-12.09
-2.2
-3.34
-6.4
10.34
0.11
-6.43
-3.87
-7.31
-0.68
2.58
-1.33
-14.4
0.46
2.63
4.02
-8.28
2.89
-16.18
-6.54
-3.71
-3.35
1.06
-2.02
-14.31
0.46
-4.38
5.26
1.13
1.68
-18.03
-0.34
-3.13
-9.87
-4.35
12.63
-2.67
-6.07
2.71
-1.43
0.31
-9.46
-1.38
4.18
-0.36
1.08
7.17
-5.1
-2.37
5.01
-8.65
4.16
-16.28
-4.28
-17.36
4.65
1.47
-3.42
4
6.11
2.34
1.17
3.33
11.24
8.12
-6.41
2.82
2.35
3.31
12.41
-5.54
-0.22
-8.68
-6.15
8.45
12.52
-8.68
1.32
0.16
2.66
2.24
-3.69
-5.9
2.95
-10.79
4.16
0.41
-7.36
-1.37
1.68
-3.83
3.19
0.08
12.64
-3.58
-2.26
4.49
0.29
-3.38
0.06
11.29
6.75
2.74
-4.7
-0.49
-2.77
5.75
3.6
-1.83
-5.11
-6.12
7.11
4.49
-4.66
-2.59
-0.81
0.7
3.53
1.19
-8.43
-2.88
10.17
1.26
-4.37
3.3
3.08
8.23
6.07
4.18
-1.44
-0.27
0.72
18.4
3.19
2.5
-5.22
1.11
4.63
11.1
1.63
4.41
-6.11
-2.63
-8.17
-0.03
9.32
1.9
-7.79
-3.4
2.65
8.59
10.87
7.75
4.6
-17.3
9.08
-1.69
-2.85
-0.08
-8.25
1.39
5.21
6.91
0.89
4.32
-0.46
-3.32
11.82
1.06
3.31
-4.17
4.35
-0.53
9.72
-8.95
-1.32
8.4
3.93
-0.21
4.98
2.47
2.83
-2.97
-3.87
4.63
6.93
10.7
8.32
1.76
7.11
1.15
-2.46
8.11
8.23
-0.09
3.49
-1.64
-6.06
5.51
9.92
2.64
3.85
-3.95
-2.35
5.22
3.73
0.98
4.92
-14.37
10.48
-4.72
-0.92
3.19
-3.18
1.93
4.8
2.81
10.16
6.06
5.34
-1.97
7.02
7.02
0.35
-10.28
5.31
3.94
-6.9
8.38
1.17
-3.31
1.46
-1.55
1.97
6.27
5.59
5.49
-0.21
-9.34
-1.04
4.28
3.49
-1.55
4.81
1.71
9.66
8.06
-15.98
-5.01
-0.72
-4.89
3.16
-2.52
4.32
3.77
-0.31
-1.45
5.64
-0.63
4.78
11.67
-11.94
-2.08
2.35
0.33
-5.53
2.61
5.27
-3.01
1.34
-0.84
2.04
-0.49
-2.38
-0.15
-0.43
-1.64
-0.05
3.64
1.54
-1.67
-0.14
-1.25
3.68
-4.84
-2.95
4.81
-1.03
7.09
1.35
3.82
-2.89
2.52
5.09
2.71
2.21
-2.61
-6.6
-8.98
5.54
-3.11
1.71
-1.25
-0.03
-3.87
0.45
-3.45
1.36
-3.59
-3.88
-0.98
8.07
-3.57
0.6
-3.86
-1.27
-0.67
1.71
-8.05
-3.3
17
5.17
0.52
-2.76
-14.32
1.8
7.64
5.86
6.68
0.12
-2.08
2.06
-1.34
2.18
0.41
-1.04
1.82
7.15
5.35
-11.04
0.39
3.54
-8.99
6.12
-4.31
0.11
8.82
7.94
0.4
-1.15
-2.06
5.73
0.75
5.97
-0.21
-2.55
1.31
4.14
1.22
-1.59
3.02
3.78
-0.79
-0.12
-2.9
2.39
-10.11
-0.79
3.41
-0.25
3.6
3.14
1.5
-1.27
-9.69
4.75
1.22
1.58
2.14
-0.69
8.61
4.04
0.34
-1.31
-6.54
8.59
0.61
0.49
9.35
-7.97
2.52
3.09
-1.06
-0.77
3.38
-3.73
1.07
4.18
-0.74
0.5
1.67
-3.7
15.44
3.24
-2.03
1.65
3.48
-9.71
16.16
1.24
0.04
-0.24
9.05
-2.92
0.09
1.78
2.09
-9.61
6.41
-10.05
2.72
1.76
-7.89
5.09
-0.12
-0.6
-5.89
-4.56
-1.25
-1.53
-0.84
0.19
1.84
-3.2
-9.33
-0.9
11.85
-0.07
9.09
-0.04
-1.79
-8.86
4.92
-2.39
-4.95
3.38
3.64
-1.89
11.66
3.74
3.75
-1.5
-9.41
2.61
-2.95
14.15
-0.65
-6.68
-5.63
-0.37
-3.31
15.25
-1.7
-2.27
0.85
1.86
-8.08
6.2
-2.34
-2.15
-3.51
-2.55
2.93
14.16
-6.01
-1.82
0.82
-3.76
3.49
7.74
-2.92
6.44
-6.39
2.21
3
3.41
-6.61
3.96
5.11
10.31
-3.5
5.89
-5.55
-1.78
0.02
4.97
-1.1
11.28
-0.6
-4.53
-10.53
7.09
-0.77
11.7
-7.5
-3.15
-0.05
-2.79
-7.28
6
-1.06
2.4
1.66
-3.94
-10.55
12.18
-0.87
6.79
1.47
5.12
-7.81
-0.05
-1.45
3.28
0.85
6.09
-9.77
-0.6
9.91
0.69
7.03
-1.63
-14.02
1.91
8
-7.39
8
3.86
7.29
-2.42
5.22
-0.45
6.63
-10.5
1.1
-0.2
6.14
1.99
-0.24
-4.82
-1.49
1.04
-4.33
3.81
-14
-3.95
0.87
5.49
-1.96
5.73
2.67
-5.41
-1.1
2.32
5.4
11.82
8.07
-2.02
2.98
6.98
-0.3
-2.25
4.42
1.29
1.22
4.08
7.4
-4.11
-5.66
7.95
5.84
-3.87
10.62
2.47
-1.64
11.39
-8.52
-0.16
4.17
-10.73
-5.64
-8.67
-0.98
7.15
3.95
4.54
1.13
-2.04
-5.95
-3.44
-0.27
-3.91
-0.55
-0.66
-0.28
-1.48
5.76
-2.3
2.53
-7.16
-1.96
1.27
3.76
2.69
3.07
9.79
4.02
5.5
-4.91
-2.82
0.04
1.47
0.08
3.21
9.1
-10.84
-6.28
1.08
3.74
-2.9
3.53
0.82
7.7
2.99
1.77
-6.82
6.81
14.59
-2.62
1.8
-17.05
2.62
-9.89
8.37
0.86
-8.2
-0.53
1.44
-1.22
6.86
2.82
4.6
-4.29
10.56
4.24
5.62
-6
-7.48
6.08
9.68
6.3
9.39
-0.84
-2.14
4.72
7.24
-0.02
3.58
-4.48
-3.33
0.63
19.85
-6.04
4.03
1.85
3.32
-10.99
6.2
2.52
2.58
2.38
6.88
0.3
-0.42
1.27
3.37
2.97
2.16
0.59
-4.63
7.84
-0.66
1.75
-2.85
8.64
0.62
-3.93
2
1.06
-2.58
2.32
-1.13
4.83
-3.22
-0.4
-2.87
-7.76
7.5
-2.96
2.02
5.55
-7.51
-4.51
1.85
-0.78
5.44
5.98
-2.27
0.22
-6.38
9.66
-1.75
0.62
8.73
-2.31
-2.46
-0.13
5.64
2.96
-1.34
-4.05
-0.09
6.32
0.38
5.77
7
4.07
10
-1.35
-7.64
-5.1
5.42
3.09
-2.74
2.69
4.54
-0.36
11.53
1.38
7.49
10.7
1.34
0.39
3.78
-11.26
3.27
-1.62
-0.98
2.13
-0.04
6.15
2.91
3.33
0.68
8.77
2.1
3.07
-0.1
11.09
-1.18
-0.59
-6.05
-5.38
1.47
7.8
-4.11
6.55
0.33
-2.02
2.25
-2.29
3.88
4.27
4.88
-1
-4.3
-1.16
1.52
-3.24
1.6
3.04
1
2.97
-6.83
8.38
1.81
-6.64
3.19
5.56
-2.73
1.99
1.55
1.47
6.78
5.75
9.57
2.73
-2.8
-6.38
4.79
3.06
4.03
-7.56
-7.47
1.09
9.54
8.47
-5.37
19.99
7.72
4.35
1.28
9.08
1.9
2.36
4.27
-0.92
-5.13
3.03
7.56
0.8
4.07
3.05
5.07
6.9
3.3
9.56
0.99
1.48
13.18
6.47
3.7
13.12
-1.73
5.96
11.11
4.57
-0.59
4.31
12.82
2.5
6.05
9.23
10.89
5.93
0.82
-4.31
6.94
-3.48
-2.61
3.83
-4.06
-7.84
1.7
2.08
4.69
6.95
1.41
7.73
-4.8
5.64
10.52
5.13
-0.82
-10.21
0.94
0.32
3.44
1.36
-8.1
-1.53
-1.07
-3.02
1.23
-4.8
-1.72
-5.6
-6.16
0.33
2.52
6.99
1.81
-3.37
2.93
2.88
-2.28
-3.72
-1.9
-3.83
8.57
-4.45
5.98
4.27
5.93
2.22
7.49
-0.34
12.55
2.46
-4.61
1.62
14.61
1.11
-5.39
1.11
-3.92
-0.72
7.65
12.19
-1.39
3.14
4.69
-7.85
11.59
9.82
-3.31
-4.14
1.69
2.87
8.9
3.72
-3.29
1.5
6.46
-2.04
0.77
1.24
-3.82
7.02
-1.53
2.24
5.39
13.44
3.78
-1.98
3.29
-7.54
12.08
11.66
-1.91
9.8
0.37
-7.97
6.97
3.9
-9.51
8.05
0.69
12.3
8.84
7.36
6.34
8.01
-1.74
4.85
1.83
-2.63
7.22
-0.85
-3.86
-1
2.2
4.15
-5.94
-3.55
4.19
1.23
1.66
-0.87
-2.13
0.51
-3.04
0.11
-2.42
-3.2
5.38
10.06
-0.93
-1.21
8.29
5.06
4.12
1.3
-0.37
3.83
2.63
-4.1
-7.6
2.48
0.37
4.47
4.89
-2.12
-0.32
2.6
-7.56
4.14
19.89
-8.49
-4.91
5.91
-1.45
9.64
-12.51
-11.72
1.69
4.02
-5.02
-0.64
7.52
5.72
-10.45
1.4
-2.97
8.75
7.77
-2.63
-2.87
-2.86
-3.85
-2.39
0.72
1.37
1.87
3.68
-3.67
-3.34
5.72
-0.17
-4.28
-0.36
2.57
-3.18
6.28
3.27
7.02
-0.4
-2.82
-0.54
8.87
5.87
3.4
-2.8
-4.08
4.48
-1.73
0.61
-0.58
4.14
-0.7
-2.51
6.28
5.11
6.28
0.52
2.62
1.13
5.99
5.35
-4.42
-5
1.59
-3.88
-2.99
7.28
-0.97
8.5
-9.45
-3.82
4.39
8.9
1.91
-0.93
15.2
-5.86
1.83
3.86
4.77
2.74
6.11
-2.56
4.16
-3.02
5.44
-1.03
2.8
-0.6
-4.11
-2.17
2.3
-2.04
9.25
12.9
2.25
2.73
-2.96
1.51
-9.03
2.49
-8.66
-2.65
1.29
-0.2
-6.37
0.83
-2.33
6.9
6.03
-1.39
0.28
4.48
-9.23
-1.38
2.45
-4.75
-5.01
-0.72
-6.81
3.14
1.06
-3.42
-0.17
-3.3
-5.1
-0.66
-4.47
-8.3
11.78
-4.23
-6.17
10.2
1.18
4.9
2.89
7.56
7.04
6.42
-0.82
-0.39
2.24
-8.88
1.9
6.97
-4.36
1.96
1.65
4.71
-7.83
5
6.15
1.81
-3.24
0.59
-3.5
7.26
-5.94
3.75
0.3
4.62
1.89
12.89
0.41
-9.63
-10.78
-1.06
-6.98
3.32
-4.31
-1.29
-0.56
5.94
-2.38
3.79
5.77
-1.37
-5.49
6.07
7.52
2.78
-1.73
9.81
3.27
8.48
0.39
3.63
2.16
4
10.73
1.97
-4.72
-2.29
-0.12
1.82
2.65
1.43
-5.17
8.35
5.63
-3.78
1.38
2.53
0.65
-1.91
2.82
-6.46
0.35
1.02
-1.34
1.13
8.79
-0.76
10.3
-5.64
5.84
3.63
10.87
2.47
7.27
-4.22
4.41
1.92
5.66
-4.63
10.21
-1.72
8.77
5.45
-0.98
-3.85
4.68
4.1
13
-3.29
4.18
-6.06
-6.92
1.58
2.04
9.99
-8.74
-5.85
-1.88
4.83
-5.75
3.16
-0.27
-1.15
1.2
-2.24
6.62
2.34
1.28
-10.58
-6.38
2
-4.39
3.75
11.02
6.48
7.16
9.21
-8.37
0.99
8.29
-2.16
6.28
16.19
8.79
4.97
-8.84
4.34
1.77
6.69
0.62
-1.44
-7.75
5.77
-1.94
0.27
1.16
10.97
-0.52
9.19
-2.07
-0.34
5.18
10.74
-1.47
-10.27
-7.45
-4.44
1
7.27
-2.31
3.89
-2.09
2.33
6.52
-0.58
-2.81
-6.43
1.18
0.17
-0.61
0.09
-1.22
1.73
-0.32
-9.6
-2.81
3.3
-5.38
4.05
3.4
2.82
-1.84
4.24
1.37
4.78
6.05
1.03
7.19
4.96
-10.19
-3.74
1.41
0.67
18.18
11.81
-4.92
-9.96
4.31
2.16
13.23
8.92
-6.1
-13.14
7.84
2.74
0.11
3.51
-4.58
-7.99
3.76
-3.41
9.59
-0.36
0.25
-1.47
-2.11
-5.18
1.09
-4.05
-6.84
-2.26
-0.68
-0.88
4.3
-0.25
3.02
-3.3
-2.38
1.17
4.27
0.66
1.89
-6.21
-1.94
5.74
6.55
-0.32
1.33
-4.81
5.68
-1.07
9.62
-3.89
-2.45
-4.51
6.49
-5.21
17.69
-5.56
-1.25
-3.15
5.2
1.61
12.96
-0.47
3.16
-3.02
3.35
-2.81
15.87
-6.28
-3.42
0.44
-0.47
3.35
8.51
6.34
-7.85
7.11
-7.73
-6.97
6.87
2.23
3.3
5.16
-6.99
0.45
6.11
-15.08
1.2
-3.35
-8.33
-4.7
4.51
-2.91
-2.22
7.29
-4.19
3.95
5.67
4.73
2.66
7.3
-2.26
2.3
-9.58
7.55
-1.29
2.21
7.32
2.43
7.58
-1.9
-4.3
0.29
2.49
2.08
-2.62
0.02
-4.09
11.18
2.44
4.4
-7.26
11.15
6.4
4.02
-4.25
0.9
-6.29
6.97
6.79
5.54
-0.84
7.26
-3.02
2.88
2.82
-8.24
-4.09
2.95
6.94
7.93
3.83
-19.44
-3.19
7.02
16.97
1.83
-16.85
-4.21
-1.18
4.35
8.86
-2.12
-2.73
-3.46
-1.22
-0.3
6.22
0.47
0.24
-1.54
-10.39
1.73
-3.92
-3.18
-1.74
-0.34
-1.63
-3.39
-2.79
-3.89
-7.3
-1.72
-5.82
3.79
-12.07
-3.01
5.87
-4.01
-0.34
-4.98
-1.49
-3.2
-2.78
-6.64
3.99
8.81
3.18
2.63
-19.96
-2.1
3.4
-0.53
-3.47
2.1
9.22
9.02
-9.02
3.19
-3.55
1.49
-9.45
-3.33
-10.06
-4.59
-5.11
11.27
2.65
-0.19
-9.97
6.51
-3.66
-5.3
-1.93
3.11
-0.27
-1.8
2.33
0.83
0.86
-9.89
-10.55
-1.19
-2
-0.16
-7.68
-5.25
-4.58
2.32
3.55
7.23
3.22
0.96
1.7
-4.05
-0.88
3.23
-5.41
-0.22
4.58
6.25
1.38
0.5
1.92
-4.23
0.21
8.32
-5.65
-0.86
-10.22
-2.11
3.06
-5.99
-2.06
-1.82
-2.53
-4.95
-2.82
5.79
-0.67
-4.72
-0.23
-7.85
8.74
-0.45
-4.78
8.64
-11.57
-1.03
2.52
-14.17
-17.91
13.97
3.04
-18.2
0.67
-8.28
-2.29
1.13
-16.42
1.72
-7.42
8.86
-2.88
-11.55
-1.69
9.38
3.25
-3.96
-13.51
-5.3
-8.65
-9.82
9.58
-5.52
-1.85
1.1
4.71
2.3
11.83
1.7
0.57
3.31
-11.48
-2.23
1.55
-9.44
-2.83
-2.32
2.61
4.55
-8.66
6
-2.79
-1.65
0.33
9.82
-1.43
-1.1
-1.45
9.07
9.39
-3.29
4.64
-3.04
-3.04
10.01
0.09
-2.16
4.94
-3.76
-7.43
-3.21
-0.45
-1.58
4.63
-3.12
-6.9
12.35
-2.82
1.97
-7.88
-9.01
-8.7
6.71
-3.51
8.35
-5.68
2.46
-4.76
8.68
-9
-8.75
-6.1
0.09
-7.41
2.83
-4.33
0.74
7.52
0.62
-4.52
2.56
-3.91
0.44
4.47
0.99
-4.94
7.35
-2.57
-2.26
1.42
-0.65
-9.38
4.46
10.79
-3.83
-1.94
2.13
-4.59
0.17
2.01
-4.34
-0.39
-0.39
-6.81
-4.69
0.55
-7.12
-0.9
-1.02
-7.95
3.39
-5.98
7.3
3.98
-2.11
-2.1
10.14
0.7
-3.93
3.19
-2.51
-2.75
8.98
-2.76
2.25
1.53
3.15
-6.33
0.92
-2.02
1.58
-2.01
0.03
-4.02
4.17
1.35
-3.35
-5.65
-3.9
-3.74
-1.31
7.07
7.2
-6.36
-1.24
-6.98
0.5
1.82
2.34
2.52
5.14
-7.94
4.03
2.91
6.93
4.39
-2.68
-4.34
0.31
2.46
3.6
-1.55
-2.93
-4.03
0.2
-0.14
1.78
-4
-2.91
-5.11
2.36
-0.87
-0.01
0.02
-3.08
-10.93
4.84
1.33
9.84
-3.6
-1.37
3.77
-8.13
2.81
2.44
-3.44
-4.35
0.76
5.87
3.04
3.17
-11.07
-1.52
2.06
7.85
-0.21
4.09
-5.85
2.57
-0.12
-10.6
-0.01
4.4
-8.65
0.34
-0.44
2.54
0.72
5.76
5.46
2.7
-1.98
8.46
5.22
1.59
-4.71
-3.68
-10.23
-9.35
7.92
6.67
-9.51
-2.96
3.88
4.09
-1.58
-4.52
-3.2
-3.23
-3.31
1.68
-1.25
10.99
2.75
9.4
-8.45
3.61
5.91
-4.64
0.16
-0.31
2.19
2.4
-4.64
6.66
5.1
-1.37
-7.55
3.14
5.22
3.45
1.5
-5.31
-0.26
3.65
0.11
-4.36
-3.46
2.95
3.27
-1.79
14.51
2.33
-2.99
3.12
-6.68
-5.5
0.06
-0.95
-6.82
-0.57
1
-10.15
2.25
5.33
-0.34
5.71
-3.84
-2.82
2.62
-0.52
1.18
-0.13
-1.03
0.3
-4.19
8.09
-3.15
-4.19
2.61
-3.31
-5.07
4.58
-6.76
1.69
-1.1
3.9
-2.36
-0.97
-6.05
-6.3
4.2
12.78
-1.99
-5.85
-7.01
-4.71
-1.16
0.07
4.06
1.54
-2.12
-3.56
-3.32
1
-4.42
-3.82
3.18
2.5
-5.66
12.17
-1.05
3.72
-1.69
0.35
-5.27
6.32
-0.69
-1.05
-3.42
-4.11
3.35
-8.32
-1.1
-0.9
-1.8
3.45
0.11
0.79
1.63
10.71
-2.35
3.11
-3.54
6.17
1.43
8.01
1.63
3.6
0.96
0.53
2.97
1.44
-2.25
-0.88
-1.13
5.53
1.26
0.3
-4.01
4.77
-1.79
-2.78
1.61
-1.6
1.65
6.43
-5.43
0.55
-4.52
4.71
-2.42
6.65
-3.32
-5.58
-1.42
0.74
0.25
-3.14
-1.64
-2.66
-1.74
-2.49
-0.34
3.64
-2.77
3.67
0.65
0.92
-6.57
4.59
-5.39
-6.82
-4.15
-0.94
-6.12
-3.7
-7.44
11.38
8.92
1.77
0.58
-7.62
-7.81
12.95
0.68
5.73
-10.34
0.94
-9.52
3.53
-6.59
12.64
0.11
2.64
-6.85
-2.08
-3.47
-1.52
-6.88
1.5
-13.74
4.79
-5.5
4.89
5.91
0.4
1.14
0.42
-1.46
3.99
-3.33
-2.54
4.96
2.73
7.69
-1.25
-1.25
-8.56
-0.45
6.38
9.39
8.63
-11.42
-4.85
-2
-0.14
4.24
8.68
-6.84
-8.84
-11.12
-0.16
4.63
16.08
-8.31
0.49
3.76
11.11
-5.07
0.92
0.82
-0.23
-3.84
-3.58
-1.6
1.36
-0.38
-0.33
-3.24
-5.35
1.8
-5.58
-1.28
-10.2
-1.14
-7.24
-7.76
3.79
-4.39
-6.69
-8.59
-5.84
-1.59
3.47
8.56
8.33
-6.41
-8.8
-0.85
-0.97
1.66
6.54
-18.8
-4.39
7.3
-11.47
-5.72
-9.43
-6.63
7
1.67
2.65
-5.85
6.15
-3.32
-6.38
8.25
1
3.45
3.25
-8.48
4.33
2.55
11.49
-4.46
-3.96
-3.09
8.33
-0.23
7.77
-9.95
-16.31
-7.96
-2.09
1.14
6.74
-11.89
-7.08
-1.67
11.53
2.4
8.27
2.63
-5.03
3.85
11.99
-8.2
6.27
1.07
1.01
5.58
5.4
-6.91
2.91
3.83
-8.48
-0.91
6.9
-0.32
1.64
7.75
-7.68
-10.34
10.14
12.21
1.53
-5.6
3.71
3.68
5
-0.98
4.63
0.29
-5.58
-3.79
-6.35
-7.8
8.22
-0.08
-2.83
0.27
5.76
0.26
-0.45
-5.13
1.36
-1
6.03
-1.32
7.44
-2.46
-7.51
1.95
-5.75
0.37
5.92
-3.36
-1.25
1.54
-2.14
-0.91
-0.82
-0.18
-5.83
3.57
-3.75
0.59
-1.8
4.49
7.42
-4.83
-6.98
-2.71
-0.53
-3.68
4.14
-6.26
-7.88
-1.01
4.43
-3.06
2.67
-2.52
-3.01
-1.59
1.82
-8.96
1.03
3.21
13.86
7.2
1.32
1.01
7.15
5.99
9.88
2.66
-0.95
3.37
-0.81
-3.72
4.81
-8.7
-0.1
2.92
-5
-1.5
10.41
3.3
-1.91
-12.39
-0.42
-6.46
3.41
2.22
5.38
9.29
-1.14
-2.87
5.09
1.05
-7.65
-1.79
2.85
-5.47
2.5
6.58
4.35
1
-3.65
-12.24
0.1
-6.62
-10.12
2.34
-1.96
-9.05
0.78
5.05
-4.17
1.84
-1.17
-3.72
-2.92
4.15
-0.22
0.93
-5.97
-16.35
-1.76
5.32
7.26
-0.95
4.99
-5.29
-5.31
6.19
1.99
-1.21
3.9
1.29
0.72
-1.61
0.05
-2.78
-2.66
0.52
-3.3
1.37
2.5
-7.59
-11.97
2.4
-9.22
4.65
1.88
4.61
4.28
0.51
-2.4
5.73
-10.4
3.72
-3.6
1.05
7.69
7.53
0.78
-7.07
-8.2
1.25
2.02
-1.31
-6.4
-2.17
-1.24
-7.27
-0.23
2.2
-5.91
6.27
-6.98
1.41
-2.68
8.11
1.18
3.06
-0.68
3.12
-7.11
2
13.92
3.6
-6.4
5.59
4.35
22.21
1.64
5.21
-1.52
-2.01
5.19
4.58
10.87
2.71
6.23
5.53
-2.79
8.88
-0.21
-0.81
-0.68
3.42
1.13
3.91
5.74
-2.27
3.05
-1.59
1.87
4.38
5.66
-2.09
5.73
-1.86
9.83
-2.83
12.43
-2.79
1.34
-8.11
3.51
-0.58
8.97
2.27
5.88
-19.92
-1.49
4.35
5.43
-7.46
-3.44
-7.7
-0.34
-2.43
0.99
1.07
4.93
-6.73
4.84
-4.62
1.59
-9.47
-0.7
-0.15
-0.32
1.21
2.43
-3.25
4.69
-12.97
2.64
7.11
3.01
2.51
7.79
-9.69
13.35
6.16
12.99
1.3
4.58
-11.98
9.13
2.22
3.08
-7.67
2.45
-3.09
-0.05
-1.87
6.59
6.15
4.4
-6.48
0.27
8.63
5.39
5.78
5
-0.1
1.3
5.64
4.4
3.65
-3.74
0.86
-1.72
4.01
5.48
2.82
1.23
-1.91
-0.65
-1.09
3.45
-3.52
13.89
0.62
9.68
-1.01
7.71
-7.34
11.5
-6.06
8.34
-0.36
5.81
0.26
5.03
-6.83
9.7
2.37
5.9
-5.26
-3.23
-1.45
8.91
5.13
2.36
-3.91
1.95
-1.55
-1.58
4.3
8.39
-7.63
-2.22
-6.43
1.29
1.18
2.64
3.92
2.06
-2.32
2.76
-1.76
7.9
-9.64
-0.36
0.35
14.03
1.76
5.37
-3.03
0.15
2.01
12.46
-0.27
0.88
2.64
1.97
-4.88
8.07
4.05
4.68
-1.13
-3.16
-10.57
12.2
0.49
-0.28
4.82
4.55
-0.66
9.04
-0.42
0.94
-12.75
0.17
-4.4
9.28
3.56
8.09
-6.36
1.18
-1.87
2.35
0.1
-1.78
-6.68
-0.88
0.4
4.79
1.04
1.45
-16.63
3.76
-1.54
2.46
0.15
0.57
5.16
-10
-5.49
6.76
2.6
-1.26
3.33
-6.91
4.64
0.66
13.32
2.02
4.9
0.83
-2.61
4.36
1.42
-9.62
-1.91
1.59
2.25
-2.53
5.29
-4.79
5.15
-1.9
-5.42
7.87
4.69
-2.71
-0.79
-0.48
-4.22
0.01
-0.48
0.07
-5.57
-0.49
-1.88
-1.54
7.6
-0.62
-9.74
-6.29
-9.55
0.51
0.71
-4.71
-0.56
1.99
8.08
-2.52
5.69
0.35
-3.82
3.51
-4.84
-0.75
-1.23
-5.76
-2.05
-3.36
-3.26
-4.5
-3.33
3.93
-2.76
0.31
-9.34
-3.61
-6.02
8.86
-3.34
7.04
-1
1.33
4.94
0.2
-12.73
3.03
-9.51
-3.53
0.11
-2.71
6.54
-0.83
-3.44
1.85
1.57
-0.21
0.64
-4.77
2.06
-4
-3.06
1.3
-5.58
-1.96
-4.92
-3.84
4.14
-1.05
3.84
1.48
0.12
7.35
2.66
0.73
-0.73
1.45
-8.5
7.86
-0.23
5.84
5.66
2.25
0.23
3.23
-12.02
5.76
3.67
4.04
1.88
-1.73
5.18
2.26
-0.65
-2.13
-2
-2.11
13.06
6.62
-2.32
5.54
-6.38
4.42
-1.66
6.92
-2.48
-3.79
2.38
7
8.14
0.23
3.54
-1.47
2.94
5.33
5.58
3.09
-0.91
2
1.36
6.65
11.63
7.29
-2.13
2.5
0.38
1.34
13.79
5.67
7.24
1.92
4.98
-2.55
7.06
8.44
8.15
0.49
9.92
-2.49
2.19
3.87
2.22
6.41
0.86
-5.61
10.26
1.6
11.46
5.55
3.27
17.42
2.24
5.1
4.89
2.65
-4.54
3.13
-1.05
0.96
8.7
-3.82
-4.56
-2.37
3.13
-2.87
-0.24
1.34
-5.83
-14.01
13.14
-0.05
-0.61
-4.14
-4.45
-9.75
4.28
-0.82
2.29
-13.49
7.95
-1.97
5.28
6.98
2.03
4.47
1.17
2.92
4.87
1.03
-10.89
-1.75
0.19
5.12
2
4.68
-6.25
2.65
3.54
-1.62
-2.65
6.34
-1.5
4.8
-2.56
5.97
-1.86
10.35
7.85
5.14
-0.9
5.97
3.38
9.55
5.72
12
-0.15
6.48
-2.23
-8.96
3.08
4.09
0.36
6.59
1.98
-3.72
-10.55
-2.37
-2.18
4.78
4.69
-0.55
-13.89
-5.61
5.75
-1.66
0.7
-3.9
3.03
-0.07
-0.99
3.94
5.8
1.89
4.04
6.7
6.87
-0.98
-4.59
3.01
2.42
-1.83
11.17
0.44
6.46
-1.99
-4.37
-0.72
-1.33
4.33
-5.18
-1.26
3.11
-4.35
-3.51
-9.19
-1.72
3.93
1.11
-10.18
-3.05
-1.52
0.35
-2.07
3.51
1
-3.58
0.11
9.66
-0.99
0.26
0.21
-7.01
-0.09
5.33
1.01
-1.27
-0.21
-0.54
-6.57
4.24
1.96
7.61
0.52
2.16
-4.6
9.8
4.36
-0.99
-2.87
5.23
-2.19
8.23
-2.01
-2.4
7.49
8.09
3.9
7.35
-4.96
5.13
4.39
4.04
2.03
1.32
-5.77
0.99
4.95
-4.4
0.78
-0.65
2.73
3.35
-7.08
5.17
2.39
-2.33
4.06
3.55
3.85
5.21
-4.55
3.7
-3.04
5.2
-0.44
5.17
7.21
9.64
1.56
2.92
-2.86
-1.47
-5.43
7.4
-3.29
4.05
-7.04
3.82
-0.02
6.11
-6.34
-1.25
-0.6
-11.74
-2.13
-7.52
-4.48
3.94
-2.71
3.26
-7.59
-5.32
4.38
-6.31
1.09
6.62
-5.48
6.15
1.87
2.59
0.84
3.29
-3.87
9.83
-1.24
1.04
1.63
9.53
0.15
-1.57
-6.29
7.1
7.74
3.58
2.4
6.26
4.37
4.34
6.37
-8.22
8.39
-2.15
-0.36
-8.26
-5.15
4.61
-8.06
3.94
-0.9
0.83
-11.62
7.08
-1.52
-3.4
-0.71
-5.26
-2.13
4.8
-4.89
-4.2
-4.04
-10.3
4.02
-0.09
0.9
5.92
5.02
-3.5
6.65
0.58
-6.2
-4.24
-2.55
-0.42
3.28
-3.47
3.91
0.3
-5.69
-2.18
-5.04
0.62
7.51
6.66
-6.76
4.08
2.9
-5.41
8.75
-4.68
1.34
-4.73
1.29
-8.46
-2.2
-5.91
-6.71
-0.29
6.53
-4.31
-7.28
0.91
-7.2
-2.76
0.69
-11.89
0.66
8.35
-1.82
-0.93
5.12
0.47
-3.47
-2.03
-2.56
-6.33
5.16
4.56
5.52
2.07
-1.2
-4.12
0.22
-4.48
0.27
2.07
-0.8
8.33
-2.19
6.26
13.19
-2.28
-8.98
-1.61
-0.68
0.94
-3
-6.53
2.36
-4.91
-2.19
-9.46
-10.2
-4.61
-6.94
-0.83
5.87
-9.26
-0.94
1.16
-4.62
-8.36
-5.73
-4.71
5.18
-0.5
-0.39
-11.22
-1.98
-7.89
-5.03
3.97
-7.07
0.58
4.8
0.9
-2.6
-8.89
-7.07
-0.68
-1.82
-0.91
4.56
-1.39
0.99
2.41
0.82
-0.77
9.59
-13.75
-3.41
6.4
-3.82
-2.69
0.4
2.61
-0.07
0.93
8.2
-3.82
5.65
-10.96
-3.8
1.43
-6.67
-6.09
3.23
-2.82
-1.24
-8.45
-2.29
4.77
-4.14
-7.2
5.28
-1.75
-0.49
0.06
-1.52
4.26
-2.09
0.71
3.66
-0.79
-4.26
-8.08
1.9
1.81
-3.98
2.57
-0.72
-0.3
0.69
2.91
-2.21
-5.03
1.3
6.91
2.98
3.68
-3.11
-5.85
2.06
4.45
-7.42
3.76
2.9
-7.16
-3.55
4.68
-7.92
-1.85
1.43
-9.55
-1.41
4.34
-2.77
-0.72
-4.7
-0.17
2.98
-8.3
-2.32
-1.9
4.27
-4.42
3.37
-6.07
5.97
2.13
0.55
6.98
5.32
-9.72
4.78
-2.91
-6.81
6.46
1.4
6.04
-3.58
6.52
-2.7
-4.62
-0.11
-2.04
3.16
2.6
-1.16
4.18
8.19
-4.02
5.88
0.39
-0.82
-4.11
3.5
2.35
-0.68
3.94
3.4
-0.45
2.71
10.58
5.55
0.59
3.56
4.62
1.86
-2.5
0.99
-0.05
-6.77
-0.46
7.28
3.49
3.83
3.12
3.01
-2.62
3.92
-3.9
-0.62
-7.31
-7.41
-1.68
-3.21
-4.24
-6.72
1.52
-3.34
-9.9
-2.12
-9.94
-5.49
5.4
5.21
-7.83
1.51
-3.49
-1.14
2.72
-0.56
-5.32
-3.09
1.56
-2.01
5.8
-5.01
3.3
-5.36
6.07
2.81
1.07
5.5
2.78
3.94
-10.22
7.46
1
-5.18
-3.69
9.28
-12.91
3.42
8.07
3.37
2.63
3.94
6.08
-6.55
4.18
-8.01
-4.2
-4.19
-8.1
1.39
14.91
-7.58
2.35
-0.83
2.74
-1.22
2.84
-6.06
-8.07
3.99
6.06
-6.84
3.79
-0.34
-3.3
0.19
1.76
0.18
10.79
4.78
-5.35
1.83
11.67
-0.06
8.36
-3.72
0.6
5.14
0.97
-3.01
7.64
3.69
2.29
1.85
7.35
1.79
-1.94
-9.8
2.95
7.04
0.35
-4.76
6.03
7.26
-13.84
0.07
-3.44
-0.36
7.94
0.41
0.39
4.43
-10.14
2.2
12.39
-5.6
10.26
5.48
-5.98
4.57
6.51
-2.34
-6.69
3.18
-0.13
-2.46
7.8
4.32
-17.2
6.56
2.41
-4.99
2.07
-2.13
-4.25
6.13
5.63
-3.52
5.22
-3.96
-9.69
2.65
-3.19
-6.92
4.42
-0.48
-6.16
1.27
-0.8
-6.01
-9.15
4.09
3
1.71
-0.42
-5.69
0.12
-6.21
-9.71
-1.75
-5.47
-4.9
3.28
4.04
-10.06
0.55
-7.6
-9.1
-12.85
-3.4
-7.78
0.52
0.55
-7.35
0.17
2.93
-4.73
-2.3
7.27
-4.89
-1.76
-9.63
-1.83
-0.82
-3.32
-5.39
-2.68
5.07
-15.83
2.78
2.27
-7.44
1.46
1.48
-6.36
1.84
-8.14
-7.2
4.49
4.25
-2.09
-0.83
3.41
-13.15
-0.77
4.78
-8.09
2.33
10.07
-4.13
-2.05
-0.72
-7.6
4.34
5.93
-5.85
6.28
-0.25
-5.39
-1.35
-1.73
-3.25
-1.1
1.92
-5.71
6.63
5.6
3.18
-6.35
13.07
-8.49
8.63
-2.98
-3.23
-3.61
-8.07
-9.25
4.59
4.02
0.15
3.05
-7.21
-5.8
4.17
-3.33
-8.85
-2.28
-0.89
-8.24
-1.3
-4.9
-4.29
5.12
-5.74
-4.03
-6.18
6.27
-13.26
-2.44
-4.16
-7.91
2.07
-4.45
-4.31
2.88
-3.92
-7.15
9.79
-2.57
-2.37
0.53
-4.99
-2.99
-0.57
-1.08
3.64
1.94
-8.85
1.22
0.63
0.57
1.42
10.44
-9.9
-2.35
5.37
1.61
1.29
6.82
-6.26
-4.62
4.02
-2.19
-3.03
2.79
-2.34
-12.04
6.34
-0.1
2.98
-5
6.84
-4.56
5.66
6.6
-1.23
3
-4.84
1.76
4.13
-3.92
-8.43
6.2
-5.06
5.51
3.07
9.72
0.18
10.89
0.52
-3.74
3.56
4.13
-8.4
9.52
-2.43
-4.17
-4.69
-0.92
1.42
1.68
-6.19
-3.02
-3.07
-0.88
-1.74
5.1
-4.9
3.51
-7.6
-0.7
-3.35
-1.3
-1.6
-7.24
2.33
-0.31
-0.44
-2.71
6.52
0.84
-6.91
6.85
-6.86
-1.09
4.16
-3.2
-6.45
-2.96
2.74
-10.77
5.18
2.31
-22.29
16.75
-7.39
4.27
-11.1
-4.35
-0.23
0.09
-1.1
-3.99
-3.38
-11.32
-3.61
-0.58
-5.11
1.75
3.44
-2.01
-7.79
-3.69
-9.07
-10.91
5.38
-12.32
6.44
8.29
-3.33
2.9
3.32
-7
0.48
8.51
4.56
-0.57
1.13
-9.07
-0.17
0.95
0.39
3.33
1.83
0.35
8.03
6.08
-8.99
3.88
9.7
3.48
4.95
11.67
0.57
-1.39
4.27
4.09
-12.15
4.4
1.37
-0.72
-0.61
-4.48
-6.81
-0.67
-2.59
-3.24
3.58
-7.86
-0.01
3.68
-5.16
-4.66
-3.57
3.1
1.38
2.66
-3.28
0.54
-3.61
-6.28
-3.67
-13.43
-4.12
-5.85
6.94
-2.29
-2.01
8.06
-8.62
-3.92
6.61
-0.34
-6.74
-2.38
0.46
6.28
2.3
-3.74
-4.68
6.78
-4.45
-5.3
-0.29
-0.24
3.53
-4.65
-11.11
6.01
-5.03
0.38
1.39
3.39
-10.19
8.22
1.6
-1.08
-2.71
6.72
-0.19
1.44
-1.38
-11.27
5.05
-1.02
1.21
-9.82
0.11
-0.08
-3.45
-0.43
-5.3
2.52
5.8
-1.5
5.44
-6.03
6.33
5.61
-2.89
-3.34
-1.97
3.12
-4.38
2.9
3.72
-6.72
-0.9
0.08
-2.18
3.51
0.57
-4.1
3
-0.53
8.83
3.36
-0.71
3.54
0.77
5.74
4.72
3.33
3.97
4.15
7.37
-3.92
-1.71
4.86
2.88
-2.82
4.46
8.16
4.69
6.39
6.81
2.47
-1.06
-2.23
-0.9
-0.1
1.79
-1.89
3.74
3.67
4.35
-2.09
-8.19
0.51
-4.13
-5.28
-1.91
-1.08
-0.12
-5.13
1.79
1.68
-8.87
4.39
3.37
-6.28
3.4
0.73
-4.51
2.71
0.72
0.29
0.52
-8.05
-9.92
-0.77
-13.96
-10.37
3.89
-0.61
-3.01
1.85
-4.79
-8.69
3.53
-0.89
0.55
2.38
1.47
5.14
-1.87
-1.83
-4.42
5.24
-1.65
3.2
1.59
5.32
-10.96
7.28
0.65
-4.43
-0.17
-0.37
3.65
-2.5
-2.35
0.77
7.61
-2.8
-4.16
-6.26
1.23
-7
-1.01
-0.93
-1.91
-5.03
-1.79
-7.83
0.74
-2.06
-8.57
-2.3
1.66
-2.3
-3.47
2.49
-10.34
8.09
7.93
-6.27
0.46
0.86
0.32
-2.08
-13.69
1.04
1.34
1.55
2.69
1.92
-3.28
5.19
1.36
15.67
-7.78
2.46
4.78
4.31
-2.15
4.31
-1.88
-0.68
0.19
-0.41
0.39
-5.36
-6.19
-0.65
-5.04
-4.52
4.37
-2.14
-4.74
7
2.04
0.1
4.68
-3.7
-6.6
-1.33
7.59
1.65
7.67
-5.01
-5.77
2.1
2
-3.09
-8.1
-2.31
-1.99
-11.53
5.68
-7.66
-6.72
-3.73
0.9
0.76
-2.2
-5.98
5.17
0.22
-9.02
-0.57
1.98
0.17
5.77
2.03
-2.84
4.68
4.5
-7.32
11.53
3.38
5.31
2.17
-7.94
3.64
5.36
-4.53
5.95
9.94
10.87
5.35
4.7
-0.49
6.61
2.13
2.94
-10.22
0.34
1.05
-1.24
-4.16
2.91
-8.54
3.05
-2.97
-8.29
-5.65
4.94
-12.48
-7.12
-4.57
-1.64
-3.79
-8.07
-3.97
-4.74
-2.32
-4.67
4.02
-1.14
-4.4
2.12
0.11
-14.02
-8.05
3.2
-0.28
-10.37
7.4
-0.07
-7.21
-1.85
0.75
2.66
-1.15
1.66
-4.47
5.37
-2.81
7.95
-3.82
-5.64
-0.57
4.64
-11.29
-3.25
0.12
2.62
-5.42
-1.91
-2.12
-7.64
3.44
0.89
3.6
-7.61
-6.9
-1.22
1.2
0.05
0.59
1.53
1.79
-0.12
-0.65
2.54
-11.2
1.7
-0.07
-2.64
-1.71
-2.65
2.73
-12.05
-3.47
-11.06
2.77
3.21
0.64
0.81
6.3
-6.52
5.34
10.06
-3.76
-6.59
0.5
-2.77
2.39
-5.15
-1.92
5.24
4.65
-3.12
1.98
4.53
0.19
-1.31
3.63
3.38
-2.18
3.89
7.18
-10.14
0.19
1.61
-3.53
-0.28
0.95
5.48
-1.39
9.58
0.52
-1.24
-1.72
8.22
5.07
-3.84
0.94
-4.05
-2.33
-3.11
-7.12
-16.47
-0.13
-1.26
-1.41
-12.39
-4.92
-6.2
8.38
-3.04
0.53
3.91
0.43
0.51
-2.11
-6.57
0.31
-3.89
-3.34
2.29
10.35
0.99
4.85
-3.97
-3.08
-1.46
-8.54
-1.66
-3.36
5.35
-8.48
-4.62
1.73
-1.81
1.63
-0.55
-5.29
1.65
3.43
3.83
1.6
4.8
-4.57
9.48
-17.33
-0.56
-1.13
-8.47
-0.19
3.27
-8.34
-7.14
-5.73
0.63
-4.14
-13.09
3.28
-6.08
-5.94
4.56
-2.38
-1.27
1.36
-13.13
7.26
-10.6
-6.89
-0.4
-9.8
