2.7680
2.7562
2.8092
2.7459
2.8091
2.9837
2.7514
2.7676
2.7717
2.7597
2.7518
2.7327
2.7646
2.7885
2.7751
2.7478
2.7873
2.8587
2.7409
2.7901
2.7826
2.7521
2.7720
2.8714
2.7578
2.7708
2.7551
2.7445
2.7347
2.7575
2.7699
2.7539
2.7618
2.7480
2.8527
2.8478
2.7773
2.7785
2.7565
2.7598
2.8941
2.7603
2.7867
2.7740
2.7574
2.7429
2.7064
2.9864
2.7572
2.7514
2.7371
2.7470
2.7424
2.8364
2.7734
2.7956
2.7941
2.7581
2.7487
2.7833
2.7888
2.7465
2.7658
2.7766
2.7128
2.7101
2.7379
2.7704
2.7786
2.7485
2.7396
2.7168
2.7451
2.8226
2.8994
2.7624
2.7472
2.7333
2.7448
2.9090
2.7600
2.7494
2.7482
2.7335
2.7458
2.7349
2.7644
2.7460
2.7553
2.7122
2.7705
2.7966
2.7587
2.7573
2.7851
2.6996
2.7628
2.7583
2.7635
2.7619
2.7459
2.8368
2.7688
2.7836
2.7482
2.7458
2.7477
2.7322
2.7473
2.7452
2.7540
2.7749
2.8236
2.7477
2.7414
2.7189
2.7610
2.7642
2.8538
2.7533
2.7712
2.8086
2.7481
2.7815
2.7611
2.7670
2.7720
2.7501
2.7758
2.7494
2.7288
2.7573
2.7668
2.7194
2.7414
2.8549
2.7563
2.7319
2.7608
2.8236
2.7666
2.7175
2.7378
2.6927
2.7733
2.7105
2.7661
2.7415
2.7359
2.7374
2.7645
2.7370
2.7272
2.8168
2.7530
2.7385
2.7812
2.7692
2.7318
2.7396
2.7405
2.7477
2.7401
2.7746
2.7626
2.7615
2.7554
2.7336
2.7387
2.7710
2.7892
2.7159
2.7349
2.7746
2.7796
2.7735
2.7346
2.7439
2.7366
2.7758
2.7044
2.7671
2.7560
2.7394
2.7514
2.7580
2.7762
2.7635
2.7682
2.7416
2.7362
2.7564
2.7547
2.7728
2.7422
2.7487
2.7740
2.7375
2.7373
2.7672
2.8057
2.7379
2.7524
2.7384
2.7316
2.7705
2.7531
2.7414
2.7313
2.7372
2.7347
2.7769
2.7489
2.7487
2.7383
2.7417
2.8069
2.7686
2.7343
2.7528
2.7455
2.7440
2.7345
2.7640
2.7885
2.7655
2.7467
2.7552
2.7336
2.7608
2.7867
2.7556
2.7653
2.7510
2.6948
2.7729
2.7586
2.7523
2.7830
2.7496
2.7315
2.7753
2.7290
2.7553
2.7609
2.7334
2.7645
2.7566
2.7933
2.7396
2.7407
2.7444
2.7277
2.8003
2.7761
2.7480
2.7437
2.7508
2.7766
2.7601
2.8084
2.7502
2.7447
2.7556
2.7400
2.7459
2.7165
2.7501
2.7465
2.7513
2.8185
2.7546
2.7747
2.7441
2.7635
2.7506
2.7381
2.7512
2.7259
2.7816
2.7671
2.7352
2.7363
2.7563
2.8208
2.7606
2.7718
2.7416
2.7921
2.7630
2.7583
2.7441
2.7637
2.7402
2.7425
2.7638
2.7557
2.7573
2.7740
2.7600
2.7559
2.7688
2.7601
2.7793
2.7716
2.7457
2.7278
2.7750
2.8420
2.7480
2.7631
2.7472
2.7652
2.7711
2.7330
2.7438
2.7659
2.7374
2.6946
2.7701
2.7351
2.7513
2.7621
2.7425
2.7676
2.7758
2.7508
2.7504
2.7670
2.7624
2.7602
2.7616
2.7390
2.7644
2.7754
2.7611
2.7080
2.7694
2.7271
2.7598
2.7658
2.7526
2.8211
2.7745
2.7524
2.7630
2.7645
2.7445
2.7378
2.7676
2.7749
2.7493
2.7698
2.7415
2.7904
2.7729
2.7608
2.7574
2.7777
2.7416
2.7357
2.7738
2.7943
2.7579
2.7725
2.7411
2.7524
2.7533
2.7541
2.7641
2.7547
2.7319
2.7140
2.7506
2.7685
2.7810
2.7786
2.7536
2.7342
2.7599
2.7643
2.7715
2.7646
2.7485
2.7804
2.7482
2.7650
2.7597
2.7468
2.7475
2.7278
2.7522
2.7476
2.7958
2.7613
2.7406
2.7689
2.7977
2.7564
2.7641
2.7486
2.7342
2.7353
2.7549
2.7696
2.7770
2.7591
2.7625
2.8291
2.7684
2.7441
2.7712
2.7508
2.7596
2.7397
2.7685
2.7503
2.8048
2.7609
2.7532
2.7477
2.7674
2.7280
2.7361
2.7457
2.7441
2.7517
2.7675
2.7738
2.7401
2.7391
2.7334
2.7256
2.7612
2.7564
2.7519
2.7503
2.7597
2.7616
2.7653
2.7449
2.7536
2.7489
2.7565
2.7264
2.7657
2.7691
2.7512
2.7644
2.7351
2.7432
2.7641
2.7828
2.7697
2.7424
2.7357
2.7627
2.7717
2.7555
2.7737
2.7393
2.7354
2.7669
2.7630
2.7656
2.7759
2.7629
2.7450
2.7482
2.7500
2.7627
2.7649
2.7694
2.7519
2.7834
2.7608
2.7936
2.7717
2.7643
2.7547
2.7472
2.7530
2.7385
2.7723
2.7647
2.7476
2.8164
2.7674
2.7835
2.7586
2.7720
2.7366
2.8270
2.7434
2.7504
2.7747
2.7501
2.7554
2.7221
2.7421
2.7646
2.7610
2.7665
2.7538
2.7662
2.8018
2.7406
2.7772
2.7882
2.7413
2.7610
2.8088
2.8049
2.7908
2.7653
2.7308
2.7488
2.7984
2.7429
2.7697
2.7422
2.7399
2.7647
2.8107
2.7565
2.7625
2.7652
2.7444
2.7891
2.7696
2.7707
2.7579
2.7663
2.7447
2.7261
2.7678
2.7672
2.7759
2.7582
2.7605
2.8114
2.7683
2.7811
2.7561
2.7551
2.7483
2.7613
2.7673
2.7770
2.7639
2.7975
2.7397
2.7354
2.8157
2.8345
2.7552
2.9530
2.7391
2.7326
2.8174
2.7381
2.7523
2.7247
2.7475
2.7594
2.8139
2.7873
2.7546
2.9248
2.7710
2.7261
2.8193
2.7310
2.7509
2.8432
2.7269
2.7186
2.7609
2.8283
2.7548
2.7612
2.7444
2.7290
2.7456
2.7555
2.7606
2.7517
2.7449
2.7661
2.7465
2.7702
2.7536
2.7612
2.7461
2.7578
2.7514
2.7507
2.7626
2.7521
2.7312
2.7967
2.7635
2.7633
2.7475
2.7621
2.7388
2.7540
2.7715
2.7512
2.7362
2.7743
2.7566
2.7978
2.7572
2.7815
2.7367
2.7602
2.7450
2.7740
2.7647
2.7762
2.7157
2.7612
2.7628
2.7199
2.7641
2.7573
2.7264
2.7319
2.7420
2.7454
2.7582
2.7282
2.7555
2.7399
2.7314
2.7572
2.7629
2.7507
2.7470
2.7308
2.7421
2.7751
2.7548
2.7632
2.7470
2.7515
2.7637
2.7605
2.7411
2.7605
2.8769
2.7349
2.7818
2.7342
2.3524
2.7543
2.7909
2.7400
2.7471
2.7683
2.7347
2.7353
2.9001
2.8492
2.7347
2.7588
2.3127
2.7708
2.7849
2.9576
2.7427
2.7472
2.7759
2.8009
2.7258
2.8112
2.7550
2.7493
2.7636
2.7497
2.9156
2.9306
2.7804
2.7457
2.3450
2.7746
2.7552
2.8065
2.7399
2.7431
2.3420
2.7337
2.7705
2.8153
2.7342
2.7544
2.3269
2.7502
2.7738
2.8078
2.7454
2.7474
2.7755
2.7982
2.7674
2.8163
2.7347
2.7495
2.3535
2.7327
2.7456
2.8111
2.7796
2.7475
2.3452
2.7474
2.7591
2.8184
2.7780
2.7571
2.7654
2.7597
2.7239
2.8077
2.7563
2.7440
2.7511
2.7835
2.7404
2.8154
2.7448
2.7553
2.7249
2.7655
2.7578
2.7440
2.7489
2.7699
2.7651
2.7515
2.7509
2.7416
2.7583
2.7823
2.7545
2.7460
2.7480
2.7547
2.7417
2.7515
2.7489
2.7395
2.7535
2.7564
2.7605
2.7439
2.7343
2.7247
2.7426
2.7539
2.7696
2.7406
2.7401
2.7757
2.7588
2.7642
2.7488
2.7678
2.7460
2.7534
2.7558
2.7442
2.7583
2.7512
2.7469
2.7475
2.7194
2.7098
2.7611
2.7463
2.7560
2.7375
2.6980
2.7738
2.7383
2.7544
2.7710
2.8202
2.7916
2.7460
2.7463
2.7577
2.6996
2.7316
2.7446
2.7421
2.7528
2.6823
2.7230
2.7579
2.7584
2.7218
2.9440
2.7579
2.7439
2.7552
2.6886
2.7143
2.7756
2.7469
2.7504
2.7272
2.7134
2.7351
2.7540
2.7452
2.7526
2.7588
2.7927
2.7111
2.7489
2.7224
2.7547
2.7357
2.7364
2.7697
2.6901
2.7756
2.7850
2.8001
2.7700
2.7234
2.7345
2.7450
2.7493
2.7689
2.7527
2.7551
2.7774
2.8320
2.7695
2.7298
2.8176
2.7491
2.8228
2.7717
2.8396
2.7589
2.7443
2.9027
2.7530
2.7122
2.7729
2.8052
2.8031
2.7520
2.7811
2.7732
2.7638
2.9086
2.7677
2.7455
2.7620
2.7446
2.7872
2.7819
2.8391
2.8043
2.7615
2.7664
2.7669
2.7046
2.7520
2.7353
2.7661
2.7468
2.7645
2.7504
2.8219
2.8075
2.7685
2.7516
2.7795
2.7547
2.7571
2.7637
2.7535
2.7489
2.8501
2.7856
2.7415
2.7488
2.8069
2.8079
2.7501
2.7537
2.7391
2.7367
2.7807
2.7596
2.7388
2.7526
2.7863
2.7595
2.7495
2.7419
2.7597
2.8041
2.7861
2.7962
2.7454
2.7508
2.7716
2.7762
2.8150
2.7603
2.7597
2.7490
2.7630
2.7793
2.7562
2.7677
2.7557
2.7748
2.7653
2.7541
2.7590
2.7438
2.7791
2.8027
2.7667
2.7680
2.7760
2.7860
2.7620
2.7628
2.7490
2.7933
2.7465
2.7970
2.7649
2.7432
2.7813
2.7824
2.7807
2.7675
2.7502
2.8387
2.7535
2.7642
2.7656
2.7550
2.7734
2.7432
2.7633
2.7637
2.7480
2.7827
2.7772
2.7640
2.7669
2.7167
2.7364
2.7477
2.7514
2.7660
2.7086
2.7849
2.7465
2.7670
2.7606
2.7421
2.7713
2.7732
2.7863
2.7546
2.7516
2.7942
2.7716
2.7697
2.7707
2.7495
2.7394
2.7690
2.7759
2.7655
2.7609
2.7506
2.7495
2.8033
2.7509
2.7531
2.7817
2.7537
2.7639
2.7738
2.7472
2.8013
2.7530
2.7791
2.7681
2.7425
2.7948
2.7498
2.7488
2.7433
2.7937
2.7989
2.7705
2.7964
2.7526
2.7741
2.7747
2.7224
2.7496
2.8231
2.7647
2.7853
2.7299
2.7857
2.7410
2.7379
2.7638
2.8036
2.7344
2.7485
2.7805
2.7654
2.7330
2.7367
2.8196
2.7919
2.7299
2.7955
2.7475
2.7632
2.7493
2.7488
2.8183
2.7570
2.7312
2.8343
2.7596
2.8143
2.7407
2.8066
2.7626
2.8121
2.7329
2.7347
2.7732
2.7723
2.7525
2.7351
2.7472
2.8456
2.7325
2.7776
2.7588
2.7655
2.7373
2.7697
2.7489
2.8065
2.7345
2.8012
2.7758
2.7568
2.7848
2.7919
2.7405
2.8012
2.7805
2.7336
2.7541
2.7632
2.7473
2.7743
2.7618
2.7357
2.7683
2.8119
2.7547
2.8006
2.7419
2.8044
2.7401
2.7789
2.7533
2.7563
2.7581
2.7322
2.7614
2.7731
2.7678
2.7575
2.7659
2.7884
2.7682
2.7614
2.7500
2.7674
2.7446
2.8164
2.7405
2.7308
2.7471
2.7870
2.7584
2.7600
2.7605
2.8937
2.8135
2.7575
2.8048
2.7403
2.8135
2.7492
2.8039
2.8243
2.7584
2.7703
2.7613
2.7678
2.7541
2.7430
2.7687
2.7679
2.7485
2.7761
2.7521
2.7616
2.7543
2.7685
2.7583
2.7403
2.7589
2.7577
2.7579
2.7804
2.7666
2.7661
2.7565
2.7451
2.7510
2.7869
2.7905
2.7478
2.7838
2.8032
2.7817
2.8434
2.7272
2.7552
2.7479
2.7550
2.7325
2.7654
2.7093
2.7523
2.7101
2.8483
2.7101
2.7795
2.8420
2.7437
2.8029
2.7474
2.8413
2.7373
2.7668
2.7655
2.7884
2.7430
2.7674
2.7819
2.9433
2.7604
2.7657
2.8005
2.7648
2.7788
2.7400
2.7526
2.7806
2.7707
2.7764
2.7988
2.7504
2.7633
2.8129
2.8404
2.7173
2.8362
2.7368
2.8311
2.7826
2.7615
2.8032
2.7189
