-1.01
-1.52
0.08
-0.31
1.42
-1.61
-0.67
-0.2
0.09
0.52
-0.05
1.1
-0.05
-0.29
-0.86
-0.07
-0.03
0.63
0.28
0
-2.01
2.1
-0.05
-0.12
-0.8
1.51
0.83
-0.31
-0.3
0.63
-1.34
-0.82
-2.18
0.19
0.02
0.74
-0.18
0.7
-52.45
-1.42
0.2
-1.19
-0.23
-0.36
0.07
-0.03
0
0
0
0
0
0.6
-1.11
-0.09
0.01
-0.08
-0.09
-0.22
0
0
0
0.15
-0.1
-6.06
46.69
-0.08
-0.45
-0.5
0.32
-0.44
2
0.57
1.64
0.96
-0.42
0.27
0.12
-0.99
-1.22
-2.14
0.84
-0.05
1.65
1.21
-0.09
-0.31
-0.03
-1.16
-0.65
-1.78
0.07
-0.02
0.31
-0.83
-1.34
-1.6
0.37
-0.16
0.15
-0.08
-1.3
1.46
-1.74
-0.2
0.23
0.92
-0.59
0.72
-0.43
0.22
-0.01
-3.48
-1.44
-2.34
-0.62
3.15
-2.08
-0.7
0.91
0.11
0.13
-1.66
0.85
-0.15
-4.46
-0.49
-1.16
-0.33
-1.1
2.04
-1.33
-1.42
-2.66
-0.27
-1.06
0.5
-1.76
1.83
-1.2
-2.86
-0.06
-1.49
1.55
0.63
-0.84
1.12
0.84
-2.44
-0.06
0
-1.38
-0.2
0.36
0.91
-0.08
-0.08
0.2
0.35
1.1
0.65
1.45
-0.3
-0.08
0.06
0
0
0
0.29
0.11
-0.04
-0.04
0.45
-0.07
0.81
-0.9
0
0
0.85
0.64
-0.63
-0.18
1.01
-1.08
0.48
0.95
-0.24
0.26
0.73
-0.77
-0.71
1.11
0.03
11.08
1.09
-1.94
-2.51
-0.05
-0.41
0
0
0
0
0
0
0
0
0.82
2.35
-0.94
-3.23
2.49
-1.16
2.25
1.63
-1.15
2.23
-0.86
0.53
0.73
-1.95
2.06
