8.694
9.097
9.054
9.072
9.110
9.070
9.172
8.672
9.066
9.194
9.068
9.135
9.081
7.189
6.596
9.044
8.934
7.733
9.025
9.014
8.940
9.011
8.605
9.000
8.794
8.917
1.484
8.227
8.870
9.089
1.203
8.935
9.056
8.999
8.599
9.022
9.093
8.682
8.906
9.062
8.969
9.005
9.015
8.924
8.715
9.028
9.061
8.958
1.482
9.092
9.066
9.014
8.903
8.378
9.073
8.959
8.980
9.078
8.074
9.028
8.609
9.025
8.864
8.905
9.074
9.001
8.623
9.137
8.943
2.621
9.126
9.017
8.675
9.033
9.148
9.006
8.675
9.106
9.074
9.033
9.059
9.088
9.019
9.095
9.051
9.097
9.064
9.102
8.573
9.109
8.679
9.056
9.004
9.095
9.080
9.053
9.087
9.094
9.100
9.029
9.109
9.108
9.022
9.077
9.078
9.057
9.082
9.028
9.058
9.093
9.093
1.969
4.181
3.149
8.989
9.053
9.079
9.040
9.084
9.045
9.068
9.053
9.034
9.001
