2.9439
2.8493
3.5166
5.9284
3.1524
3.0968
2.8751
2.9315
3.5185
2.9530
2.8831
4.7565
4.4548
5.4796
4.8091
4.2769
5.2997
4.5070
4.5021
4.5816
4.4408
4.4327
4.5362
4.4300
4.5514
4.5290
4.5591
4.4433
4.4532
4.8222
4.4524
4.5445
4.4556
4.5718
4.4603
4.5053
4.5222
4.5263
4.6073
4.5078
4.5370
4.5325
4.4731
4.4586
4.5007
4.5876
4.5174
4.5816
4.4710
4.6380
4.4796
4.5568
4.5020
4.5394
4.5710
4.5540
4.5592
4.8121
4.5025
4.3778
4.4304
4.6000
4.4913
4.4362
4.6090
4.5120
4.8104
4.4833
4.4414
4.5293
4.6057
4.5054
4.5282
4.4357
4.5640
4.5138
4.7837
4.5023
4.8645
4.3981
4.4363
4.6363
4.5090
4.4582
4.5728
4.4485
4.5545
4.6663
4.8952
4.5115
4.5226
4.6006
4.5173
4.4607
4.5397
4.4670
4.4732
4.7505
4.7959
4.4543
4.5514
4.6939
4.4366
4.7018
4.4537
4.5559
4.4335
4.5660
4.5116
4.5336
3.1724
3.3649
2.8739
2.9217
3.0000
3.1740
4.7295
3.4167
2.8492
2.8577
6.0289
3.2640
2.9116
3.2303
3.3384
3.2778
3.3845
2.9424
3.2654
4.1041
2.6618
3.3635
2.9166
3.2821
2.9389
2.8773
5.2665
3.3579
2.8260
4.7385
4.5576
4.5878
4.4612
4.4780
4.5373
4.6619
4.6405
4.9720
4.2365
4.5241
4.4887
4.4199
4.5636
4.5380
4.5947
4.5879
4.6135
4.6507
4.5452
4.5056
4.5289
4.5229
4.5079
4.5262
4.5628
4.6397
4.5760
4.5214
4.4936
4.6036
4.5256
4.5049
2.9153
2.8985
3.6179
4.6799
2.8239
4.3557
4.6600
4.7404
4.7933
4.5763
4.7623
4.7134
4.5917
5.0628
4.4589
4.8349
4.5484
4.5695
4.5241
4.6617
10.2717
4.5291
18.4462
4.6735
10.2794
4.6080
4.5639
4.4256
4.4068
4.5333
4.6596
4.5616
5.2785
4.8563
4.7232
4.7205
4.5859
4.4568
4.6767
4.8025
4.5334
4.2901
4.4369
4.4175
4.5472
4.7409
4.6136
4.4670
4.8084
4.7847
4.5227
4.5638
4.6868
4.4922
4.6214
4.4558
4.6570
4.5248
4.6179
4.5351
4.5718
4.5324
4.4324
4.4275
4.5525
4.6003
4.5455
4.5220
4.6185
4.6558
4.5796
4.5277
4.5834
4.4726
4.5103
4.4312
4.4343
4.5584
4.8285
4.5827
4.5563
4.7460
4.8808
4.4585
4.5774
4.6584
4.5348
4.6060
4.6044
4.5371
4.4294
4.3615
4.5507
4.5007
4.5924
4.5350
4.5982
4.6343
4.5997
4.5655
4.5464
4.8024
4.5066
4.4334
4.4301
4.5480
4.5892
4.5391
4.5965
4.5163
4.6550
4.4622
4.5038
4.6087
4.5255
4.5210
4.4698
4.5361
4.5138
4.4868
4.5314
4.6104
4.5747
4.5441
4.4518
4.5196
4.5083
4.4882
5.0497
4.5717
4.5257
4.6463
4.5134
4.8105
4.6589
4.6033
4.5409
4.6288
4.6151
4.5053
4.4650
4.9157
4.7912
4.7447
4.8427
4.5577
4.5670
4.7661
4.6394
4.8790
4.8803
4.7229
4.8115
4.4417
4.4562
4.8662
4.6952
4.6887
4.8957
4.0453
4.4362
4.6096
4.5317
4.4258
4.5347
4.4377
4.6633
4.4986
4.4286
4.5506
4.6128
4.4906
4.5380
4.4482
4.4576
4.5179
4.4835
4.5326
4.5681
4.6175
4.4740
4.5535
4.4002
4.5448
4.6946
4.5928
4.8118
4.3801
4.4735
4.3357
4.3972
4.4455
4.6836
4.5994
4.5882
4.8664
4.6531
4.8688
4.7396
5.1270
4.4983
4.6930
4.6794
4.6368
4.4119
4.7845
4.6541
4.7204
4.6295
4.6933
4.4966
4.6669
4.4932
4.5022
4.5272
4.4758
4.4870
4.4950
4.5926
4.5063
4.5997
4.4706
4.4784
4.4811
4.6007
4.6064
4.4279
4.4885
4.4234
4.5648
4.8426
4.5925
2.8807
2.6418
4.3595
2.9928
3.1048
2.4705
5.5595
3.2794
4.6109
4.6504
4.5415
4.5426
4.3062
4.8592
4.5507
4.4168
4.5898
4.6056
4.4938
4.5635
4.4331
4.4683
4.5723
4.4741
4.5081
4.4401
4.8206
4.8298
4.5724
4.5153
4.5503
4.4451
4.5560
4.5940
4.6992
5.2407
4.1309
4.3069
4.8093
5.3491
4.4389
4.6167
4.0874
5.3383
3.8035
3.9272
4.6059
4.6036
4.6212
4.5984
4.5787
2.8646
3.3078
4.8349
2.6106
4.1152
2.9004
2.7999
2.9934
3.0383
2.5900
2.8069
2.9134
3.1698
3.0056
3.0009
3.3516
3.2558
4.6116
4.9954
4.4736
4.7296
4.5780
4.6358
4.7146
4.4815
4.4857
4.3972
4.5453
4.7355
4.3983
4.4951
4.7642
4.4653
4.5241
4.6789
4.4696
4.3856
4.4227
4.5019
4.4842
4.5348
4.6598
4.4856
4.4175
4.4449
4.4353
4.4789
4.9079
4.5058
4.4506
4.3394
4.6318
4.6235
4.2462
4.2873
4.3614
4.1028
4.4400
4.3366
4.7025
4.7198
4.2852
4.4740
4.3571
4.2901
4.4748
4.3160
4.4387
4.6462
4.3785
4.3153
4.3984
4.6878
4.3417
4.5655
4.5845
4.5598
4.5056
4.5294
4.5312
4.5049
4.5360
4.5868
4.5995
4.5317
4.4979
4.5069
4.5379
4.4978
4.5184
4.8634
4.6584
4.7278
4.4697
4.6868
4.6686
4.4707
4.5352
4.5276
4.5531
4.6565
4.6267
4.5674
4.5422
4.6725
4.5072
4.4754
4.4549
4.5277
4.4924
4.4605
4.4591
4.4294
4.4776
4.5157
4.4657
4.4141
4.5029
4.4782
4.5123
4.4380
4.5250
4.4511
4.5077
4.4662
4.5136
4.6160
4.5239
4.5629
4.8930
4.5783
5.1283
5.1625
4.6856
4.4766
4.7724
4.4570
4.4679
4.5940
4.8338
4.7817
4.7765
4.2759
4.5387
5.0057
4.4860
5.1542
4.6553
4.7679
4.6498
4.9583
3.2501
2.9724
3.7149
3.3121
2.9154
4.3738
4.7238
5.8849
3.1976
2.8290
4.9020
4.5249
4.3162
4.3952
4.6066
4.7682
4.4597
4.5114
4.5037
4.6211
4.5507
4.5725
4.7866
4.4641
4.5377
4.5191
4.6274
4.5177
4.7996
4.5165
4.6112
4.6310
4.8593
4.5628
4.4515
4.6066
4.5231
4.4760
5.0967
4.8675
4.5239
5.1625
4.7257
4.5200
4.5519
4.4226
4.6629
4.8615
4.6666
4.8934
4.5542
4.4859
4.5614
4.5707
4.3939
4.8168
4.7512
4.3235
4.5315
4.5426
4.4143
4.2431
4.3530
4.4241
4.4135
4.4220
4.7436
4.6047
4.4717
4.4425
4.3881
4.3883
4.6322
4.4484
4.2556
4.6494
4.2788
4.2572
4.4266
4.4024
4.4108
4.7299
4.6263
4.6441
4.4683
4.3321
4.4197
4.5771
4.4298
4.3783
4.5538
5.1742
4.4563
5.0188
4.7674
4.6373
4.3537
4.2914
4.6483
4.6882
4.3441
4.6122
4.6869
4.9280
4.5878
4.2822
5.0699
4.9644
4.5599
4.4732
4.4510
4.5208
4.4938
4.6338
4.3421
4.4485
4.5233
4.4265
4.4635
4.4633
4.3809
4.4696
4.5001
4.6137
4.5329
4.5107
4.4947
4.6216
4.6311
4.4620
4.4494
4.5091
4.5252
4.4630
4.4619
4.4973
4.5511
5.0043
4.5790
4.5639
4.5154
4.6206
4.3990
4.4424
4.5581
4.5735
4.5562
4.4922
4.4628
4.4986
4.5321
4.4778
4.6894
4.8480
4.8509
4.8748
4.7404
4.6887
4.4024
4.7503
5.1091
4.3617
4.8246
4.6834
4.5394
4.5276
4.4383
4.8514
4.2283
4.6880
4.8776
4.5997
2.8633
2.8351
2.8508
2.9087
3.4040
2.8643
2.8495
2.8283
2.9287
3.3990
2.8647
2.8726
2.8492
2.8616
2.9587
3.2517
3.3838
3.3970
4.3146
4.3307
3.7756
2.6494
3.4596
3.3461
4.2143
4.1845
3.8115
2.5458
4.5365
4.5696
4.4746
4.4439
4.4981
4.5280
4.5006
4.6118
4.4987
4.5591
4.8582
5.2074
4.9907
4.6787
4.4622
4.4190
4.4597
4.6208
4.4367
4.5015
4.4735
4.6894
4.5607
4.6486
4.8793
4.7776
4.5718
4.4303
4.6568
4.6573
4.6288
4.4702
4.4112
4.7905
4.6885
4.6192
5.0647
4.9332
4.5215
4.0037
4.4102
4.9957
4.6797
4.8710
4.7216
4.4474
4.7229
4.5577
4.7044
4.8044
4.4794
4.5691
4.4836
4.4898
4.5475
4.4225
4.6875
4.4443
4.5048
4.4606
4.6737
4.5983
4.3685
4.6406
4.3986
4.7573
4.4719
4.4394
4.4589
4.5413
4.4598
4.4896
4.4628
4.5611
4.5980
4.6057
4.5685
4.6082
4.7357
4.7878
4.4547
3.8829
4.9919
4.3257
4.6558
4.5934
4.7469
4.5423
4.7549
5.0186
4.4115
4.8169
4.6835
4.4690
4.4165
4.4135
4.6624
4.4270
4.6206
4.7338
4.8099
4.4630
4.8084
4.5793
4.3075
4.4374
4.4374
4.5632
4.7073
4.4360
4.5114
4.5026
4.5205
4.4462
4.5290
4.4765
4.5385
4.5625
4.4266
4.4624
4.3802
4.5057
4.4754
4.6102
4.4515
4.5200
4.2589
4.6331
4.5260
4.7557
4.7148
4.6251
4.9412
4.6217
4.8296
4.4158
4.4735
4.7364
4.4329
4.3942
4.9980
4.6899
4.9116
4.9635
4.6969
4.5892
4.7973
4.8016
5.0640
4.7869
4.6991
5.0404
4.4180
4.7932
4.5621
4.7899
4.5473
4.6806
4.5027
4.4512
4.6665
4.4299
4.6357
4.5308
4.4082
4.6134
4.6336
4.4032
4.4895
4.4977
4.5257
4.4356
4.4077
4.5742
4.5436
4.6380
4.4903
4.5370
4.4096
4.5147
4.7996
4.3346
4.3312
4.7115
4.2737
4.7233
4.3575
4.8739
4.5595
4.6028
4.3416
4.7811
4.7613
4.7587
4.5059
4.7992
4.5766
4.3154
4.6588
4.2575
4.6291
4.3110
4.2743
4.3461
4.7012
4.3652
4.2970
4.7051
4.4876
4.4440
4.5022
4.4314
4.4775
4.5503
4.5379
4.9692
4.6780
4.6539
5.0412
4.1834
5.0868
4.6163
4.6017
4.5199
4.5138
4.4738
4.4843
4.4821
4.4961
4.5206
4.6027
4.5084
4.5318
4.4373
4.5284
4.4937
4.4830
4.6846
4.8342
4.5036
4.7799
4.6769
4.6005
4.4905
4.4731
4.5497
4.4871
4.8384
4.5291
4.5070
4.4782
4.7594
4.5221
4.6377
4.4527
4.5387
4.4544
4.7856
4.4893
4.4911
4.5395
4.6154
4.5042
4.5025
4.6357
4.4513
4.5477
4.5524
4.5219
4.5308
4.5099
4.5176
4.7441
4.4740
4.5387
4.6424
4.6147
4.6922
4.5707
4.8453
4.4990
4.5280
4.5954
4.5081
4.4858
4.5258
4.5479
4.5033
4.4321
4.4599
4.8171
4.4329
4.4517
4.5616
4.4863
4.5234
4.6856
4.4540
4.4876
4.4891
4.8210
4.4399
4.5146
4.5899
4.4875
4.5391
4.5173
4.5319
4.7172
4.4892
4.5092
4.7750
4.4496
4.5826
4.5658
4.5095
4.5250
4.5377
4.4573
4.4448
4.5090
4.4918
4.8341
4.4432
4.5804
4.4757
4.4513
4.5410
4.7454
4.5186
4.5014
4.4996
4.7860
4.5290
4.4508
4.5683
4.5230
4.5620
4.5488
4.6423
4.6927
4.4733
4.4683
4.8185
4.5133
4.5283
4.5695
4.5035
4.5204
4.5854
4.5204
4.7042
4.6750
4.7416
4.5291
4.7498
4.5208
4.5757
4.5768
4.5189
4.5283
4.5699
4.5141
4.5171
4.5221
4.7035
4.5430
4.7438
4.5265
4.4496
4.6009
4.5200
4.5196
4.5216
4.6982
4.4645
4.7362
4.5337
4.7600
4.5402
4.5211
4.5739
4.4918
4.5112
4.5204
4.5218
4.5674
4.5528
4.4278
4.6148
4.5332
4.5179
4.5211
4.5109
4.4969
4.5876
4.6928
4.4480
4.5646
4.4934
4.4528
4.5465
4.7529
4.5375
4.5643
4.5473
4.6131
4.5065
4.6159
4.5434
4.5416
4.5416
4.7692
4.5068
4.5893
4.5502
4.6033
4.4812
4.5848
4.5952
4.5385
4.5986
4.5293
4.4150
4.5965
4.5505
4.4140
4.5601
4.5627
4.6185
4.5220
4.5772
4.7573
4.6882
4.4560
4.4201
4.5258
4.6236
4.4447
4.6509
4.6813
4.7276
4.6754
4.6691
4.5276
4.7173
4.7006
4.6669
4.7558
4.5706
4.5213
4.5756
4.5113
4.7294
4.5467
4.5736
4.7146
4.6877
4.7196
4.5950
4.4999
4.5231
4.5321
4.5681
4.5200
4.5501
4.5634
4.5767
4.6385
4.7830
4.5073
4.5953
4.4593
4.6269
4.5008
4.5456
4.5598
4.5764
4.4631
4.5943
4.4486
4.5665
4.5627
4.8255
4.4937
4.5553
4.5298
4.5508
4.5211
4.8565
4.5399
4.7286
4.6903
4.3378
4.2947
4.4702
4.3203
4.2774
4.4735
4.5917
4.5332
4.5795
4.5106
4.4759
4.5121
4.5297
4.4912
4.4698
4.6627
4.4790
4.9070
4.5030
4.5175
4.4372
4.5584
4.6001
4.5578
4.5070
4.5052
4.5249
4.5002
4.4971
4.5050
4.9251
4.4834
4.9515
4.5603
4.9075
4.5447
5.0587
4.6268
4.3242
4.4168
4.3852
4.4228
4.5446
4.5111
4.5544
4.4121
5.5026
3.2594
5.7036
4.2011
5.3973
4.4228
5.1812
4.5723
4.6100
4.4903
5.2621
5.5676
4.6669
4.6291
4.5998
4.6009
6.0490
6.0467
6.0352
6.0318
6.0201
6.0056
6.0302
6.0307
6.0311
6.0259
5.0535
6.0035
6.0350
6.0324
6.0274
6.0310
5.6197
6.0311
6.0346
6.0335
5.9067
5.9243
5.9752
5.9817
5.9920
5.6721
5.9760
5.9743
5.9821
5.9513
5.0274
4.6043
2.8963
3.4770
2.7068
4.2572
4.5125
4.4245
4.6435
4.9002
4.5917
4.3995
4.4660
2.8290
2.8751
3.3747
3.3841
3.3358
3.4388
2.9110
3.3884
4.5544
4.6269
4.6237
4.6065
4.8236
4.7317
4.5344
4.6114
4.7087
4.4987
4.6188
4.4646
4.6317
4.5242
4.6328
4.5417
4.5708
4.5273
4.4570
4.4499
4.5405
4.5672
4.5405
4.5545
4.6157
4.6408
4.5985
4.5262
4.5836
4.4690
4.5198
4.3967
4.4187
4.5159
4.4914
4.5466
4.5867
4.5168
4.5170
4.4935
4.4276
4.4783
4.5445
4.5153
4.5318
4.4629
4.5645
4.4222
4.4182
4.5324
4.5517
4.3739
4.5238
4.5358
4.5373
4.3861
4.5507
4.4023
4.7075
4.7071
4.3641
4.4906
4.4959
4.3849
4.4948
4.1678
4.5341
4.9980
4.4970
4.1480
4.5393
5.0172
4.4968
4.3458
4.7003
4.6914
4.4742
4.3637
4.3121
4.4373
4.3578
4.4405
4.7338
4.5869
4.4220
4.5972
4.4445
4.6127
4.4793
4.4822
4.6446
4.4677
4.4572
4.4556
4.5622
4.5101
4.5464
4.5502
4.5172
4.4558
4.7442
4.4954
4.4916
4.5475
4.5529
4.5193
4.4810
4.5168
4.5317
4.4861
4.5355
4.9369
4.6864
4.6239
4.6937
4.6961
4.7731
4.7059
4.7494
4.7621
4.8187
4.7668
4.6436
4.7313
4.5703
4.5388
4.5105
4.5509
4.5425
4.4255
5.0419
4.7507
21.5988
4.4201
5.0704
4.7921
4.5421
5.2286
4.1143
5.3760
4.3603
4.5671
4.6403
4.5170
4.8861
4.5702
5.0040
4.6369
5.4560
4.7339
3.8577
5.3446
5.2557
4.1376
5.1565
4.7045
4.7153
4.8096
4.7455
4.4692
4.5936
4.5910
4.4309
4.4939
4.5590
4.4841
10.3339
4.7043
4.4600
10.3187
4.6145
13.9367
4.5465
10.3062
4.7843
4.3953
10.2441
4.6774
4.5997
4.6551
2.9637
3.3590
2.9055
2.9176
3.3985
2.8985
3.2480
4.9034
4.3425
4.6095
4.6467
4.5994
4.5181
4.4918
4.5358
4.6007
4.5995
4.4305
4.5197
4.8011
4.4678
4.9731
4.6617
4.7164
4.8757
4.6059
4.8188
4.5283
4.7265
4.5834
4.7354
4.9258
4.5479
4.5861
4.4563
4.5344
4.4193
4.6758
4.5898
4.4205
4.6239
4.4272
4.4505
4.5367
4.4908
4.4198
4.8237
4.3734
4.6421
4.3155
4.6086
4.5827
4.4457
4.3924
4.4664
4.5157
4.5514
4.5167
4.4155
4.6842
4.3963
3.3834
4.6667
4.3981
3.7134
4.6519
4.6486
4.4728
4.4691
4.5023
4.4253
4.4159
4.5632
4.6695
4.4879
4.4773
4.4969
4.4399
4.4391
4.4318
4.6511
4.5040
4.4149
4.3936
4.5204
4.5607
4.4058
4.4545
4.5008
4.5353
4.4194
4.4834
4.6695
4.5462
4.4307
4.5343
4.4966
4.4910
4.5701
4.6062
4.6112
4.6596
4.4854
4.5202
4.5253
4.5450
4.6119
4.2675
4.5399
4.5377
4.5355
4.5261
4.5673
4.6183
4.5396
4.5548
4.5411
4.6406
4.5999
4.5604
4.4523
4.5280
4.5495
4.4673
4.5908
4.5388
4.5516
4.6448
4.4797
4.4719
4.5781
4.5651
4.4381
4.5438
4.4796
4.3683
4.5978
4.6578
4.5182
4.5018
4.5160
4.5367
4.4959
4.5231
4.5889
4.5546
4.5843
4.4860
4.5181
4.8192
4.5055
4.5015
5.1571
5.5731
4.8541
4.8421
4.5677
4.5257
4.4044
4.3581
4.5399
4.4153
4.4231
4.4453
4.4520
4.4961
4.5294
4.4677
4.4549
4.5207
4.5345
4.5302
4.4508
4.5324
4.5450
4.4882
4.1582
4.6321
4.6181
4.6630
4.5687
4.6800
4.6273
4.3986
4.4093
4.0282
4.3689
4.4545
2.8837
2.9094
2.9491
3.3939
3.3622
3.4133
3.2859
2.9246
2.9471
3.3894
3.3488
3.4103
4.4191
4.5645
4.6632
4.7433
4.4562
4.8044
4.4213
4.7179
4.5204
4.6697
4.4780
4.5490
4.4705
4.5015
4.6571
4.4566
4.4396
4.6183
4.5425
4.4574
4.4220
4.4962
4.5046
4.5000
4.6632
4.4470
4.4686
4.6141
4.5574
4.4511
4.4350
4.4580
4.4843
4.9386
4.5267
4.7744
4.4716
4.7550
4.4156
4.4308
4.5056
4.8713
4.6032
4.6645
4.4397
4.4886
4.4045
4.4572
4.5588
4.5965
4.3878
4.4475
4.6728
4.5325
4.4874
4.4362
4.4648
4.4307
4.6801
4.6040
4.3946
4.4416
4.6510
4.5125
3.3022
3.5182
4.9713
4.2159
4.5137
4.5191
4.2589
4.2857
