 3.64137699999999
 4.07682399999999
 3.5155774
 3.94368280000001
 3.2177102
 3.167991
 3.91153319999999
 3.2486522
 3.7651282
 3.8836614
 3.72126059999999
 4.1092674
 3.1185338
 3.80925219999999
 3.2012546
 3.77335479999999
 3.6750888
 3.84567419999999
 3.7002454
 3.82811919999999
 3.73360979999998
 2.70441680000001
 3.83032400000001
 3.6312452
 3.7880916
 3.3079204
 3.50605379999999
 3.05022000000001
 3.50791440000001
 3.026511
 3.35078499999999
 2.97023260000001
 2.87525999999999
 3.2557324
 3.7139564
 3.319528
 3.87956220000001
 3.779651
 3.04146080000001
 1.700371
 4.00208420000001
 3.59853679999999
 3.35089859999999
 3.2523248
 2.593718
 2.5770798
 2.6048638
 2.67228320000001
 2.8339754
 2.72125319999999
 2.762277
 2.7389076
 3.55643179999999
 3.68814419999999
 3.7248838
 3.4431008
