2.3308
2.3366
2.3236
2.3449
2.3350
2.3294
2.3497
2.3270
2.3374
2.3378
2.3400
2.3525
2.3333
2.3237
2.3229
2.3437
2.3328
2.3494
2.3387
2.3255
2.3277
2.3377
2.3227
2.3626
2.3510
2.3280
2.3317
2.3530
2.3434
2.3719
2.3269
2.3344
2.3383
2.3521
2.3205
2.3598
2.3244
2.3386
2.3475
2.3397
2.3589
2.3061
2.3251
2.3438
2.3308
2.3495
2.4007
2.3361
2.3366
2.3479
2.3533
2.3442
2.3401
2.3544
2.3274
2.3375
2.3236
2.3480
2.3444
2.3433
2.3432
2.3393
2.3365
2.3455
2.3971
2.3947
2.3488
2.3262
2.3292
2.3576
2.3437
2.3668
2.3418
2.3348
2.3513
2.3540
2.3427
2.3809
2.3380
2.3658
2.3364
2.3575
2.3529
2.3528
2.3465
2.3569
2.3253
2.3544
2.3502
2.3920
2.3292
2.3361
2.3376
2.3361
2.3324
2.3796
2.3403
2.3337
2.3361
2.3316
2.3477
2.3171
2.3248
2.3173
2.3390
2.3459
2.3535
2.3546
2.3396
2.3469
2.3502
2.3262
2.3527
2.3556
2.3486
2.3737
2.3352
2.3356
2.3379
2.3500
2.3422
2.3249
2.3458
2.3400
2.3458
2.3494
2.3239
2.3542
2.3330
2.3507
2.3640
2.3508
2.3315
2.3763
2.3489
2.2915
2.3269
2.3558
2.3398
2.3102
2.3266
2.3464
2.3450
2.3997
2.3374
2.3786
2.3232
2.3326
2.3548
2.3500
2.3290
2.3639
2.3595
2.3227
2.3372
2.3459
2.3263
2.3328
2.3664
2.3553
2.3457
2.3466
2.3497
2.3239
2.3454
2.3404
2.3334
2.3514
2.3577
2.3227
2.3416
2.3465
2.3455
2.3422
2.3458
2.3198
2.3596
2.3474
2.3534
2.3435
2.3895
2.3244
2.3491
2.3542
2.3347
2.3464
2.3497
2.3341
2.3395
2.3635
2.3483
2.3503
2.3456
2.3326
2.3493
2.3561
2.3358
2.3513
2.3576
2.3308
2.3296
2.3642
2.3468
2.3531
2.3606
2.3255
2.3521
2.3530
2.3597
2.3499
2.3529
2.3202
2.3432
2.3498
2.3592
2.3571
2.3451
2.3224
2.3488
2.3437
2.3537
2.3521
2.3600
2.3288
2.3376
2.3458
2.3551
2.3569
2.3159
2.3334
2.3338
2.3282
2.3470
2.3540
2.3850
2.3430
2.3447
2.3412
2.3329
2.3427
2.3685
2.3440
2.3579
2.3329
2.3460
2.3512
2.3432
2.3589
2.3351
2.3425
2.3546
2.3570
2.3684
2.3299
2.3403
2.3335
2.3613
2.3508
2.3579
2.3451
2.3342
2.3421
2.3502
2.3502
2.3629
2.3523
2.3713
2.3356
2.3537
2.3517
2.3455
2.3464
2.3542
2.3446
2.3454
2.3462
2.3564
2.3500
2.3720
2.3307
2.3369
2.3517
2.3505
2.3505
2.3450
2.3465
2.3269
2.3597
2.3311
2.3353
2.3461
2.3485
2.3296
2.3558
2.3512
2.3281
2.3491
2.3542
2.3252
2.3508
2.3417
2.3217
2.3462
2.3365
2.3230
2.3529
2.3671
2.3209
2.3384
2.3458
2.3291
2.3428
2.3465
2.3232
2.3555
2.3549
2.3324
2.3539
2.3863
2.3271
2.3535
2.3501
2.3307
2.3586
2.3541
2.3253
2.3366
2.3393
2.3278
2.3479
2.3478
2.3329
2.3545
2.3309
2.3227
2.3409
2.3827
2.3251
2.3629
2.3394
2.3240
2.3510
2.3759
2.3231
2.3367
2.3311
2.3336
2.3547
2.3657
2.3244
2.3332
2.3393
2.3341
2.3544
2.3474
2.3288
2.3311
2.3333
2.3440
2.3506
2.3524
2.3333
2.3182
2.3405
2.3454
2.3517
2.2835
2.3509
2.3484
2.3269
2.3619
2.3509
2.3687
2.3473
2.3426
2.3418
2.3418
2.3465
2.3688
2.3450
2.3423
2.3457
2.3408
2.3596
2.3439
2.3530
2.3323
2.3454
2.3528
2.3467
2.3636
2.3518
2.3436
2.3302
2.3495
2.3533
2.3609
2.3316
2.3357
2.3449
2.3493
2.3518
2.3608
2.3593
2.3304
2.3471
2.3470
2.3440
2.3413
2.3481
2.3432
2.3428
2.3361
2.3491
2.3535
2.3459
2.3357
2.3296
2.3381
2.3476
2.3530
2.3340
2.3620
2.3492
2.3530
2.3550
2.3624
2.3288
2.3412
2.3492
2.3446
2.3531
2.3660
2.3390
2.3398
2.3428
2.3349
2.3499
2.3389
2.3279
2.3514
2.3388
2.3441
2.3508
2.3601
2.3353
2.3311
2.3384
2.3338
2.3523
2.3544
2.3275
2.3177
2.3417
2.3476
2.3507
2.3223
2.3368
2.3389
2.3402
2.3466
2.3498
2.3311
2.3272
2.3356
2.3406
2.3264
2.3521
2.3406
2.3345
2.3483
2.3445
2.3455
2.3598
2.3253
2.3414
2.3321
2.3399
2.3580
2.3483
2.3397
2.3292
2.3611
2.3441
2.3452
2.3444
2.3241
2.3374
2.3380
2.3472
2.3520
2.3522
2.3108
2.3429
2.3483
2.3264
2.3528
2.3498
2.3468
2.3467
2.3412
2.3325
2.3475
2.3482
2.3404
2.3096
2.3517
2.3459
2.3286
2.3568
2.3301
2.3029
2.3276
2.3392
2.3425
2.3539
2.3536
2.3084
2.3416
2.3451
2.3512
2.3503
2.3363
2.3026
2.3525
2.3486
2.3421
2.3520
2.3347
2.2859
2.3566
2.3377
2.3558
2.3471
2.3620
2.2821
2.3360
2.3277
2.3536
2.3504
2.3059
2.2861
2.3377
2.3371
2.3483
2.3529
2.3321
2.2814
2.3420
2.3295
2.3296
2.3548
2.3500
2.3047
2.3280
2.3312
2.3705
2.3532
2.3617
2.2991
2.3629
2.3415
2.3832
2.3478
2.3363
2.3025
2.3500
2.3357
2.3733
2.3290
2.3562
2.2999
2.3659
2.3433
2.3687
2.3618
2.3598
2.3472
2.3438
2.3395
2.3264
2.3589
2.3441
2.3523
2.3443
2.3285
2.3364
2.3585
2.3392
2.3582
2.3449
2.3433
2.3296
2.3467
2.3321
2.3452
2.3442
2.3287
2.3427
2.3491
2.3181
2.3336
2.3436
2.3516
2.3385
2.3475
2.3359
2.3303
2.3528
2.3625
2.3259
2.3407
2.3231
2.3393
2.3434
2.3603
2.3360
2.3501
2.3255
2.3315
2.3408
2.3906
2.3341
2.3585
2.3450
2.3300
2.3490
2.3681
2.3627
2.3487
2.3439
2.3393
2.3498
2.3415
2.3608
2.3505
2.3441
2.3337
2.3470
2.3401
2.3679
2.3486
2.3323
2.3386
2.3289
2.3367
2.3574
2.3413
2.3428
2.3491
2.3240
2.2919
2.3624
2.3432
2.3528
2.7348
2.3338
2.2947
2.3551
2.3498
2.3254
2.3612
2.3475
2.3008
2.3477
2.3489
2.3292
2.7797
2.3269
2.3003
2.3881
2.3416
2.3476
2.3245
2.3252
2.3668
2.3313
2.3437
2.3543
2.3302
2.3330
2.3432
2.3716
2.3451
2.3484
2.7604
2.3491
2.3443
2.3050
2.3512
2.3472
2.7500
2.3544
2.3291
2.3011
2.3485
2.3466
2.7736
2.3529
2.3370
2.3063
2.3441
2.3450
2.3166
2.3283
2.3248
2.3036
2.3532
2.3399
2.7522
2.3533
2.3576
2.3060
2.3387
2.3474
2.7418
2.3387
2.3471
2.2993
2.3392
2.3420
2.3321
2.3331
2.3677
2.3086
2.3428
2.3447
2.3378
2.3367
2.3543
2.3033
2.3454
2.3422
2.3714
2.3321
2.3320
2.3450
2.3432
2.3545
2.3400
2.3418
2.3521
2.3491
2.3532
2.3274
2.3327
2.3599
2.3450
2.3584
2.3479
2.3418
2.3449
2.3540
2.3540
2.3331
2.3306
2.3450
2.3613
2.3660
2.3514
2.3413
2.3454
2.3558
2.3573
2.3345
2.3322
2.3466
2.3462
2.3522
2.3407
2.3426
2.3443
2.3557
2.3519
2.3422
2.3426
2.3419
2.3834
2.3631
2.3336
2.3473
2.3495
2.3628
2.3809
2.3276
2.3469
2.3517
2.3468
2.3131
2.3346
2.3438
2.3504
2.3582
2.3754
2.3603
2.3448
2.3448
2.3515
2.3880
2.3760
2.3468
2.3393
2.3496
2.2789
2.3487
2.3443
2.3501
2.4044
2.3590
2.3433
2.3430
2.3561
2.3578
2.3833
2.3591
2.3428
2.3515
2.3231
2.3402
2.3322
2.3982
2.3452
2.3474
2.3330
2.3568
2.3433
2.3442
2.3959
2.3304
2.3398
2.3276
2.3399
2.3574
2.3540
2.3481
2.3467
2.3247
2.3291
2.3283
2.3364
2.3377
2.3247
2.3626
2.3277
2.3494
2.3469
2.3230
2.3464
2.3332
2.3461
2.3291
2.3430
2.3796
2.3359
2.3515
2.3414
2.3292
2.3410
2.3342
2.3435
2.3277
2.3232
2.3472
2.3391
2.3415
2.3320
2.3256
2.3468
2.3243
2.3471
2.3510
2.3406
2.3863
2.3368
2.3632
2.3262
2.3500
2.3380
2.3383
2.3448
2.3240
2.3551
2.3322
2.3208
2.3557
2.3405
2.3406
2.3467
2.3399
2.3308
2.3222
2.3493
2.3335
2.3170
2.3416
2.3492
2.3421
2.3443
2.3519
2.3376
2.3300
2.3478
2.3377
2.3162
2.3433
2.3525
2.3568
2.3303
2.3272
2.3469
2.3206
2.3573
2.3398
2.3336
2.3410
2.3297
2.3494
2.3327
2.3377
2.3466
2.3215
2.3475
2.3426
2.3428
2.3184
2.3394
2.3449
2.3486
2.3409
2.3140
2.3262
2.3495
2.3446
2.3405
2.3224
2.3463
2.3475
2.3451
2.3279
2.3404
2.3302
2.3459
2.3372
2.3348
2.3288
2.3299
2.3467
2.3400
2.3398
2.3364
2.3370
2.3422
2.3483
2.3461
2.3418
2.3309
2.3435
2.3542
2.3382
2.3249
2.3346
2.3435
2.3755
2.3438
2.3420
2.3427
2.3437
2.3776
2.3423
2.3423
2.3300
2.3451
2.3465
2.3413
2.3288
2.3350
2.3423
2.3416
2.3375
2.3281
2.3374
2.3243
2.3549
2.3470
2.3426
2.3232
2.3260
2.3549
2.3494
2.3404
2.3177
2.3312
2.3468
2.3305
2.3417
2.3417
2.3251
2.3529
2.3335
2.3314
2.3426
2.3250
2.3445
2.3303
2.3514
2.3348
2.3535
2.3198
2.3295
2.3452
2.3217
2.3434
2.3423
2.3399
2.3686
2.3317
2.3481
2.3436
2.3384
2.3578
2.3307
2.3514
2.3524
2.3315
2.3390
2.3566
2.3479
2.3321
2.3530
2.3528
2.3683
2.3310
2.3349
2.3654
2.3368
2.3350
2.3431
2.3534
2.3528
2.3456
2.3492
2.3641
2.3398
2.3417
2.3303
2.3518
2.3432
2.3350
2.3463
2.3678
2.3695
2.3469
2.3578
2.3524
2.3595
2.3456
2.3302
2.3590
2.3342
2.3577
2.3454
2.3631
2.3374
2.3494
2.3373
2.3584
2.3501
2.3486
2.3524
2.3434
2.3524
2.3577
2.3249
2.3331
2.3582
2.3432
2.3491
2.3633
2.3390
2.3411
2.3638
2.3396
2.3434
2.3533
2.3452
2.3590
2.3318
2.3591
2.3341
2.3505
2.3415
2.3510
2.3606
2.3458
2.3302
2.3458
2.3451
2.3484
2.3441
2.3479
2.3384
2.3433
2.3374
2.3484
2.3318
2.3542
2.3639
2.3493
2.3460
2.3552
2.3467
2.3535
2.3513
2.2979
2.3310
2.3052
2.3618
2.3008
2.3498
2.3056
2.3141
2.3391
2.3346
2.3328
2.3287
2.3401
2.3466
2.3286
2.3377
2.3452
2.3301
2.3351
2.3325
2.3532
2.3420
2.3308
2.3457
2.3314
2.3446
2.3382
2.3257
2.3336
2.3324
2.3357
2.3480
2.3512
2.3283
2.3354
2.3392
2.3386
2.3374
2.3399
2.3283
2.3595
2.3410
2.3594
2.3361
2.3700
2.3352
2.3827
2.3623
2.3896
2.3335
2.3908
2.3561
2.3428
2.3250
2.3454
2.3336
2.3448
2.3424
2.3678
2.3378
2.3380
2.3373
2.3533
2.3519
2.3422
2.3513
2.3410
2.3512
2.3392
2.3418
2.3397
2.3441
2.3499
2.3300
2.3375
2.3390
2.3405
2.3410
2.3430
2.3351
2.3310
2.3719
2.3425
2.3570
2.3405
2.3344
2.3501
2.3284
2.3674
