-3.04
-0.29
-0.41
3.58
0.95
3.28
-3.43
3.35
2.94
-4.73
3.78
3.65
6.38
-2.32
-0.08
-0.46
1.95
10.3
2.16
-4.47
7.5
4.25
-2.04
8.92
0.69
2.87
3.85
0.46
9.11
6.98
2.92
6.41
-7.15
1.39
-10
-1.17
-0.46
0.21
-2.65
-5.67
5.67
5.2
7.52
10.58
-5.93
0.69
4.52
-2.86
2.47
-1.92
-4.33
-2.33
6.38
4.02
5.01
-0.37
-0.9
2.02
-10.38
5.85
6.03
-6.8
-4.95
4.81
5.3
-2.54
3.34
3.68
0.73
7.85
1.94
3.81
-1.47
-2.83
3.12
1.65
-3.68
7.86
-2.01
9.99
3.78
1.93
1.54
3.26
4.56
2.64
-6.34
6.85
-0.76
2.18
-3.21
-8.86
6.66
5.07
1.63
3.02
10.32
-2.37
-1.5
2.78
4.34
-1.23
6
-5.18
8
0.38
5.6
-2.48
-3.96
13.25
-3.52
2.18
5.73
3.33
4.25
-2.26
1.34
6.87
3.37
1.64
5.69
13.64
2.71
-0.73
-10.32
4.08
-0.98
7.96
-1.43
-2.18
10.87
8.58
2.21
-6.12
-1.21
-4.04
-2.92
9.88
-2.69
3.9
7.96
-6.97
-0.14
3.5
-2.72
0.81
0.65
10.83
1.34
1.18
-5.74
5.97
2.79
4.9
3.6
2.64
-0.14
6.92
8.78
-9.17
3.48
-3.58
-9.33
-2.23
8.54
8.71
1.87
3.54
10.35
0.62
1.75
-0.46
3.39
-6.16
3.12
-11.42
4.4
1.68
1.51
4.62
-4.48
-5.7
-2.45
2.63
3.95
5.73
3.89
3.36
3.77
1.37
6.13
1.76
13.77
3.49
5.11
2.88
7.3
3.86
7.72
-1.25
2.85
0.75
-3.4
1.78
0.97
1.96
-1.4
-2.83
-3.91
3.21
-4.74
-10.58
-0.37
-0.56
8.46
5.3
-11.83
2.87
4.33
4.45
1.37
3.8
5.38
0.66
-6.78
1.62
3.37
0.85
1.19
5.94
15.39
-6.49
-1.39
2.7
2.77
-2.75
-0.78
-7.64
-0.04
-2.51
2.42
-2.04
-5.86
16.31
4.03
-0.14
2.86
0.38
3.47
1.33
3.43
-0.88
-1.04
-1.92
-1.35
1.18
-2.68
3.7
2.85
7.12
-1.14
7.14
-5.69
-2.31
6.95
-2.76
-3.49
5.2
2.37
-2.36
0.22
-2.57
1.55
-3.32
-1.11
1.15
5.03
-0.11
5.37
6.04
-1.07
-6.13
-1.05
6.18
-0.51
2.25
1.34
9.55
3.51
-3.28
6.13
6.46
-6.39
-3.12
11.26
7.46
-0.55
5.58
4.14
6.44
1.13
1.99
-1.36
-4.5
2.06
0.38
0.75
-10.48
4.4
-1.44
-0.93
-0.87
5.05
2.42
1.99
3.73
-1.93
1.1
-6.25
-4.84
4.27
-1.7
2.11
5.26
0.15
0.68
4.11
4.89
-5.24
-1.57
4.5
1.49
-1.04
2.46
1.73
6.48
-1.45
13.25
2.19
1.95
4.79
2.62
2.37
2.19
1.31
20.79
4.5
-5.56
1.47
-0.46
4.53
0.98
-3.53
2.96
6.7
2.17
-2.64
6.71
-0.77
-1.24
0.49
2.99
-1.23
-3.83
-0.35
-5.77
-0.8
3.38
-4.58
2.14
8.75
1.76
1.67
14.12
-2.96
-4.76
10.53
4.93
2.47
1.51
6.95
0.42
-0.2
0.57
-3.17
9.06
7.09
11.6
12.49
4.29
4.13
3.58
-10.93
1.48
-8.61
3.37
-10.64
2.46
3.52
2.96
4.28
-0.11
-8.06
0.29
0.78
-2.18
2.61
4.31
4.5
-6.85
2.62
-1.38
-2.36
-1.14
1.8
3.08
14.72
0.6
-2.3
-6.25
-1.93
-1.31
1.15
6.75
2.47
1.38
10.3
2.12
-0.38
-10.36
1.33
2.45
1.07
-3.37
6.44
-5.03
3.87
1.83
2.7
-0.83
-1.27
-0.43
-0.6
10.1
1.15
4.67
-6.87
0.65
6.77
11.32
-2.66
-0.67
10.1
3.8
-4.99
4.4
3.81
7.09
1.17
-9.04
-7.1
-2.34
-0.29
-0.26
-1.04
-7.75
3.73
-2.09
-1.26
0.72
8.7
-4.06
0.65
6.04
-8.37
4.07
0.74
-9.67
-2.12
3.49
-2.2
-8.78
-5.15
-1.25
3.31
0.2
9.83
-4.49
-4.56
8.66
-1.15
7.31
-1.53
-5.12
-5.74
-10.27
-2.16
-3.98
4.21
4.64
8.68
3.29
1.08
1.69
3.87
3.41
1.28
-3.04
-6.75
2.66
5.72
-2.2
0.22
-0.35
6.74
-2.68
-1.03
8.99
2.5
-2.48
-4.13
1.51
-0.62
7.61
-4.85
-8.27
-0.77
9.48
-0.34
-5.62
0.77
-0.45
3.15
12.43
7.36
-6.1
8.7
8.64
-1.78
4.78
-1.89
3.88
7.43
1.56
-3.51
0.91
4.98
16.5
-5.65
2.8
-12.17
-4
-1.31
9.61
-4.46
14.26
-3.89
-6.85
-0.49
6.85
4.28
1.6
7.22
4.11
17.15
3.74
1.18
-0.29
-0.88
1.09
-1.42
6.34
-1.64
-3.64
-7.54
-8.39
-3.45
-2.68
-10.11
6.37
-1.35
2.14
-12.77
11.57
-6.88
3
1.49
14.65
2.22
-0.39
5.78
6.46
6.79
4.63
-5.57
1.28
-3.16
-0.54
-6.19
0.83
-0.79
-1.39
3.82
-1.61
1.8
-0.11
1.83
-1.19
-2.69
-2.33
2.47
6.39
2.78
-6.95
-6.5
4.64
0.03
2.79
3.41
0.72
-1.7
-2.22
-4.61
10.82
4.55
3.05
0.11
-5.14
-1.07
4.45
1.2
-3.32
-1.15
5.39
3.66
0.32
1.94
9.19
0.81
-0.2
3.5
5.56
4.4
-2.71
-2.72
6.97
1.68
4.01
-7.36
7.7
-0.93
3.59
3.32
7.46
-2.22
0.36
9.9
0.19
1.88
9.87
-0.35
-7.87
3.65
-4.59
-2.81
4.2
-1.48
1.94
-2.94
-1.92
-2.48
-2.05
2.64
6.31
-10.27
-2.05
20.1
2.08
2.82
1.52
-3.46
4.75
-0.16
1.07
0.66
-1.58
1.41
5.54
2.86
2.35
-5.27
-6.09
5.76
-4.94
0.38
6.18
5
6.01
0.56
2.01
-0.36
0.35
1.85
4.97
15.09
5.82
-3.39
5.1
-0.31
-6.44
-2.09
7.74
-7.53
-7.22
2.3
1.79
-5.09
-7.07
0.63
7.88
1.47
1.42
3.06
16.26
-6.55
6.34
-3.12
-0.67
9.12
3.77
1.12
-2.54
2.87
-0.03
7.81
3.19
7.08
3.35
-2.37
2.47
-4.32
0.62
0.37
4.46
0.84
8.05
9.92
1.68
-1.74
-1.77
4.69
-1.96
-7.36
1.88
-3.74
5.61
-1.07
-11.38
-0.28
1.37
-0.22
-1.08
4.41
6.36
-0.59
1.25
1.28
8.76
-3.35
-0.75
-3.44
4.58
8.69
1.57
6.36
1.6
-5.66
3.75
8.85
11.96
-1.48
0.57
10.6
7.84
2.01
-5.62
-4.74
1.63
1.58
2.25
8.77
-7.92
-2.29
-10.97
-2.35
2.06
-1.63
-1.87
1.26
-0.16
-5.39
0.63
4.61
-5.87
-2.97
-6.48
5.54
2.56
0.83
2.23
-7.77
-2.16
0.86
-4.32
3.67
-6.17
5.58
2.87
3.2
2.27
11.93
2.84
-4.57
-3.12
0.27
-4.81
-1.14
6.84
-2.99
0.58
2.85
-3.26
5.65
4.21
2.67
4.13
-6.42
-2.8
5.14
1.99
2.61
3.83
-1.26
7.14
3.81
-0.79
6.81
1.75
5.22
-1.78
7.68
5.17
1.37
9.22
1.18
-1.36
9.18
-1.63
1.81
5.52
2.31
4.33
1.35
9.93
1.69
9.26
1.91
-1.05
2.74
-7.18
8.07
0.63
-0.05
0.57
1
1.59
2.5
5.41
7.38
8.78
-0.88
3.54
-0.77
-3.55
-1.29
3.12
1.49
-5.33
7.42
3.83
-1.28
5.17
-1.28
1.91
-1.11
2.57
5.23
2.9
-1.63
-5.9
8.71
5.86
0.82
3.96
9.75
-3.01
-9.66
11.73
2.25
8.85
2.64
3.31
4.71
3.15
5.16
6.47
-2.48
2.85
9.92
5.17
2.16
1.8
13.08
-2.38
4.2
0.3
-3.31
-0.45
-3.97
-6.79
4.42
6.32
1.68
11.51
2
9.97
4.76
-8.42
0.75
6.11
0.46
4.26
1.52
4.9
-0.28
-2.46
1.45
-3.83
-4.39
8.22
5.96
7.59
-4.69
-2.71
-1.94
5.32
1.43
1.74
0.47
7.71
-2.9
-3.12
-0.77
7.66
-2.19
2.28
6.09
-0.62
-4.15
1.33
-7.38
6.7
-2.88
-1.64
2.25
-0.84
-2.73
0.05
3.74
3.99
-0.94
1.09
-2.59
-0.09
0.82
-5.16
-1.92
-6.15
-3.97
-3.02
13.21
-3.47
4.43
5.62
1.93
-2.37
1.62
11.04
4.22
-3.08
-1.01
-3.14
1.1
3.64
4.83
-0.3
0.6
-2.05
2.4
-4.12
0.85
-2.03
8.8
-1.92
-4.75
0.32
-7.55
10.95
-6.51
3.39
1.3
1.69
-2.05
-4.44
5.89
0.21
4.5
-3.07
7.69
1.96
-5.82
8.06
3.85
1.52
-3.74
3.12
1.25
5.67
1.25
13.31
-3.45
-3.18
11.52
-3.38
5.52
-2.33
4.85
7.9
0.18
-7.2
-4.18
0.05
12.33
7.01
4.75
3.17
2.98
-4.12
-1.99
6.41
1.31
7.39
-2.58
0.14
3.29
3.01
4.82
4.01
-4.05
0.32
-6.84
-2.26
3.18
-2.52
3.76
-2.75
-2.79
8.15
-6.66
10.75
0.43
-1.96
-7.03
-4.77
-0.27
-5.24
3.63
-2.31
-8.59
5.05
4.95
0.51
0.6
-2.29
1.06
-5.08
0.28
5.5
5.76
4.7
7.16
0.71
2.37
-0.12
0.66
6.77
-2.73
-2.64
-2.81
2.95
0.22
-1.51
1.43
2.55
4.88
-0.7
-9.85
5.63
-1.96
-4.15
6.74
9.73
-5.28
1.6
-4.31
2.03
3.57
6.13
-3.17
2.45
4.65
-0.42
2.62
-5.4
1.14
-0.68
-2.43
5.41
-6.38
11.28
1.73
10.25
0.99
1.91
-1.26
2.58
2.93
8.86
7.32
5.14
6
0.89
4.54
1.93
6.09
-8.23
-4.56
1.5
0.98
9.79
4.25
-1.77
-0.57
-1.04
-1.4
-11.39
0.97
-5.32
-12.39
-1.54
2.8
3.39
-0.02
-0.17
8.72
0.31
-5.15
-2.77
3.55
-3.59
1.15
4.39
-7.66
1.86
-2
2.77
-1.2
8.5
-4.32
5.54
-7.58
-0.27
1.22
8.7
-10.04
-7.21
-1.95
3.28
-2.8
0.61
-2.01
-3.02
4.81
7.41
-3.82
-2.6
0.27
4.89
-0.24
5.67
-1.47
4.84
-0.89
-1.66
1.82
-3.12
3.5
1.3
0.81
-9.21
3.89
-8.02
-0.96
2.81
11.29
-11.06
14.69
7.81
2.56
-1.17
3.3
-4.03
0.21
7.42
-3.56
6.01
-6.73
-3.27
-7.42
6.72
10.8
7.24
-2.04
-3.25
4.93
9.22
-1.06
6.31
2.23
1.47
-4.5
-1.4
7.24
-0.8
15.37
-5.02
3.87
-0.56
2.96
4.01
0.6
-0.96
2.5
1.9
1.47
0.07
0.67
-3.25
1.84
4.44
-2.04
-2.1
9.71
2.25
4.77
9.8
-5.57
-1.39
1.94
7.42
6.78
-3.8
7.01
6.83
-3.29
2.01
15.6
7.9
-4.62
4.55
8.23
-8.44
-3.1
11.55
5.43
3.44
4.75
7.33
2.48
10.39
0.45
-1.16
-3.15
-5.4
-0.43
-3.89
10.74
10.1
1.81
5.89
-4.86
0.08
-1.14
0
0.23
3.92
5.5
5.53
1.74
6.43
-3.1
-1.77
2.79
5.78
-5.57
-6.81
8.42
6.9
-1.94
-2.34
9.47
1.34
-2.51
-3.2
-0.07
5.22
-7.94
-1.74
-6.37
1.89
-4.52
6.16
-1.06
-2.74
2.49
-0.66
-0.38
4.38
-8.35
4.06
5.98
-6.23
6.07
3.12
0.2
0.43
1.9
-7.87
5.88
0.46
3.17
6.52
-3.41
0.32
2.17
1.52
-0.94
-0.1
3.02
-1.18
1.58
-0.76
-4.2
1.93
2.62
-6.28
-0.83
-0.27
2.13
0.39
15.78
7.96
-3.18
1.42
-4.47
-0.44
5.42
3.76
2.15
7.28
10.92
0.16
-2.31
5.7
-3.1
-0.02
-2.58
-2.55
9.03
-1.26
4.95
2.57
-0.61
2.11
1.42
6.14
-1.32
-1.56
2.8
-9.99
-3.17
-4.59
3.8
2.45
0.16
3.16
2.45
1.48
7.15
5.89
6.13
5.45
15.25
-0.21
0.91
0.73
-5
-3.03
1.41
4.61
5.18
1.38
-4.57
5.96
-5.89
6.5
2.75
-5.63
-3.31
5.1
-7.24
5.53
-6.16
-3.86
2.78
-1.61
-7.62
5.89
4.09
-1.36
6.85
-4.68
-3.24
3.72
-0.62
5.68
3.59
0.65
-7.83
0.86
-4.08
5.1
-4.42
3.65
0.83
1.92
-2.81
8.95
-0.23
-2.05
-5.15
4.28
8.17
-5.29
20.98
-0.99
-2.41
0.32
-0.42
4.47
-0.86
5.23
0.26
0.99
-0.55
7.73
1.67
11.33
2.74
-2.9
-5.21
8.07
4.9
5.24
3.94
-5.01
0.22
1.16
3.32
2.52
3.45
4.42
1.02
-2.79
9.58
-3.75
6.41
-1.49
-4.4
0.32
8.51
-2.61
0.4
-4.74
-0.98
5.68
-3.92
-0.25
-1.86
-1.79
12.99
2.39
1.14
-3.61
6.86
-0.34
-0.93
-0.46
-1.05
-3.11
-1.86
-2.07
-3.23
-1.28
-0.45
9.37
2.52
-2.15
4.35
-0.83
-2.25
6.65
0.05
-5.65
-8.36
-3.65
-0.09
-3.33
-1.77
7.91
4.43
-1.34
1.35
3.79
8.41
5.01
-2.96
-2.63
-2.82
5.63
-0.52
-1.02
1.27
7.03
-6.33
-1.81
-2.44
0.68
2.13
4.36
3.29
-0.31
7.9
0.4
6.09
1.89
2.72
4.97
0.09
-4.39
1.93
-0.85
1.82
6.7
3.41
-1.17
6.26
-1.75
-2.13
-0.43
-7.27
4.56
-3.73
7.88
1.02
4.93
3.97
4.34
4.74
3.35
5.19
-5.96
5.46
9.96
-5.03
7.41
1.21
-6.95
-2.55
3.01
-12.15
-3.11
4.27
1.63
4.18
6.71
6.01
-4.39
2.82
3.37
0.29
1.8
-8.25
5.76
5.04
1.94
1.75
-5.07
-14.32
5.08
-7.49
-3.74
5.51
-2.03
-1.63
3.97
3.14
0.19
-1.59
1.09
6.97
3.87
-0.95
-10.44
-3.4
-3.83
6.01
0.84
-4.79
-6.62
-5.01
6.38
6.75
1.19
4.18
0.02
4.96
-0.53
-13.11
-2.69
0.52
1.44
-5.09
11
-10.74
3.09
5.62
-9.62
4.14
3.22
12.21
-3.02
3.14
8.8
-0.05
0.72
-0.07
3.98
3.83
-3.63
1.54
-0.36
1.03
1.69
6.1
-2.8
4.81
-6.37
4.97
-4.06
-1.93
-5.18
0.93
9.78
0.95
1.09
0.81
-3.21
-1.03
1
9.97
-1.22
-0.17
9.79
-2.45
-0.19
-2.74
-2.31
10.53
-2.93
2.61
-0.34
7
-4.13
0.2
-2.51
-0.36
1.49
-2.47
6.33
-1.67
-7.3
4.3
3.08
-2.49
1.68
0.55
-5.3
-6.3
-0.94
10.3
6.23
1.98
3.63
2.4
-1.53
-1.81
-4.26
5.5
12.2
2.72
-4.93
3.86
2.97
2.97
-2.22
6.39
-4.8
4.04
-17.93
-4.37
8.16
9.39
13.68
2.37
3.96
1.01
-7.73
-5.11
-2.4
-2.27
-1.85
-6.01
3.36
4.38
6.67
2.75
-3.96
13.65
-3.88
-0.03
-7.6
5.18
0.13
-3.27
-2.41
-3.94
-14.63
1.6
4.17
-1.07
-0.56
-4.3
-1.51
-3.6
4.31
0.35
-4.4
1.74
-3.6
-1.9
9.26
-4.2
-1.43
-0.51
-9.93
-2.53
4.59
13.51
2.97
5.11
7.56
1.83
0.96
-4.5
0.27
-1.75
2.46
-3.34
0.38
2.34
-0.72
8.6
-0.94
-8.89
10.24
-0.76
4.15
3.06
-2.75
10.54
-7.74
8.69
1.25
-13.62
12.18
3.4
-0.22
-1.47
6.53
-4.39
8.43
6.67
-2.42
3.58
9.55
-0.72
4.42
-3.06
0.52
-3.26
-1.04
5.8
-2.04
-0.35
-6.16
-4.43
-2.48
2.58
-0.59
-1.22
-2.95
-1.97
-5.2
-6.56
1.51
3.98
-4.07
-1.6
2.43
8.99
-3.55
-2.68
2
2.36
2.25
3.81
1.14
-1.37
-1.87
-0.63
6.96
4.19
0.36
3.68
1.8
-1.05
4.27
-2.81
9.38
-3.21
-3.59
-2.51
0.9
4.04
4.32
-5.63
1.09
-4.24
2.93
-3.16
-2.22
-0.52
-7.7
4.8
-0.72
3.97
3.22
1.62
-1.96
-1.52
-3.92
-1.4
4.95
4.55
-0.28
6.51
-0.68
-1.11
6.52
-1.75
2.9
5.03
1.39
4.78
-6.32
-1.25
0.94
-1.58
0.83
10.44
-4.59
-1
5.34
0.55
0.74
6.27
6.51
-8.28
-1.13
3.13
8.61
-0.83
4.84
-0.76
-3.89
-0.99
5.47
0.63
0.17
6.09
1.35
-10.95
-1.1
0.58
5.22
0.09
1.16
11.94
7.36
9.4
2.34
3.16
-1.98
1.22
-6
4.96
3.4
-0.77
-0.15
-3.16
-9.54
1.33
2.84
5.65
-4.71
6.84
3.13
2.37
-0.99
-2.93
1.63
-13.3
5.12
-8.8
-3.69
-4.24
-1.4
0.61
-3.11
-1.01
11.35
3.04
3.14
1.55
4.63
3.21
0.31
-2.65
-4.49
-1.07
-0.37
-1.68
9.57
5.98
1.5
8.54
6.75
13.24
1.73
-6.28
-0.2
8.51
2.32
1.82
4.88
7.09
-1.04
-3.69
1.4
1.31
-0.23
5.93
1.06
-1.31
5.44
-2.6
-4.53
-3.07
2.46
-4.06
-8.46
0.06
2.01
-3.97
-6.27
-2.96
6.62
-2.64
-4.11
-2.49
-4.93
0.96
-7.65
5.46
-0.47
5.93
0.53
-2.42
2.12
4.32
3.42
3.85
10.45
8.04
0.74
-5.48
5.25
13.17
8.79
10.1
0.44
0.51
8.33
-4.69
1
14.44
5.71
3.39
4.63
-7.5
10.76
10.28
7.38
-1.51
3.7
-8.6
0.46
-10.35
5.67
2.75
3.67
-4.79
2.32
8.71
1.32
1.61
7.6
9.84
0.66
0.44
4.06
-10.59
10.23
3.02
-11.26
-3.34
2
-0.47
8.98
6.37
0.81
6.25
6.82
-3.59
3.39
-0.89
-3.58
-3.82
8.68
5.22
-6.32
-2.56
10.32
5.38
0.22
1.11
4.85
3.76
-1.47
2.95
-0.12
1.9
-2.19
-1.39
-5.73
4.82
1.59
-0.6
7.12
-9.18
4.88
1.62
3.24
-5.17
-1.78
0.56
-6.86
2.86
-3.12
5.13
7.08
-2.09
0.82
1.36
0.48
5.42
-1.24
2.16
11.04
4.27
6.18
3.99
-2.26
1.78
-3.34
-3.32
-7.65
3.98
-10.52
3.29
-6.92
-2.15
-2
-3.86
1.63
3.52
-2.78
2.57
2.84
3.07
4.69
11.31
-3.61
3.46
-5.57
5.48
-9.1
3.19
0.64
5.07
5.73
12.02
-2.81
1.75
0.76
-6.67
0.65
12.21
5.6
-3.32
4.34
4.51
2.26
-2.32
-6.42
5.4
3.43
-5.54
19.47
1.57
-3.91
0.32
0.81
0.7
3.41
5.4
-8.41
7.14
9.48
-5.87
-1.97
3.21
0.7
5.35
-0.08
0.03
13.66
-10.41
9.01
1.54
1.76
9.62
-2.49
7.99
-2.31
-0.41
0.73
3.4
2.55
-0.76
2.24
0.31
-1.92
4.95
-0.15
0.16
0.38
2.98
-6.06
-7.48
-2.36
4.78
-2.28
3.65
0.98
-0.67
12.07
1.13
1.5
-3.38
-8.36
4.13
-5.69
6.97
0.77
6.36
4.3
-1.96
4.24
5.65
-9.62
2.77
5.28
-5.43
-2.11
-0.48
3.14
1.85
1.93
2.38
1.66
7.53
3.06
-1.84
6.42
-6.29
-1.03
-3.63
-9.5
0.96
4.34
-2.16
2.71
-0.39
-11.26
1.88
3.14
-7.2
8.72
-1.48
-1.72
0.14
-2.26
4.1
1.65
3.03
4.4
-4.05
-2.24
-7.51
0.14
0.49
-5.55
2.91
-6.06
4.4
1.12
-0.98
-0.62
-1.96
4.19
-1.77
3.06
4.91
5.6
5.05
0.8
-4.99
-2.53
-4.49
10.3
7.86
-4.85
4.49
7.38
18.35
-2.38
-2.35
4.11
-3.31
-4.58
0.06
4.83
-2.03
-0.9
-2.74
-2.85
5.02
4.84
-10.06
-0.46
-0.53
7.28
9.29
2.62
-1.01
2.5
1.66
-3.16
5.85
2.08
7.35
8.54
1.26
2.9
6.89
-17.92
4.04
5.8
-8.22
5.02
-1.59
7.92
1.66
4.71
4.85
8.69
-3.08
-2.21
-1.12
-1.4
2.94
4.87
6.53
1.52
3.09
4.37
2.17
-1.47
4.97
-0.24
0.45
3.23
1.83
-5.11
10.54
4.66
5.45
-11.53
2.63
8.79
5.21
-1.53
4.17
-5.47
3.15
7.15
-4.21
2.99
7.66
-3.97
0.09
0.86
3.67
-4.73
5.98
4.24
1.27
-0.77
-4.57
0.1
-2.87
5.87
4.02
8.17
8.68
-3.15
-1.52
7.12
-1.64
9.19
-3.21
-1.51
1.04
-3.66
2.61
12.19
-8.51
0.17
-8.41
8.23
-5.02
-1.7
-1.49
-0.66
-7.87
3.45
-4.51
1.13
3.42
1.73
-0.76
17.13
2.89
-3.61
10.89
1.06
-7.13
0.51
-1.65
7.49
-2.41
-2.07
-2.42
3.22
-3.9
-1.76
-3.6
4.89
7.25
3.43
-2.04
2.39
5.03
-6.96
5.26
3.46
7.42
6.12
-3.65
3.16
0
4.18
0.46
-4.82
9.57
-3.69
10.13
2.68
-5.45
4.95
2.69
2.52
1.86
3.71
2.16
5.74
-1.03
0.39
1.74
2.5
-5.45
-0.48
5.28
-3
4.78
-6.47
4.09
-4.48
-0.13
0.68
4.34
-5.28
-7.66
2.48
-0.84
-5.93
4.56
8.39
1.48
5.27
-0.7
4.11
-8.43
3.47
1.84
-5.17
-0.92
-3.63
1.27
2.19
5.84
-2
1.13
6.17
3.06
5.78
-6.24
-2.23
-3.21
0.84
0.43
3.95
2.67
0.58
8.29
-1.53
5.46
-3.96
5.44
-5.7
6.32
-1.28
4.49
1.66
-4.88
2.36
5.94
1.61
-5.49
6.91
2.85
-2.45
-8.52
0.56
5.76
1.84
2.52
-5.5
-6.35
0.12
2.54
0.71
5.53
5.3
-0.59
2.55
-7.87
-3.96
6.05
-0.64
2.46
7.04
4
-0.88
0.16
7.1
-0.82
-3.07
4.28
6.12
0.21
-0.04
-3.84
3.35
3.09
-1.1
9.14
-3.12
-6.93
-1.41
1.68
-2.41
1.61
0.24
2.75
3.47
16.01
-1.09
-3.01
5.41
3.16
2.33
1.22
3.85
-3.02
4.16
6.14
-9.83
11.99
7.57
4.83
-3.34
0.53
-1.93
9.52
-5.06
4.31
4.39
-0.82
-9.79
1.77
-2.49
-7.53
1.36
-2.41
-2.13
-1.2
-2.24
-6.02
4.92
-4.48
-3.15
2.13
9.58
-3.65
-5.68
0.56
-2.47
4.24
-1.42
-1.76
-0.12
1.11
-1.64
4.49
5.22
1.93
3.24
8.74
1.92
5.57
-6.97
2.92
6.06
5.76
-1.94
0.78
4.78
6.9
0.87
-3.5
0.54
4.21
2.24
1.22
8.56
0.31
-7.38
5.39
-0.58
-3.84
-7.98
5.62
3.11
2.67
-2.81
-1.75
3.2
0.51
-7.12
-1.41
5.34
0.52
1.06
-1.39
-4
6.18
6.53
-6.29
0.94
5.09
3.83
-1.34
0.09
0.41
5.85
-3.9
-1
-0.55
0.78
0.42
-1.15
-6.24
1.5
-3.28
-2.82
0.2
1.95
-1.45
4.42
-2.44
-1.4
3.94
7.47
8.5
-0.38
-4.73
0.22
1.53
-7.1
-0.88
-0.03
1.94
1.13
1.35
1.62
-5.58
4.98
6.94
0.18
4.17
-0.44
0.45
7.32
0.5
-5.03
0.39
1.35
2.89
3.38
13.64
0.08
6.18
-0.66
1.49
3.96
9.11
1.13
0.26
-1.22
3.75
-4.2
1.71
7.95
4.51
8.24
-3.31
3.04
6.08
-5.17
-1.16
6.92
7.01
-4.4
-2.99
9
-5.03
-0.36
-3.92
6.39
1.45
6.92
3.53
7.93
4.6
-0.86
6.36
-1.21
-2.53
-2.56
5.83
-3.35
12.37
-10.4
3.44
-1.76
4.66
5.13
0.71
2.62
3.28
2.67
9.11
2.44
5
4.7
-4.25
4.65
-5.11
2.03
-1.77
3.47
1.73
-0.23
3.14
0.83
0.93
-1.97
2.77
-3.41
-0.22
2.67
-4.83
-2.67
6.67
-6.01
6.1
5.26
-5.59
-0.88
2.26
3.92
7.14
12.18
1.4
13.31
-2.02
4.56
10.18
5.19
-0.88
1.89
-3.04
1.64
-4.26
-4.43
3.16
-3.82
-7.5
-0.73
6.99
6.63
6.27
7.12
-2
1.18
11.84
-5.61
3.85
0.57
-10.44
1.16
9.71
4.73
0.82
-3.14
-10.07
1.86
5.6
-0.48
2.94
8.98
4.27
0.37
12.23
0.72
2.52
3.82
6.7
-2.3
6.92
1.23
-6.53
10.45
3.68
4.48
12.55
-2.41
-0.1
8.94
2.12
7.97
1.39
3.47
-0.25
7.49
3.3
0.52
8.07
3.62
4.2
3.05
-0.51
-0.72
-2.1
5.72
2.15
-2.53
0.59
-8.26
3.22
-2.34
4.69
5.69
3.59
10.51
-2.81
-6.34
1.74
12.99
4.42
-4.53
-6.57
3.33
-3.06
4.71
3.83
-6.41
-3.02
6.58
3.45
-9.45
3.32
6.12
-0.87
-5.85
1.23
0.43
5.6
10.08
9.83
4.36
1.52
2.87
-4.56
-8.72
-1.16
1.03
6.3
-4.18
-2.14
4.66
4.15
13.69
-3.06
11.07
-8.83
9.7
8.44
2.44
3.47
6.39
10.52
-2.01
8.55
-3.64
-2.38
2.29
-1.04
-0.11
-5.38
11.59
2.57
7.29
1.63
-3.48
-6.95
-4.16
-2.95
-6.37
-10.33
-6.62
7.51
-0.41
-10
-5.03
2.4
-0.41
8.4
10.69
2.46
4.54
-10.24
-1.59
4.88
4.72
-3.33
5.72
-1.44
2.4
-2.7
-2.42
-4.95
4.8
-5.77
9.88
13.33
-7.07
7.31
6.72
-0.4
-7.35
9.56
-1.66
5.95
-1.59
7.42
3.03
8.65
0.78
-6.63
-10.94
7.93
8.11
7.64
0.97
5.82
5.95
-0.44
-3.73
-2.87
-0.87
-1.46
-1.03
-6.65
-4.84
4.01
-1.78
-8.76
2.08
10.72
-3.24
4.53
-0.86
-1.36
3.32
2.85
2.62
-5.99
6.33
0.42
-1.08
2.49
8.01
7.07
2.36
10.68
3.03
-4.66
7.05
0.63
-3.2
9.94
4.09
-3.19
2.45
-1.68
-1.41
-3.33
-4.56
-3.42
-1.65
1.8
-4.08
-5.77
2.13
-1.64
7.94
1.48
6.33
-7.33
-10.1
-0.78
-5.53
7.01
6.37
-1.39
-1.2
-6.16
-7.4
-0.63
7.99
5.03
1.3
-6.46
1
-2.4
1.91
3.56
3.13
-1.13
6.41
0.88
-1.98
6.4
-0.62
1.28
-4.97
-3.96
5.86
4.42
-7.36
-2.06
-9.45
-7.32
-11.27
-4.17
0.31
4.82
-9.5
2.45
-4.68
-2.21
0.68
6.93
-1.72
-4.28
2.46
0.06
1.96
-2.68
-5.6
4.95
3.58
3.82
6.14
-4.6
1.78
0.74
3.43
-5.75
5.55
-6.32
4.89
0.38
-2.48
1.16
-1.99
-0.54
0.24
6.97
14.66
3.74
12.25
0.28
6.19
-1.37
5.81
1.11
-10.76
5.56
-6.69
-8.12
5.39
5.93
6.34
4.77
-4.69
-6.71
-1.24
1.14
5.37
2.92
2.78
7.96
3.21
4.43
2.04
1.54
-0.49
8.51
4.2
-4.68
2.68
15.21
15.68
2.02
8.94
4.22
-3.68
6.67
-0.9
1.81
-1.76
2.24
5.2
-1.01
-10.3
5.56
-2.75
0.55
0.13
1.26
-8.41
-3.53
2.13
3.32
7.23
-3.62
0.87
-2.7
-3.81
5.19
10.93
0.54
2.1
1.76
5.55
-3.87
5.96
-2.35
4.87
-4.93
9.11
-2.61
6.94
3.85
4.35
4.85
2.55
5.44
6.24
0.25
-2.61
-2.06
3.91
-2.97
-8.1
1.44
5.55
-0.71
1.59
-2.49
4.73
-0.47
-2.76
10.11
-0.17
3.96
0.86
9.3
-0.39
-2.96
2.08
0.04
0.6
5.53
-10.58
1.57
0.7
6.79
-4.09
9.81
-0.33
7.1
5.54
-1.57
-1.78
2.69
0.6
-7.09
-3.23
-3.43
0.52
3.01
3.58
-0.79
-1.77
3.06
8.6
-1.57
1.15
0.24
2.68
2.64
-4.76
2.67
-2.37
2.01
5.25
-2.55
4.75
-2.92
3.83
0.47
5.02
2.57
0.09
-3.25
-8.06
5.99
-1.04
11.13
-9.42
1.09
10.6
6.63
-2.73
-5.19
-0.26
-1.48
1.47
2.03
4.31
-1.81
3.35
1.38
2.33
2.3
10.85
-13.4
9.2
-0.07
8.44
6.39
8.71
1.32
8.94
0.52
-13.2
-0.15
1.32
-2.27
-0.29
0.02
-1.85
5.42
10.24
6.45
3.65
-1.18
-0.79
9.8
8.82
3.07
8.56
-4.99
-0.65
13.37
-0.78
-0.01
2.56
-2.98
1.8
8.4
-2.1
3.7
3.52
-5.19
1.01
10.15
3.33
1.41
1.99
-5
0.45
1.95
-10.12
0.86
1.65
-0.66
0.74
-0.48
7.56
3.41
5.67
14.59
-10.9
-0.43
1.37
3.04
1.33
4.1
0.03
2.55
9.97
-1.12
-3.82
-5.38
-1.09
-1.92
1.89
-2
-3.05
-7.88
-4.68
-5.02
3.61
-3
5.09
-0.77
5.27
-1.34
5.38
-11.07
-3.02
-2.04
-9.2
8.76
2.97
5.16
0
-6.45
0.52
-0.09
2.04
-0.12
-5.77
-6.85
4.23
-1.34
-9.88
-0.44
1.95
-0.45
10.21
1.09
-6.49
11.72
2.6
5.25
-0.03
2.18
2.53
5.37
-5.66
-1.76
6.24
-0.71
2.33
-0.6
3.36
-1.52
-0.47
12.52
-6.17
6.76
4.65
-1.93
-3.4
2.76
-0.94
3.88
-3.01
-1
3.52
4.84
0.25
10.96
2.84
5.43
2
0.17
7.43
-5.26
2.2
8.2
-2.58
-2.34
9.61
6.05
-2.11
3.57
7.19
-8.42
-2.38
6.32
-3.79
-0.12
2.99
-0.26
0.85
1.61
3.39
7.31
11.4
3.97
2.2
-1.02
-3.45
-1.79
1.14
0.68
0.77
5.87
4.03
-2.43
1.6
8.42
-0.67
1.64
1.81
3.59
4.82
6.23
9.21
-0.57
-3.75
-2.61
4.74
11.04
2
12.8
3.06
5.8
14.11
3.33
0.28
4.64
8.09
5.39
-9.04
-2.32
-6.15
-2.84
-6.26
-1.74
2.01
3.28
1.7
-1.42
-0.87
4.86
6.08
4.76
3.77
-0.14
9.19
4.93
-1.32
0.48
-1.2
3
0.59
-0.59
13.36
5.17
-0.19
0.29
-1.28
0.97
4.62
-4.04
-0.47
-5.34
15.38
-0.12
-2.43
-1.01
5.71
-3.2
6.74
7.46
-5.32
4.42
6.18
1.88
9.14
-0.51
1.07
-6.89
2.76
6.94
7.65
-1.13
4.99
5.37
2.12
0.53
-7.4
-2.71
7.65
-4.14
2.38
-9.73
-9.78
-1.23
3.03
-0.65
0.76
-0.62
-3.89
-6.82
0.81
-2.5
3.16
3.61
7.8
8.51
4.46
3.47
8.28
0.48
3.84
4.72
6.6
-5.45
-6.8
-9.29
-0.81
1.33
9.21
-0.01
-2.08
2.12
7.85
-10.94
3.13
12.77
4.01
6.04
1.32
11.49
3.79
-0.3
2.16
-1.19
4.07
13.23
4.14
-0.28
-1.16
4.63
2.03
3.67
-2.04
1.72
-3.65
11.72
-10.93
-0.6
3.42
-5.39
7.78
4.98
2.14
-1.68
-1.54
-7.75
-1.35
-4.25
2.74
-2.83
5.11
-6.68
10.16
5.62
-6.48
7.37
1.79
-3.25
-3.84
0.63
8.8
1.29
9.52
-3.44
-0.77
16.22
-2.83
-6.55
-0.2
16.92
7.73
2.14
6.09
-2.92
-3.91
-3.16
-0.73
0.74
3.37
3.6
2.15
-0.32
-1.13
-0.46
2.12
-1.2
5.17
2.37
0.81
-3.14
-0.53
-2.91
3.19
5.29
-8.71
9.05
0.89
3.97
0
-0.68
1.2
2.93
0.81
-0.41
8
-2.85
-0.92
1.83
4.24
-3.15
2.27
-0.77
-0.4
-2.59
5.71
-4.59
-0.26
3.3
6.72
2.35
-1.53
1.05
-4.75
1.05
-0.94
-0.29
2.92
-1.53
-3.6
4.09
4.22
-6.66
0.88
4.8
-7.03
2.87
-0.31
-0.74
5.15
-1.9
2.82
-5.36
-7.31
4.28
-1.85
3.77
9.86
0.53
-0.47
2.28
2.06
-2.98
8.45
3.13
7.56
8.95
-2.39
-1.67
-5.51
2.46
3.56
-6.12
-0.54
0.34
0.62
2.72
4.07
16.62
2.89
-1.35
-2.32
-1.16
-4.72
2.76
5.24
-5.72
2.49
-3.91
-0.31
0.68
4.21
7.88
7.9
-0.64
9.94
3.53
-3.66
5.47
2.75
-0.98
2.78
-0.41
-0.66
7.22
-3.15
1.36
3.9
6.32
1.67
-9.74
-2.03
6.07
-13.41
1.15
-1.53
1.27
1.37
-2.3
2.05
0.36
4.1
0.75
5.3
7.21
-3.02
-1.08
-3.08
2.38
3.46
1.74
-2.39
12.71
1.66
12.3
5.8
5.59
-4.88
3.07
2.57
1.04
-2.42
6.68
-2.31
2.86
-6.56
5.48
-3.38
-0.53
0.42
-0.77
-6.9
7.82
-6.06
-1.12
-0.5
3.35
13.97
-2.54
5.48
-2.65
-1.83
-2.98
11.02
0.79
-4.22
-2.54
-1.27
2.7
3.14
-5.48
-4.35
5.32
-2.57
10.71
-6.55
-2.7
0.26
0.3
1.31
6.84
0.23
-0.42
-0.38
3.96
4.79
0.69
1.14
9.91
5.11
1.97
0.69
1.8
4.29
-10.39
2.03
2.56
0.31
10.12
3.06
2.56
6.34
3.14
-3.43
3.92
3.13
-1.45
-3.29
-6.75
2.05
3.4
3.48
-0.63
-2
8.91
-2.15
-0.37
1.67
-1.3
-7.03
-0.34
-5.64
3.7
1.63
-7.96
-1.22
2.91
-2.36
-5.6
-5.96
-0.08
7.22
6.61
-2.36
2.9
3.95
2.36
-0.61
3.26
5.53
-5.92
-2.73
2.42
0.94
0.61
-10.2
2.02
-3.22
1.54
2.11
4.9
-1.2
6.22
-6.84
8.08
1.67
-2.13
7.41
-0.89
3.72
-1.49
4.69
2.62
0.72
-4.34
1.61
-7.93
1.77
1.76
3.17
0.31
0.22
-2.71
-1.16
-3.52
2.24
5.37
10.13
2.68
5.3
-7.79
2
0.7
4.73
16.53
1.54
3.57
1.45
-3.65
-1.16
-4.42
-6.27
7.67
-2.98
1.71
-0.48
-1.46
4.83
-3.15
-0.39
4.2
-0.65
-2.14
3.63
-4.74
3.98
-2.77
0.19
2.87
5.04
1.8
2.26
-0.8
1.69
1.07
13.06
3.46
-8.94
11.3
7.9
2.76
8.28
0.02
16.38
-2.67
4.88
-0.64
-4.71
-2.3
3.79
-0.44
-0.65
6.97
-0.56
7.04
7.09
10.13
8.92
-7.42
-3.47
-6.99
0.49
5.19
-3.99
10.12
2.13
5.35
-0.27
0.5
-2.3
3.07
3.02
-6.59
-1.09
2.82
-3.02
2.06
-1.95
3.92
-10.87
3.58
1.76
5.01
-4.76
1.55
2.88
9.58
4.29
0.85
-2.68
5.83
9.75
0.58
1.93
3.94
0.73
-0.88
7.07
-0.6
0.95
0.55
-5.19
15.21
-5.66
-10.09
-1.43
1.73
6.08
1.5
10.56
1.93
-0.95
1.85
6.97
-0.05
2.54
-0.14
-1.09
-5.03
6.17
-3.63
1.18
9.7
10.87
3.66
5.65
5.51
10.15
-4.31
6.17
1.44
2.46
5
1.09
-0.31
1.65
-3.8
-14.75
5.59
6.16
-1.37
-3.03
3.72
-1.12
-4.9
1.48
-3.27
4.63
5.23
-3.33
-0.91
4.24
0.31
-0.91
-9.68
-2.19
-3.22
-2.28
-2.68
-3.04
9.1
2.8
-2.97
-0.74
-1.15
-4.97
4.22
-1.91
6.77
-1.65
-0.97
-1.66
-0.78
-8.6
3.34
-3.13
-4.19
10.46
-7.99
1.69
-10.93
-0.86
0.72
1.33
3.21
-1.67
-0.3
4.04
-5.87
-3.78
3.81
-0.64
0.42
0.19
5.3
5.76
2.4
0.8
0.97
-3.22
7.88
-4.47
-5.96
1
1.45
-5.96
5.16
-2.21
2.87
-6.14
2.84
3.91
6.21
-1.37
-1.42
3.9
-1.2
-2.71
-1.01
-6.9
-0.69
-0.56
-3.17
-4.2
-1.68
13.89
4.56
8.22
-14.06
1.34
6.72
-5.23
9.59
-5.6
-4.92
0.56
-2.05
-7.21
4
-1.16
8.54
-3.96
1.9
-4.55
-6.68
-0.49
0.14
-1.22
1.79
2.64
5.71
13.16
6.7
1.7
-3.92
-0.98
-0.89
-3.67
1.64
-2.23
2.07
-3.52
-2.44
-1.12
7.18
-7.55
9.6
-6.27
10.1
13.2
-3.73
-2.22
1.83
5.72
6.51
2.37
1.21
-1.5
1.91
11.31
-3.08
-1.81
7.96
-3.42
10.39
-3.2
3.09
0.44
1.53
8.41
-0.99
5.22
4.25
10.49
-1.56
5.02
0.65
1.43
7.09
1.42
1.7
2.29
-1.58
-0.35
3.41
5.86
-0.87
-0.73
-9.24
-0.25
3.86
-1.98
3.7
1.13
-6.49
-0.63
1.02
5.81
3.13
2.99
-1.68
17.86
2.92
-5.02
-1.66
1.25
2.42
14.04
3.11
10.68
-2.64
-4
-0.31
0.54
5.8
10.49
3.35
-2.31
-7.17
-0.57
7.93
-0.7
2.98
0.44
-1.27
0.69
-3.4
-5.98
-3.49
-12.31
19.06
6.11
1.83
1.09
-4.6
-3.09
5.26
2.94
-2.68
-2.67
0.56
2.44
-6.59
4.5
1.88
1.12
1.19
8.04
-1.09
7.8
7.56
2.7
-0.28
1.4
5.9
0.58
2.91
6.73
-4.27
-1.25
3.89
-1.18
6.69
9.45
0.67
2.81
5.52
7
0.09
-4.22
-0.9
0.76
1.75
1.68
-8.13
3.96
-5.37
9.43
-3.9
2.22
-5.83
4.18
2.83
-0.11
2.38
2.32
-0.3
-1.83
5.06
3.72
-2.11
3.96
-0.35
4.03
-15.11
4.31
0.54
6.06
-5.46
2.61
-7.87
10
6.34
3.08
1.83
2.57
0.27
-0.49
2.65
-2.71
-3.78
0
1.3
2.67
1.29
0.4
-6.98
5.14
0.61
-2.26
6.32
3.83
2.46
-0.96
-1.49
15.93
-9.8
0.64
-2.78
22.41
6.66
2.34
4.61
9.05
-11.2
-0.13
11.92
3.65
-4.66
-1.87
3.28
-1.46
-9.14
1
-0.5
-0.81
-0.78
-3.59
0.85
17.44
5.89
0
-1.93
7.31
7.21
1.68
2.07
9.77
-7.3
10.65
0.79
5.26
0.12
-3.29
-0.21
4.72
7.37
-1.45
-0.05
4.64
8.48
2.21
1.63
1.37
-3.04
-0.64
-2.07
-2.75
0.25
4.66
3.8
0.79
-4.39
-5.05
4.2
10.62
0.29
6.75
-4.7
3.38
0.05
1.54
1.75
3.29
5.96
-5.59
6.44
-3.51
-1.08
4.89
0.08
0.52
-6.55
-0.92
-0.52
-2.24
-9.36
-7.55
-7.55
0.4
3.96
-5.57
1.52
-5.75
-0.74
-7.16
-1.34
-1.4
-0.07
-4.12
1.61
-6.79
1.16
-3.32
7.86
6.82
5.4
4.74
6.81
-6.51
6.01
-1.81
1.74
3.97
-6.38
-0.44
7.22
9.98
-2.36
11.95
3.22
12.64
-2.26
2.95
-7.55
-1.15
-1.96
-1.29
5.21
14.9
6.9
1.84
-6.26
3.96
5.52
2.94
11.64
10.45
6.79
0.02
-2.18
5.43
0.54
-0.23
0.81
0.28
2.86
4.44
-2.1
4.42
1.21
1.98
5.35
-0.97
1.27
6.67
1.36
-1.9
0.06
1.94
-13.88
-0.14
1.29
2.98
-6.63
-4.52
-0.95
7.49
-1.93
-6.75
6.92
-7.06
0.26
0.59
4.07
5.87
8.73
1.67
10.54
-1.71
6.74
13.46
7.92
-2.28
7.67
5.74
3.19
6.56
0
14.95
1.41
0.97
4.82
-0.23
-3.78
-1.58
-1.12
1.24
8.49
1.82
-3.31
-0.27
4.87
-7.91
3.02
2.68
-7.31
4.35
-5.66
5.93
3.17
4.83
-3.2
7.03
7.41
1.16
1.76
6.24
13.49
1.96
-2.07
1.86
-6.28
0.57
2.15
0.85
-0.95
-1.97
5.77
-6.31
-8.45
12.68
-2.95
1.81
5.03
-1.95
0.84
1.09
4.55
5.44
0.77
2.26
-5.33
2.13
-0.24
-4.06
14.72
-3.59
-5.97
7.34
7.23
-0.25
7.04
5.65
13.53
0.95
-4.68
6.21
4.48
-2.05
5.72
9.69
-0.18
-0.69
-2.08
5.89
-1.72
-0.34
2.37
0.03
1.89
7.22
-0.48
0.62
0.48
-0.26
9.4
-7.84
1.5
1.31
6.26
4.19
4.56
7.46
0.62
-4.24
-3.5
4.17
3.8
-1.92
-0.61
0.57
-0.53
7.16
0.28
1.94
3.64
-4.42
-5.69
0.68
11.79
4.04
-0.02
0.09
0.87
12.15
7.55
0.17
-7.02
11.3
5.25
0.58
-7.53
9.44
0.36
2.02
7.67
-0.63
-6.56
4.19
0.28
1.06
16.72
12.83
5.87
-3.23
-3.86
-5.78
-2.24
-5.19
-2.62
0.64
5.61
-3.4
-8.6
-0.8
-3.04
-2.33
7.72
1.49
-0.29
0.21
5.04
2.8
-6.3
3.93
-1.07
3.47
-2.78
7.87
5.52
-7.67
0.3
-0.67
1.35
0.8
2.4
-1.61
0.72
0.79
5.17
-0.96
9.12
-0.14
0.75
-10.15
-0.83
-12.04
-10.94
-6.62
-15.01
-0.22
0.12
-3.18
4.29
-3.41
3.47
-9.24
3.29
9.46
-5.86
1.2
6.7
3.5
2.41
2.18
0.01
0.6
-0.34
1.67
-3.81
3.17
12.55
-1.17
2.05
-9.27
3.57
5.36
3.67
-3.29
2.87
-10.82
3.34
2.3
-2.01
-0.12
9.35
-4.33
-4.95
2.38
-4.33
4
3.82
-1.57
4.55
-4.27
-3.24
-4.15
1.61
-1.32
6.37
2.6
10.11
-4.38
-5.04
1.13
5.45
5.62
4.44
-3.52
6.54
1.22
7.43
-6.57
-4.44
3.88
3.1
-2.55
-4.32
-3.25
7.38
-1.83
2.98
0.81
1.09
0.02
6.1
3.15
5.06
0.78
4.7
-6.19
-1.78
14.53
-1.3
-6.94
-4.18
4.31
1.72
0.66
15.79
5.7
1.45
-4.24
11.25
-0.84
-5.53
0.66
7.18
-3.41
-2.6
-4.78
2.39
5.15
6.25
2.16
1.96
4.18
6.97
1.13
-1.8
0.69
-10.51
2.66
-9.47
5.04
3.85
1.64
2.47
-7.29
-4.1
-2.25
12.26
-6.6
3.99
-2.14
-0.35
4.64
2.8
-10.55
10
8.88
-4.18
8.74
-1.28
7.56
-1.46
3.1
5.58
5.93
-7.67
-4.69
4.31
0.29
-4.34
2.12
-7.37
-0.98
6.27
5.63
2.81
-6.27
-2.97
1.62
2.11
-0.95
0.9
-0.99
0.09
4.89
1.42
9.44
-7.77
2.41
2.76
6.97
-0.63
-1.27
13.62
0.58
2.9
0.66
-4.02
6.08
0.89
1.74
-1.54
4.02
1.46
6.6
-9.12
-1.71
-5.98
2.36
-2.69
-2.02
4.96
0.05
6.67
3.93
4.34
5.68
1.64
-2.73
3.56
7.84
-5.15
0.04
-11.64
1.68
-3.27
-2.51
-1.69
-7.55
1.97
5.36
-3.92
-0.94
2.87
1.46
5.65
0.65
5.14
4.26
8.75
3.18
8.15
-0.38
2.54
4.61
8.44
3.7
0.29
-4.28
7.67
-2.2
-4.34
4.59
-0.72
2.84
-0.39
-0.6
3.82
-0.13
2.95
6.29
