2.5619
2.5089
2.7080
2.4924
2.9069
4.2058
2.5763
2.5080
2.5255
2.5934
2.4568
2.5458
2.6026
2.6477
2.5389
2.4935
2.5694
3.2301
2.4306
2.6277
2.5795
2.4619
2.9456
3.9824
3.4848
2.5084
2.4622
3.4971
2.3460
7.8915
2.5275
2.5095
2.5001
3.4983
3.8033
2.9472
2.5685
3.5917
2.4891
3.5974
3.8764
3.3032
2.6194
3.5764
2.4628
2.5640
4.0453
4.2421
2.4750
12.1913
2.4857
2.4638
3.1967
3.9128
2.5359
3.7670
2.6204
2.5709
3.5627
3.6532
3.6034
3.6161
2.5267
3.5950
4.0302
3.9912
3.5229
3.7330
2.5721
3.6181
2.4590
3.4170
2.4243
3.7538
3.0128
3.5505
2.4769
3.7709
2.5032
3.8692
2.5003
3.6183
3.6224
3.7941
2.6413
3.6704
2.5199
3.5178
3.5369
3.9624
2.6165
3.6641
2.4587
2.5413
3.5592
3.3084
2.5998
3.7035
2.5449
2.5917
3.5323
3.7645
2.5294
3.7232
2.4208
2.5237
3.6080
3.8159
2.4363
2.5192
2.6003
2.5938
3.8095
3.5335
2.5077
2.6177
2.4542
2.6193
3.7527
3.5988
3.4993
2.5653
2.5604
3.6976
3.5690
3.5731
2.5147
2.5658
2.5653
3.6100
3.4323
3.5560
2.4826
2.7302
2.5494
3.9180
2.4388
3.5652
2.6074
2.5012
2.4781
3.9687
2.3614
4.1980
2.6248
3.2742
2.4644
3.7880
2.4367
2.5473
2.5278
3.3921
2.5239
3.9418
2.4661
2.4863
2.5808
2.5742
3.4631
3.6974
2.5057
2.5863
3.5757
2.5573
3.5802
3.6455
2.4517
2.5214
3.5307
2.4748
3.5951
3.9761
2.3919
3.5742
3.6008
2.4939
3.4024
2.4938
2.4179
3.5749
3.3745
2.4879
3.5122
2.4879
2.4592
3.5290
3.5966
2.4736
3.5617
3.4731
2.5488
3.5249
3.5243
2.5879
3.5422
3.5291
3.5430
2.5541
3.6244
2.5043
3.6243
3.5786
3.5359
2.5387
3.6289
2.4837
3.5674
3.5251
3.4176
2.4644
3.3887
2.4781
3.5235
2.5751
3.4417
3.5116
3.6590
2.4844
3.6212
2.5934
3.5286
3.5427
3.6259
2.4573
3.6957
3.6051
3.4832
3.5351
3.5341
2.5504
3.5835
2.4432
3.5137
3.5261
3.4793
3.6114
3.6020
2.5985
3.5566
2.6164
3.6072
3.5806
3.5927
2.4858
3.5793
2.4533
3.5661
3.5065
3.7076
2.4759
3.4532
3.5491
3.4806
3.6689
3.5799
2.4183
3.4698
3.4972
3.6260
3.5751
3.6390
2.6007
3.5192
3.5399
3.6702
3.5190
3.3702
2.4896
3.4987
3.5319
3.6678
3.5933
3.5267
2.5446
3.5117
2.6231
3.5071
3.5787
3.5902
3.5507
2.6038
2.4401
3.5291
3.5894
3.6550
3.5559
2.5754
3.5448
3.6708
2.5582
3.5447
3.5206
2.4918
3.5069
3.6615
2.4639
3.6141
3.4588
2.4895
3.6166
3.6379
2.4997
3.4347
3.5553
2.4850
3.5351
3.5118
2.4929
3.7279
3.5061
2.4629
2.5645
3.5482
2.4974
3.4407
3.7722
2.5936
2.4394
3.3361
2.4996
2.4786
3.4847
2.5077
3.5254
3.5207
2.5678
2.4360
2.5027
2.5033
3.5780
3.5638
2.4655
2.4771
2.4963
2.4946
3.6156
3.2984
2.4892
2.5319
2.6029
2.4853
3.5135
3.8027
2.5047
2.5078
2.4813
2.4979
3.5503
3.4644
2.4948
2.6257
2.5121
2.5735
2.5514
3.5803
2.5774
2.4901
2.4888
3.6166
2.5330
3.5061
2.6054
2.6210
2.6186
3.5789
2.5786
3.6038
3.5789
2.5436
2.4681
3.5021
2.4419
3.5595
3.5722
2.5406
3.5604
3.7795
3.5631
3.4302
3.6018
2.6084
3.6084
3.5768
3.4988
3.6223
3.5184
2.4917
3.5630
3.5137
2.6006
3.4383
3.6455
2.5004
3.6161
3.6494
2.5765
3.5457
3.6879
2.4726
3.5950
3.5800
2.4348
3.4960
3.4975
2.5439
3.6305
3.5996
3.5535
3.7287
3.5923
2.4359
3.5788
2.4906
3.5292
3.5667
3.5735
2.5135
3.6291
2.5332
2.6131
3.5632
2.6036
2.5485
2.5448
2.4440
2.5872
3.6145
2.5303
2.5398
2.5287
2.4232
2.4448
3.7880
2.6133
2.5755
2.5954
2.4124
3.5613
2.5951
2.5217
2.5022
2.5776
2.5345
3.5294
2.4990
2.5986
2.5081
2.5617
2.4830
2.5424
3.2722
2.5140
2.5121
3.5961
2.4523
2.5391
2.5368
2.6140
2.5266
3.5799
2.4273
2.4255
2.5718
2.4997
2.5228
3.5679
2.4666
3.5158
2.5708
2.4542
3.5562
3.5551
3.5037
3.4741
2.6540
2.6029
2.6996
3.5555
3.5836
3.5362
2.4311
2.4708
3.5462
3.5514
3.5551
2.6209
2.7395
2.6179
3.5497
3.5542
3.5438
2.4322
2.6740
2.5131
3.5555
2.5845
3.5085
3.5096
2.3032
2.5225
3.5674
2.5605
3.5854
3.5281
2.6630
2.5976
3.5827
3.5963
3.5990
3.6612
2.5013
2.5283
3.6514
3.6255
3.5528
2.4307
2.5787
2.5868
3.4165
3.5756
3.3989
2.5943
2.5497
2.5306
3.5581
3.7410
3.5731
2.5999
2.7180
2.5133
3.6440
2.5538
3.5261
2.4939
2.5220
2.5703
3.6334
2.5342
3.5296
3.5839
2.6367
2.5045
3.6114
2.6165
3.5268
3.5426
2.4768
2.5544
3.5937
2.5107
3.6294
2.5219
2.5125
2.5627
3.7028
2.4776
4.1315
2.5166
2.8168
2.5279
3.4467
2.6259
3.2445
2.5450
2.5079
2.5605
3.5283
2.4821
3.6250
2.5531
2.4830
2.5329
3.4814
2.6179
3.2528
2.4312
2.5919
3.5333
3.6672
2.5870
2.5008
3.5591
2.5853
3.5652
3.5545
2.5063
2.5506
3.5032
2.8336
3.5489
3.6343
2.6001
2.5169
2.5963
2.5482
3.6014
3.5206
2.5125
2.5986
2.3913
2.6512
2.5530
3.5569
3.5716
2.5959
2.4314
2.4305
2.5316
3.5035
3.5599
2.5392
2.6146
2.7080
2.6075
3.6233
3.5041
2.5450
3.6020
2.5535
2.5188
3.5776
3.6556
2.5076
3.5322
2.2832
2.5056
3.5183
3.4387
3.5704
2.5782
2.6008
2.5850
3.2574
3.5975
3.5364
2.4135
2.5760
2.5148
2.5139
3.6693
3.4739
2.6202
2.5625
2.5801
2.5338
3.6612
3.5746
3.5535
2.6959
3.5968
2.4393
2.7106
3.6205
3.5931
2.5022
2.2200
2.5052
2.3617
3.6700
2.5900
2.5967
3.5258
2.5202
2.6633
2.9807
2.3936
2.4336
2.3418
2.5167
2.3600
3.0021
2.5875
2.5374
3.7158
2.6560
3.4886
2.6232
3.5376
2.8458
3.6738
2.4634
4.0228
2.8827
3.6072
2.6043
2.3746
3.5519
2.5725
2.5916
2.6147
2.4872
2.2659
2.4588
2.5120
2.5279
2.4017
3.5518
2.3483
2.4726
2.5785
2.5928
2.6022
2.4989
3.7024
2.6743
2.5098
2.5364
2.4230
2.4948
2.3487
2.4721
3.6058
2.6260
3.6044
2.5273
2.2657
2.4105
3.6063
2.5320
3.5978
2.5481
2.5362
2.4743
3.4190
2.6403
2.6125
2.5638
2.4453
2.6208
3.6180
2.5206
2.4340
2.4950
2.8003
2.5388
2.5021
2.5843
2.5533
3.5644
2.6151
2.5975
3.5542
2.4329
3.5433
2.5800
2.4996
3.4894
2.4922
3.5302
2.5650
2.5744
2.6283
3.6612
3.5223
2.5057
2.5087
2.6094
3.4469
3.4450
2.5002
2.5934
3.5563
3.5797
3.7131
2.5857
2.5103
3.5572
3.5464
3.5356
2.4054
2.5920
2.6195
3.5080
3.5820
2.5232
2.5193
2.6123
3.7597
2.9938
2.5155
2.5146
3.5275
3.4663
7.1038
2.5693
2.5248
3.5562
3.6665
2.6289
3.6216
2.5154
2.6337
3.5400
3.2350
3.5399
2.5159
2.4198
3.6397
6.9767
3.7818
2.5874
2.5770
2.4627
2.9426
3.4936
2.4972
3.5556
2.5635
3.8407
3.5852
2.5138
3.4853
2.5016
3.7560
3.5533
2.5290
2.6278
2.3656
2.5541
3.5782
2.8717
2.6002
2.5078
2.5123
3.4633
2.6950
3.5640
2.3666
2.5585
3.5915
2.6310
3.5778
2.4906
2.3993
3.6123
3.6613
2.4620
2.3393
2.4514
3.5888
2.7488
2.4974
3.6238
2.6998
3.4890
2.8471
2.5553
3.7180
2.4813
3.5535
2.9393
2.5433
3.4482
2.5672
3.5918
2.6964
2.4362
3.6384
2.5879
3.5920
2.9597
2.4645
3.5917
2.4229
3.5116
2.5985
2.5816
3.7112
2.6957
3.5343
3.5707
2.6001
3.3762
2.4857
3.4841
2.5129
3.5822
3.6024
2.5559
3.6589
2.7063
3.5649
2.4773
2.5229
3.4692
2.5354
2.5925
2.6222
2.3874
3.7162
2.5625
2.4168
2.4776
2.6227
3.6620
2.5288
2.6046
2.6136
2.4169
3.5773
2.4579
2.4072
2.5869
2.5480
3.6581
2.6058
3.5558
2.4964
2.6874
3.5822
2.6318
3.5083
2.5737
2.6450
3.5970
2.6521
3.5404
2.5032
2.4143
2.5595
2.5334
3.5131
2.5913
2.5329
2.5386
2.4988
3.6021
2.5958
2.4051
2.5740
2.6798
3.5363
2.6287
2.7418
2.5682
2.5465
3.5656
2.5675
2.5958
2.4672
2.7050
3.5255
3.6373
3.6217
2.5601
2.5794
3.5554
3.6434
3.6808
2.4784
2.4987
3.5717
3.6082
3.4478
2.5208
2.5380
3.5484
3.6505
3.5182
2.5189
2.5245
3.5539
3.5536
3.5430
2.4632
2.5184
3.5463
3.4868
3.5867
2.4707
2.5242
3.5499
2.5131
3.5607
2.5602
2.5967
2.6232
2.4969
3.6210
2.5418
2.5029
2.5878
3.5039
3.4851
2.5842
2.5376
2.4869
3.5069
3.5877
2.5218
2.6345
2.4364
3.5669
3.5902
2.5003
2.5013
2.5176
3.5370
3.6684
2.4506
3.6026
2.4987
3.4174
2.5687
3.5464
2.4372
3.5562
2.6254
3.6414
3.5746
3.7145
2.4982
3.6059
3.5844
3.4608
2.3977
3.7154
3.5779
3.6438
2.4046
3.6394
2.5676
3.5243
2.4889
3.6828
2.4417
3.5775
2.5689
3.6351
2.4597
3.4459
2.7969
3.6995
3.4531
3.6103
2.4220
3.6146
3.5312
3.5793
3.6453
3.5655
3.4959
3.6724
3.6073
3.6839
3.5454
3.6432
3.5699
3.6177
3.5045
3.4291
3.7373
3.5496
3.5198
3.4112
3.5857
3.7432
3.4815
3.6113
3.4715
3.5322
3.5069
3.5323
3.4403
3.7107
3.5738
3.5968
3.5677
3.5172
3.5590
3.5665
3.5318
3.6248
3.6091
3.5721
3.5608
3.6408
3.5014
3.5998
3.5992
3.6098
3.6661
3.6536
3.5442
3.6232
3.5473
3.6661
3.5020
3.5815
3.6091
3.5612
3.5432
3.5103
3.5453
3.5904
3.5561
3.5781
3.5473
3.6055
3.5654
3.6444
2.5094
3.5773
2.5207
3.7146
2.5650
3.4163
2.5212
3.5883
3.6169
3.5638
3.5617
3.8554
2.5328
2.4691
2.5851
2.6760
2.5271
2.6626
2.5860
2.7218
2.5931
2.4886
2.5237
2.5175
2.5694
2.4675
2.5218
2.6091
2.5428
2.5055
2.4551
2.5087
2.6936
2.5776
2.5568
2.4086
2.5098
2.5828
2.5785
2.5738
2.5136
2.5785
2.5722
2.4964
3.5789
2.6281
3.6960
2.4184
3.6643
2.7124
3.6478
2.8915
3.9999
2.5687
3.6951
2.4612
3.6509
2.5678
3.8677
3.5541
3.7195
3.0248
3.6522
2.6984
3.7848
2.4793
3.6226
2.5404
3.7425
3.3823
3.5461
2.5321
3.6254
3.5020
3.5843
3.6544
3.8603
3.5953
3.5692
3.9346
3.5932
3.6454
3.6612
3.5377
3.6550
3.6423
3.5775
3.6473
3.6344
3.5986
3.7000
3.7295
3.4118
3.7343
3.6190
3.7174
3.6370
3.6261
3.6299
3.5209
