1.89685
1.16978
0.85227
2.15693
2.37901
1.89009
1.18799
1.22979
1.29382
1.43808
1.71738
1.74024
1.36371
1.83818
1.23087
2.28163
2.11644
2.01714
2.3663
2.00418
2.00443
2.20505
2.30902
2.41301
2.22403
2.60822
1.48402
2.54873
2.54569
1.57375
2.5873
2.12143
2.42247
2.15616
1.34001
1.33973
1.34522
1.33915
1.2341
1.25846
1.17145
1.35368
1.35081
1.43112
0.90603
1.02041
1.10398
0.03615
0.04982
4.02334
4.32663
4.32541
3.9682
3.66626
4.30146
4.34608
4.30622
3.66043
4.52953
4.49901
3.67606
1.26294
1.11921
1.20454
2.37116
1.40833
1.00505
1.07339
1.48472
1.39681
1.17447
1.08849
1.11623
0.56717
1.3937
1.15969
1.01588
1.10314
1.14346
1.05459
2.00202
2.0401
2.3136
2.04585
2.41212
0.8051
0.73011
0.04135
0.77192
0.7668
1.28406
1.33064
1.31124
1.09636
1.1578
1.48791
1.10138
0.62185
1.28525
1.18748
1.2411
1.19891
1.21238
0.74707
2.50814
1.43604
0.97614
1.05129
1.25309
1.53295
1.06511
1.38036
1.25248
3.53085
3.86317
1.13575
1.14235
0.98479
0.9105
1.38402
1.30792
1.35897
1.12568
1.3443
1.17733
1.16025
2.21846
1.30378
2.27496
1.37248
1.04913
1.05175
1.09387
1.4762
1.12214
1.26631
1.16494
1.14054
1.34023
1.15763
1.19778
1.10997
1.07133
1.19264
0.99708
1.33768
1.35912
1.10663
1.58891
2.47241
2.2859
1.43801
1.3541
1.16702
1.28105
1.29713
1.04797
1.14877
1.40163
1.14846
0.95536
1.50162
1.40022
1.37245
2.69831
2.83944
2.85412
2.23529
1.02344
2.67348
1.43646
1.19453
1.15619
1.15696
1.24011
1.09419
1.08413
1.168
1.31385
1.20824
0.84263
1.04478
1.26385
1.29925
1.15345
1.26914
1.0974
1.20617
1.29173
0.98844
1.40279
1.22363
1.24772
1.23267
0.05631
0.22531
1.34146
1.31278
1.16549
1.11595
1.0772
0.98129
1.10422
1.09175
1.24723
1.41311
1.19011
1.40193
1.31799
1.31321
1.39775
2.37901
2.15693
1.38077
1.43702
1.4028
0.88021
1.26831
1.15365
1.15556
1.08508
1.47872
0.83669
2.23258
1.05689
1.12839
