0.03377
0.03734
0.03108
0.04187
0.04286
0.03896
0.02752
0.03136
0.03133
0.03194
0.03641
0.04329
0.03767
0.03994
0.03236
0.04346
0.04333
0.04021
0.04191
0.03891
0.03928
0.04594
0.04195
0.04135
0.04003
0.04204
0.03406
0.04927
0.04557
0.03642
0.04052
0.04115
0.04009
0.0408
0.03591
0.03622
0.03491
0.02524
0.03732
0.03703
0.03791
0.03884
0.03959
0.03821
0.05447
0.03093
0.0234
0.00017
0.00023
0.04031
0.04875
0.05113
0.04502
0.04886
0.06229
0.05681
0.05001
0.02111
0.03078
0.03316
0.03188
0.02451
0.02451
0.02331
0.02291
0.02415
0.0246
0.02446
0.02226
0.02236
0.02313
0.03791
0.01876
0.00044
0.02494
0.03017
0.02971
0.02495
0.0248
0.03379
0.06442
0.06692
0.06573
0.06462
0.06459
0.02125
0.02172
0.00034
0.02215
0.02017
0.02986
0.03142
0.0411
0.02462
0.03147
0.03672
0.01611
0.00049
0.0399
0.03692
0.03744
0.03665
0.03818
0.03449
0.04112
0.03791
0.03084
0.03422
0.02914
0.04034
0.02579
0.03545
0.02975
0.06912
0.07473
0.04196
0.03555
0.03194
0.03422
0.03501
0.03165
0.03187
0.03096
0.03681
0.03499
0.03736
0.0706
0.03494
0.04188
0.03049
0.03382
0.02916
0.02692
0.04174
0.03308
0.03538
0.04061
0.03355
0.03731
0.03815
0.03575
0.03416
0.03487
0.0371
0.03301
0.0417
0.0369
0.03194
0.03576
0.04546
0.03483
0.04118
0.04
0.03677
0.04484
0.04195
0.03408
0.03739
0.04112
0.03456
0.03159
0.04442
0.03888
0.03967
0.04912
0.05259
0.04932
0.04297
0.0345
0.04788
0.04351
0.03804
0.03077
0.03318
0.02888
0.01962
0.02977
0.03293
0.03443
0.0327
0.02438
0.0261
0.04174
0.03761
0.03779
0.04133
0.02465
0.03954
0.03778
0.03193
0.0426
0.04458
0.04172
0.0259
0.00057
0.00279
0.03817
0.03949
0.03323
0.02827
0.03245
0.02735
0.02532
0.02848
0.03493
0.03674
0.03806
0.04401
0.03296
0.03125
0.03899
0.04286
0.04187
0.03502
0.04695
0.02821
0.03127
0.03087
0.04262
0.02844
0.03949
0.04723
0.03745
0.02845
0.03154
0.03238
