4.3909
4.3499
4.0897
5.4823
5.7110
4.4303
4.3933
4.3815
5.9808
4.3494
5.4372
5.9834
4.9395
6.6743
5.7967
6.0246
6.1097
4.9612
4.9097
5.0332
4.8222
4.8946
5.0518
4.9397
5.1008
5.1332
5.1606
4.9606
4.9041
5.0937
4.9132
5.2939
5.0337
5.2335
4.9061
4.9040
4.9480
5.0419
5.0106
4.9093
4.9206
5.1083
5.0136
4.8999
5.0309
5.1038
4.9193
5.1737
4.8741
4.8615
4.9865
5.0288
4.9620
5.0639
5.1609
5.0713
5.4618
5.6400
5.2162
5.3223
4.8164
4.9864
4.8872
4.8291
4.9904
5.4434
5.6999
5.0059
4.8727
4.9850
4.9885
4.9084
4.9784
4.8418
5.0047
5.2259
5.5882
5.2346
6.2114
5.7748
4.8762
4.9738
4.8769
4.8944
4.9886
5.1289
5.4153
6.0807
5.7943
5.2243
5.3513
5.0021
4.8917
4.8653
5.0457
5.0466
5.3362
6.1023
5.6536
4.9766
5.0210
5.5859
5.3910
5.2164
5.0496
5.0574
4.8816
5.1076
4.7934
5.0926
5.6284
5.7506
4.3776
4.3667
5.7136
4.3679
4.6206
5.8098
4.3737
4.3848
5.4694
5.6775
4.3910
5.6790
5.6945
5.7380
5.7188
4.3747
4.3666
5.9851
4.3995
5.6857
4.3810
5.6659
4.3732
4.3676
6.0067
4.5024
4.3610
5.5392
5.6000
5.5036
5.6332
5.0333
5.2188
5.5234
5.2042
5.7752
5.6963
5.0371
4.9476
4.7837
5.1092
5.3014
5.4459
5.1220
5.5043
5.4424
5.0746
5.0344
5.0530
5.0779
5.0472
5.0909
5.0928
5.4185
5.3443
5.0361
5.0298
5.1144
5.0845
5.0426
4.3843
4.3504
5.7313
5.2510
4.3124
6.0649
5.5757
5.6440
6.0738
5.5170
5.6547
5.9365
5.5734
5.9586
5.0390
4.9879
4.9791
4.9344
5.0469
6.2895
10.0035
6.2836
17.8018
6.2709
10.0511
6.2717
5.1460
4.9207
4.8784
5.1080
4.9560
5.0413
6.4402
6.1908
6.0498
5.8874
5.6222
5.8700
5.9138
5.8350
5.2525
6.3993
4.9349
4.9327
5.1296
5.6325
5.3717
4.9803
5.7601
6.0725
5.1613
5.1720
5.8979
4.9959
5.3617
4.9564
5.1750
4.9186
5.2252
5.1050
5.1461
5.0132
4.8662
4.8629
5.1007
4.8895
5.0710
5.0454
5.1241
5.2495
5.1173
5.0634
5.1504
4.8775
4.9178
4.8699
4.9027
5.1142
5.8999
5.2359
5.2136
5.9754
5.8485
4.9575
5.3223
5.4390
5.1084
5.3370
5.1654
5.0473
4.8909
4.8426
4.8711
4.8783
5.1730
5.1114
5.1418
5.2410
5.1010
5.0886
5.1467
4.9848
5.0463
4.8647
4.8698
5.0134
5.1581
5.1238
5.1846
4.9191
5.1724
4.9425
5.1003
5.3660
5.3119
5.0319
4.9457
5.1271
5.0547
4.9988
5.0996
5.5282
5.3838
5.0878
4.9605
5.1096
5.0691
4.9858
5.8507
5.4045
5.1577
5.4455
5.1816
5.7872
5.7580
5.4899
5.0501
5.4894
5.2914
4.9908
5.2742
5.8537
6.1792
5.7194
5.8381
5.2407
5.5187
6.0212
5.2355
5.9725
5.9396
5.9105
5.7654
4.8889
5.2407
5.7599
5.3252
5.7334
6.0369
5.9711
4.9998
5.1565
4.8408
4.8003
5.0495
4.9374
5.1772
4.9005
4.9023
5.0938
5.1644
4.7709
5.0664
4.8144
4.8425
4.7535
4.9920
4.9080
5.0820
5.1858
4.9842
4.9044
4.8376
5.1207
5.7279
5.5238
5.9036
5.4580
4.9464
5.7753
4.9738
4.8651
5.5888
5.7576
5.4671
5.8688
5.1982
6.0828
5.8387
5.8450
6.0043
5.6889
5.8341
5.9899
4.8552
5.6224
5.8840
5.4000
5.5358
5.4589
5.0376
5.5095
4.8970
4.8172
4.8800
5.0077
5.0207
4.8053
5.1526
4.8394
4.7862
4.8352
4.9578
4.9130
5.1205
5.1798
4.9823
4.8705
4.7996
5.0950
4.6278
5.1394
4.3511
4.4184
5.8222
4.3448
5.5888
4.3617
6.7568
5.7186
5.1571
5.9150
5.6351
5.3620
5.7867
6.1297
4.9970
4.7876
5.0756
5.0697
4.9973
4.8907
4.9627
4.8732
5.1086
5.0080
5.0816
5.3020
5.8497
5.8373
5.1487
4.9428
5.0456
4.8914
5.8318
6.2292
5.8431
6.2752
5.7870
6.0304
5.8919
6.3410
5.0249
4.9405
4.7481
4.9851
4.9591
4.7253
4.9314
5.6521
5.8411
5.5583
5.9939
4.3730
4.3129
4.4856
4.3995
6.1474
5.6273
4.4049
4.3950
4.3227
4.0487
4.3802
4.3251
5.6965
4.4472
4.3860
5.7478
5.6624
4.8715
6.0197
5.1326
5.5363
5.6107
5.9242
5.5851
4.8931
4.8756
4.8093
5.3170
5.5819
4.8161
5.0838
5.7669
5.0285
5.0350
5.2489
4.7998
4.7962
4.8209
5.0003
5.0666
5.0828
5.1738
4.9651
4.8319
4.8417
4.8855
5.0644
5.8564
5.3080
5.0104
4.9407
5.6910
5.5189
5.1383
5.0127
5.0593
4.8992
5.3122
5.1881
5.4383
5.4958
4.9497
5.2502
5.1909
4.9462
5.2465
5.1281
5.1068
5.3351
5.0316
5.1215
5.0543
5.4297
4.9419
5.2529
5.3171
5.0470
5.0723
5.0395
5.1203
5.0447
5.0817
5.3601
5.3455
5.1051
5.0385
5.0372
5.1011
5.0581
5.0525
6.0408
5.4558
5.8527
4.9519
5.9324
5.3897
4.9041
5.0841
4.8915
5.1128
5.2645
5.2126
5.1066
5.0996
4.9282
5.0446
4.8929
4.8806
5.1213
5.1425
5.0012
4.9549
4.9264
4.9967
5.1033
4.8599
4.9246
5.0364
5.0548
5.1194
4.9094
5.3298
4.9608
5.1243
5.0404
4.9977
4.9833
4.9686
4.9257
5.8488
5.2420
6.0887
6.1318
5.5740
4.9005
5.7660
4.9179
4.9291
5.1253
5.9063
6.0203
5.3679
5.9798
5.7785
5.9875
6.0511
5.7916
5.7152
6.0142
5.3082
5.9663
5.6625
4.3814
5.7403
5.7140
4.3808
5.1017
5.1164
6.9815
4.3494
4.3769
4.7683
5.1162
4.9243
4.9471
5.7193
5.7323
4.8950
4.9547
5.0199
5.1555
5.5534
5.5109
5.6707
4.8840
4.9307
4.9854
5.1154
5.2304
6.1733
5.1569
5.6820
5.6021
5.9571
5.2934
4.8867
5.0627
4.9039
4.9341
6.1307
5.8989
5.0404
6.0913
4.8422
4.7542
4.9334
4.8285
5.6068
5.8995
5.6076
6.1094
4.7608
4.8563
4.9897
5.2313
4.7439
5.8080
5.7348
6.0475
5.0700
5.0029
4.8393
4.7856
4.9226
4.9153
4.7534
4.7947
5.3186
5.1335
4.9417
4.8775
5.0399
4.8051
5.0978
5.0811
4.7722
5.0713
4.7664
4.8163
4.8329
4.8236
4.8096
5.3137
5.1059
4.8039
4.9894
4.9103
4.9012
5.1479
5.0325
4.7878
5.1574
6.2581
5.8156
5.7122
5.6621
5.2553
4.5536
6.1808
5.2222
6.1459
4.8847
5.8814
5.5397
5.9061
5.2122
5.7209
5.8232
5.6227
5.0499
4.9562
5.0202
5.0578
4.8594
5.1910
4.8184
4.8607
4.8326
4.8459
4.8793
4.8582
4.8271
4.9136
5.0676
5.1994
4.7868
5.0402
4.9731
5.2283
5.1692
4.9601
4.9147
5.0275
5.1341
4.9819
4.8612
5.0062
5.0387
6.2950
5.6797
5.1119
5.0876
5.1844
4.7822
4.9929
5.1274
5.1979
4.9795
5.0439
4.9294
5.0378
5.0686
4.8746
5.8469
6.0313
6.0584
6.0693
5.9815
6.0632
5.8362
5.8934
6.2215
6.2093
5.7058
5.9609
5.1260
5.2536
5.9100
5.6298
5.9213
5.9009
6.2624
4.9257
4.3619
4.3659
4.3723
4.3733
5.7417
4.3760
4.3654
4.3732
4.3909
5.8115
4.3663
4.3633
4.3714
4.3701
4.3812
5.6661
5.7853
5.5249
4.6170
5.6819
5.4944
4.2761
5.6814
5.5795
4.6277
5.6138
5.5881
4.3143
5.0996
5.1055
4.8604
4.9854
5.0236
5.1286
5.0756
5.1032
5.0419
4.9499
4.7348
6.1314
6.0164
4.8627
4.9549
4.8840
5.0127
5.1435
4.9116
5.0124
4.8220
5.3611
5.2129
5.5350
5.9175
5.3844
5.3808
4.8287
5.6634
5.5230
5.4396
5.2867
4.8205
5.7136
5.8496
5.5603
5.6724
5.9230
5.1153
5.9682
5.8876
5.7567
5.2645
6.1028
5.7639
4.9339
5.6310
5.3718
5.7725
5.6879
5.0531
5.1119
4.9332
4.8417
5.0518
4.8556
5.2296
4.8597
4.9765
4.9306
5.1993
5.1356
4.8500
4.7490
4.9174
4.9658
4.9061
4.8751
4.8061
4.9595
4.8283
5.0504
4.7964
5.1211
5.2372
5.7600
5.4049
5.4143
5.7486
5.8531
5.0169
5.4836
5.6009
5.9493
5.8619
5.1284
6.0220
5.6880
5.8024
6.0222
4.7564
5.6757
5.8125
5.0429
4.7747
4.8723
5.6008
4.8609
5.3487
5.6066
6.0190
4.9984
5.8218
5.0906
4.8221
4.8397
5.0097
5.1677
5.2582
4.8986
4.9431
4.7281
4.8403
4.8721
5.0959
4.7748
5.1380
5.1410
4.8556
4.9100
4.8612
4.9283
4.9892
5.2081
4.9714
4.9050
4.8113
6.0281
5.0480
5.8324
5.6098
5.4599
5.5719
5.4000
5.6554
4.8243
5.0148
5.8357
4.9869
4.5485
5.9863
5.7107
5.9416
6.0071
5.3541
5.5591
6.0814
5.4523
6.0969
5.8493
6.0035
6.1124
4.8059
5.7193
5.2239
5.7337
5.3035
5.2830
4.9853
4.8338
4.9858
5.0048
5.1448
4.8880
4.9042
5.1944
5.2958
4.7972
5.1255
4.8489
4.8788
4.8049
5.0174
4.9177
5.0699
5.2174
4.9881
4.6404
4.7970
5.0498
6.3868
4.4380
4.7215
6.4430
4.7261
5.9068
5.7507
5.5291
5.2927
6.0322
4.6559
6.1928
5.6502
6.1731
5.3483
6.2122
5.0501
4.7114
6.4360
4.6743
5.2976
4.8346
4.9301
5.0999
5.3773
4.9211
4.8925
5.3771
4.9876
4.8896
4.7975
4.9566
4.8134
4.7110
4.9733
6.1540
5.6906
5.6148
6.1332
5.9491
5.8160
4.9061
5.3933
5.2245
5.1020
4.9628
4.9984
5.1181
5.0833
5.0870
4.9876
4.8866
4.9710
4.8412
5.0489
5.0997
5.3411
6.1203
5.7040
5.2955
6.1641
5.7312
5.0006
4.8835
4.8895
5.0177
5.1782
5.7147
5.3095
5.2886
4.9397
5.0121
4.9061
5.1490
4.8636
5.0314
5.1036
5.6089
5.0720
4.9820
4.9701
4.9873
4.8729
4.9154
5.1810
4.8448
6.0634
5.4284
5.2707
5.0554
5.1173
5.4399
6.0715
4.9329
5.0090
5.0203
5.0585
5.5971
5.4735
5.7275
5.2237
5.3745
4.9941
4.9043
5.0746
5.1094
5.2549
5.2396
5.0794
5.2726
6.0376
4.7983
4.8697
4.9120
4.9634
5.1333
5.4397
4.9866
5.1683
5.2627
6.0019
4.8207
4.8930
4.9068
4.9220
4.9945
5.1039
5.1346
5.7146
5.1251
5.3336
5.9191
4.8281
5.0990
5.0789
5.0953
4.9313
5.1100
5.0980
4.9446
5.1307
5.2750
5.9937
4.8228
4.9045
4.9179
4.8212
5.1298
5.8010
5.2486
5.3254
5.5312
5.8207
4.9482
4.8932
4.9613
5.1063
5.0603
5.0743
5.7490
5.4570
5.0938
5.5757
5.8689
4.9165
4.8792
4.9003
4.9944
4.9714
5.0825
5.1258
5.6898
5.3609
5.7908
5.4499
5.8584
4.9370
5.1088
5.0550
5.0458
4.9443
5.0658
5.1011
5.1799
5.2943
5.5231
5.4419
5.8289
4.9712
4.8798
4.9803
5.0341
4.8992
5.1238
5.4525
5.0493
5.5335
5.4948
5.7921
4.9996
4.8877
4.9726
4.9809
4.9535
4.8873
5.3875
5.3003
5.0453
4.8173
5.0576
4.9636
5.1073
5.3531
5.2129
5.4213
5.5856
5.6905
4.8771
4.9093
4.9748
4.8813
5.1243
5.7279
4.9827
4.9816
4.9508
4.9918
4.8914
4.8880
4.9480
4.9969
5.1000
5.7845
4.9739
4.8749
4.9577
5.0380
4.8884
4.9178
4.8913
4.9924
5.4062
5.0744
4.8264
5.1691
4.9547
4.8172
5.0120
5.3903
5.5121
5.1816
5.1464
4.9992
4.9259
4.9038
4.8587
4.9452
4.9433
4.8739
5.6939
5.6655
5.8276
5.8787
5.4943
5.0633
5.9681
5.7324
5.7862
5.7653
4.9193
4.9844
4.9849
4.9092
6.0841
5.2545
5.2372
5.9625
5.8095
5.6401
5.3481
5.1351
4.9717
4.9081
4.9060
5.0151
4.9582
4.9181
5.2464
5.7805
5.7862
5.0783
5.1215
4.8732
5.2083
5.0023
4.8690
5.1554
5.0965
4.8661
5.1704
4.8920
5.4854
5.5316
5.8388
5.4600
5.3440
5.1243
5.0830
4.9257
5.0532
5.0464
5.5151
5.4066
5.1875
4.9523
5.2443
5.1814
4.9352
5.2456
5.0280
5.2319
5.3041
5.0284
4.9889
5.0973
5.0668
4.9930
5.1510
5.4825
5.0331
4.5033
4.9935
5.0887
4.9569
5.3263
5.3280
5.2388
5.1085
5.0751
5.0643
5.0946
5.0436
5.0615
6.0297
4.9661
6.0657
5.1212
6.0656
5.1077
5.0974
5.2028
4.7726
4.8212
4.8127
4.9297
4.8737
5.0266
4.9099
5.2380
6.5029
5.4369
6.3666
4.9500
6.6151
4.7895
6.4966
4.7039
4.8323
4.7838
6.3623
6.8054
4.9416
4.8502
4.8949
4.9166
5.2890
4.8792
4.8381
4.8101
4.8080
4.9873
4.8482
4.8249
4.7991
4.8281
4.8763
4.7451
4.8360
4.7909
4.7974
4.8106
4.9122
4.7945
4.8276
4.7994
5.3038
4.7665
4.7070
4.6995
4.8229
5.1829
4.7104
4.7029
4.7184
4.8762
6.2138
4.9719
4.4033
4.6395
4.3737
4.8376
5.2401
4.8646
5.7488
5.8315
5.2282
4.7888
4.8746
4.3926
4.3821
5.7353
5.7629
5.7426
5.7497
4.3684
5.7078
5.0902
5.3847
5.3653
5.1118
5.7726
6.0011
5.1777
5.2471
5.9247
5.0103
5.2960
4.9097
5.1807
4.8990
5.2453
5.1125
5.1244
5.0101
4.8813
4.8539
5.0982
4.9417
5.1149
5.0928
5.1181
5.2217
5.1525
5.0921
5.1416
4.8808
4.9144
4.8640
4.8777
4.9941
5.0934
5.1770
5.3916
5.0593
5.1590
5.0602
5.0542
4.9971
5.1604
5.0632
5.1199
4.9686
5.1244
4.8338
4.8414
5.1347
5.1047
4.7961
5.0468
5.0909
5.0854
4.7995
5.0814
5.2026
5.2810
5.3465
4.9910
5.2386
5.1933
5.0256
5.2602
4.7217
4.8024
6.1817
4.8218
4.7289
4.8025
6.1851
4.8195
5.1409
5.3799
5.3584
5.1572
4.9862
5.1229
5.1180
4.9699
4.8956
4.9274
5.1341
4.9693
5.1440
4.9940
5.1497
5.0461
4.8466
4.8584
4.9202
4.9092
4.9406
4.9513
5.1112
5.2477
5.2592
5.0682
4.9359
4.8872
4.9609
5.0101
5.3794
5.3140
5.1134
5.0059
5.0520
5.1097
5.0060
5.0794
6.0347
5.7760
5.6973
5.9475
5.8670
5.9224
5.7869
5.9634
5.8224
5.8782
5.9547
5.7545
6.0156
5.4466
4.8906
4.9059
5.0007
5.0682
6.1059
6.1091
5.8054
20.1624
6.0983
6.1219
5.8529
5.0040
6.1076
6.0748
6.3170
5.5304
5.2233
5.7525
5.2338
6.2371
5.3557
5.8462
6.3020
6.2529
5.0197
6.0346
6.3130
6.5133
5.9650
6.1086
6.2901
4.8223
5.8409
5.6886
4.8726
4.9889
5.1570
4.8481
4.9696
5.2103
6.3005
10.1680
6.3058
6.2753
10.0399
6.2804
11.3545
6.2658
10.1417
6.3385
6.2852
9.9713
6.3088
5.2458
5.2955
4.3720
5.6713
4.3814
4.3722
5.7039
4.3569
4.3680
5.9525
4.6039
5.7464
5.7902
5.3483
4.9966
4.9907
5.1734
5.8571
5.2725
4.9041
5.2285
5.7559
5.0518
6.0332
5.5555
5.7347
5.9235
5.7548
5.8984
4.9953
5.5724
5.3448
5.9627
5.9482
5.2860
5.6067
5.3272
5.1349
4.8972
5.2161
4.9239
4.7918
5.0971
4.8800
4.9832
4.9503
4.8684
4.9792
4.7379
4.7956
5.0980
4.6970
5.1303
5.1271
4.8881
4.7940
4.9158
4.8945
5.0413
4.8314
4.8305
5.2386
4.9838
4.5070
5.3605
4.9489
4.9344
5.3604
5.8517
5.1241
4.9629
5.0210
4.8269
4.8487
4.7895
5.2505
5.0047
5.0770
5.0055
4.8460
4.8552
4.8640
5.2247
5.0337
4.8238
4.9502
5.1006
5.1225
4.9389
4.9475
5.1126
5.1074
4.9334
4.9766
5.4367
5.2004
4.9217
5.0871
5.1177
4.8798
5.0636
5.1237
5.1514
4.9200
4.8834
5.0129
5.0078
5.0396
4.9305
5.9886
5.0032
4.9419
4.9291
4.9414
4.9505
5.1255
4.9399
4.9579
4.9326
5.1264
5.2300
5.0756
4.9853
4.9514
4.9685
4.8737
4.8852
4.9630
4.9920
5.2587
5.0883
5.0225
5.3954
5.1357
4.8832
5.1243
4.9605
4.8555
5.4640
5.5397
5.0747
5.0343
5.0358
5.0618
5.0211
5.0504
5.1044
5.2626
5.2687
5.0215
5.0631
5.0611
4.9730
5.0974
4.5652
6.3235
4.7078
6.4915
5.7185
5.1504
4.8244
4.6870
5.1331
4.9263
4.9128
4.9447
4.8872
5.0249
5.1097
4.9719
4.9153
5.0602
5.1023
5.0360
4.9708
5.1176
5.1055
5.0387
5.0003
5.3926
5.7058
5.6382
5.1386
5.6806
5.6570
4.8225
4.9830
4.9780
4.8240
4.9213
4.4041
4.3737
4.3747
5.7062
5.7459
5.7503
5.6881
4.3797
4.3776
5.7053
5.7422
5.7373
4.8929
5.3255
5.7385
5.5945
5.1371
5.7391
5.0249
5.8198
5.3489
5.7155
5.1489
5.7940
5.0374
5.0034
5.2407
4.8306
4.8462
5.1772
5.0180
4.9466
4.8190
5.0572
5.1335
4.9998
5.2263
4.8597
4.9234
5.1527
5.1022
4.8415
4.8654
4.9253
5.0746
5.9415
5.3021
5.7180
5.3854
5.8002
4.8527
5.9999
5.3801
5.7704
5.5305
5.6420
4.8809
5.0064
4.8079
4.9728
5.1013
5.1491
4.7815
4.8462
5.2563
5.0679
5.0601
4.8903
4.8765
4.9035
4.7480
5.1327
4.7887
4.8175
5.2423
5.0423
5.6610
5.8229
5.1316
4.7350
5.1558
5.1168
4.8561
4.9080
