2.21
2.49
-0.53
-3.07
-3.17
-2.81
-3.61
3.63
-0.35
9
3.85
0.74
-10.46
6.72
-0.82
-6.01
-6.42
5.51
6.23
-4.54
0.82
4.77
10.6
8.62
4.08
3.08
-2.78
5.6
12.78
-3.37
7.79
0.97
-5.52
-0.06
0.15
-2.98
-1.82
-2.8
5.45
0.31
-17.85
-1.47
-5.07
2.17
-1.18
1.82
0.28
-0.42
5.57
-4.52
0.81
6.68
-1.52
7.09
13.91
-0.61
6.21
5.99
3.54
4.35
6.39
7.54
-6.43
-7.13
-0.6
0.88
2.11
-1.16
-0.23
-2.88
-4.04
9.18
-0.19
5.6
0.88
-2.91
6.09
-5.69
0.37
-2.62
3.01
-2.65
-2.34
-4.95
-1.25
2.09
1.62
1.17
-0.94
-3.32
2.86
0.62
2.26
-4.49
5.04
1.91
-6.86
7.01
-3.54
1.44
3.8
4.77
4.09
-0.46
-2.52
-2.05
9.92
2.54
7.99
6.74
6.46
2.69
-0.24
3.19
-3.85
-0.22
-6.95
-0.04
9.13
-0.47
-0.24
2.93
2.71
-1.78
-9.16
5.04
-2.75
-3.88
0.62
-1.53
0.13
-6.72
6.35
-7.21
-1.08
-5.09
-4.32
0.02
0.9
6.93
-2.17
-1
-2.56
-5.96
7.99
13.58
-8.61
4.99
-0.69
-7.03
-4.52
4.42
-2.07
-5.77
6.6
1.2
0.44
12.66
7.27
-2.92
16.86
8.16
0.5
15.13
3.89
2.45
11.84
-0.48
0.81
4.99
0.13
9.04
-1.29
-4.34
2.96
3.22
-4.05
1.28
0.52
1.46
4.48
9.95
2.88
-3.31
-6.88
1.88
0.39
4.06
-7.07
2.53
7.95
-4.11
-2.64
-1.64
7.77
2.29
-3.3
0.33
-1.84
1.17
-4.58
2.87
-2.35
-6.42
3.48
0.65
1.97
10.85
-1.97
5.38
13.73
4.32
-3.09
-1.2
-3.49
4.26
9.49
4.58
-4.84
-0.27
0.91
-0.69
-3.87
6.45
-0.94
5.24
-0.67
-0.13
-1.07
1.85
-1.65
-1.79
-3.49
2.11
10.41
-3.13
-2.05
8.81
5.62
0.06
4.34
0.06
-3.95
16.64
-12.42
0.47
2.4
-4.63
-5.04
1.75
0.27
6.13
-1.93
3.31
5.25
-1.04
-1.56
-3.85
5.49
-0.24
-1.03
12.24
0.8
-4.63
3.08
-7.65
5.95
-3.63
-0.54
-2.11
0.88
2.93
2.25
-8.32
2.52
2.59
1.89
1.17
3.7
-7.86
7.46
0.74
4.49
-9.66
-3.52
3.4
-4.35
5.43
-0.31
-0.21
-6.4
-5.14
4.94
-4.22
-5.16
1.27
-7.44
-0.9
0.12
-2.56
-2.94
-4.53
-4.22
-2.18
0.87
3.01
-8.14
-5.59
2.3
-6.39
3.64
-1.73
-3.27
3.28
-10.33
2.31
-1.3
-8.23
5.62
4.05
3.4
2.22
3.06
1.88
-0.82
-1.98
-2.07
8.92
-3.68
-4.72
0.67
-0.83
0.62
3.13
5.4
-2.37
7
-8.95
3.37
2.48
-0.77
-0.47
2.28
6.55
-1.38
-0.88
-1.94
1.44
3.47
1.18
-4.29
5
5.44
-4.27
1.62
7.86
2.14
3.9
14.15
-5.24
2.06
10.7
-5.32
4.42
8.98
2.07
3.21
13.58
1.99
-5.05
7.2
7.94
4.82
3.91
5.3
-8.49
9.3
8.99
-7.06
10.91
8.57
-8.14
7.13
6.63
-0.11
5.7
-0.76
-6.82
7.78
-3.92
-3.25
2.53
-0.62
1.06
2.34
3.38
2.78
3.41
-0.84
-3.05
16.2
-1.37
-3.62
15.15
2.29
-1.78
-5.04
8.81
-4.57
9.73
4.74
0.58
1.9
-2.59
4.63
5.7
1.83
4.07
7.3
1.76
-3.76
-2.12
6.48
3.27
0.59
2.69
-8.21
11.25
5.26
4.99
2.31
-1.41
-0.02
2.2
7.56
-1.9
7
5.66
-3.51
1.73
-0.19
-5.3
15.48
4.34
0.34
10.6
-3.35
-5.71
14.2
3.86
6.62
2.87
5.02
-2.96
5.07
7.69
-0.13
3.08
1.58
8.21
-0.11
1.8
-8.31
6.13
-4.41
2.57
-0.86
0.48
-3.53
4.95
0.68
-4.51
0.74
1.6
-6.73
-9.14
-0.17
-9.7
-2.03
-8.41
-3.55
2.44
2.86
-1.69
-5.4
1.82
-12.57
-1.91
5.26
1.08
-5.26
3.79
-8.36
-1.81
3.95
-0.31
-1.43
2.89
-10.1
0.36
5.16
-0.29
-8.78
-3.21
1.09
-7.38
-6.64
4.06
-1.74
-10.99
10.72
4.99
-1.12
2.21
3.76
1.5
3.99
1.12
-3.91
-2.82
4.55
-0.19
4.99
-0.51
5.08
-2.39
-3.39
-0.63
-11.31
-1.12
-7.97
-5.76
1.72
-0.46
-5.98
-1.1
1.95
-0.05
1.84
0.16
2.73
-3.38
0.1
-10.32
-0.67
7.57
3.79
9.5
-1.51
-1.2
-0.81
5.88
-1.33
-4.3
1.75
4.31
-3.95
-1.96
-6.36
-4.47
-6.31
1.79
-5.44
-2.1
-7.36
2.8
-1.72
-7.46
5.9
-9.51
-1.47
2.17
2.95
-3.45
5.45
-8.18
1.37
-4.7
5.11
-0.52
4.83
-3.5
4.42
4.82
-0.07
7.24
0.28
-3.15
2.7
-0.57
8.44
-2.87
-1.84
0.84
5.56
-4.04
-4.79
8.37
4.77
-8.71
-0.03
3.75
2.12
0.2
-8.65
4.02
4.02
-1.42
-2.19
6.65
3.48
5.27
5.08
-4.29
-2.07
-2.65
4.5
0.2
-14.41
5.42
1.8
-8.55
5.89
-2.83
-8.95
3.6
0.95
0.44
-3.32
6.24
7.32
3.17
1.2
-3.85
9.83
-1.99
-1.29
2.31
-3.44
-4.14
11.37
-6.43
8.88
16.36
3.11
1.19
9.35
5.33
6.88
8.88
9.83
0.08
8.86
8.94
-1.87
10.15
11.47
9.7
-1.2
7.91
5.59
20.22
-7.22
18.31
3.8
-1.45
4.38
2.84
8.88
6.66
9.24
3.42
13.52
-0.87
1.59
5.46
9.21
-0.11
-2.47
3.36
2.71
5.77
3.95
14.43
12
3.11
0.21
7.62
2.82
-8.93
5.9
3.44
3.79
10.56
-2.46
-0.48
-1.18
1.87
-3.53
2.5
10.37
7.01
-0.25
11.5
2.21
-3.56
8.03
6.33
0.56
5.53
-2.75
9.52
6.91
-0.11
-0.33
0.65
1.18
-1.81
0.79
-0.1
4.67
6.64
4.96
5.52
6.2
3.88
10.94
4.55
-0.8
10.07
-0.67
5.49
2.35
2.28
-2.57
7.1
-3.25
1.38
6.7
2.55
0.64
3.89
3.88
1.45
1.98
1.7
-1.79
-2.03
6.14
-2.34
-2.22
6.25
2.23
5.19
1.64
2.53
-4.36
1.4
2.27
1.44
2.62
2.68
-2.14
7.13
0.9
0.62
3.79
-2.02
-1.5
-2.71
0.68
11.8
4.38
-0.27
-2.18
0.05
1.38
-5.06
-2.51
-3.93
-2.02
-5.2
-0.26
-9.07
6.31
-11.34
-2.32
1.99
-9.06
1.77
0.42
3.05
4.94
-3.32
3.07
0.58
8.16
-1.77
1.44
12.36
2.08
-5.23
4.26
10.75
-5.88
5.17
-2.52
5.72
4.04
-1.37
-2.98
3.9
-2.8
-5.22
6.79
-8.61
-2.85
5.45
-6.45
3.3
-1.51
-4.23
-0.27
-2.95
-3.02
1.94
-7.83
8.27
-10.04
-0.3
-2.83
-4.94
-0.73
4.38
0.42
-2.82
3.35
-0.04
13.09
-3.05
4.32
4.76
1.09
-11.86
2.4
11.71
0.14
1.9
-4.37
-4.82
8.56
-3.1
1.08
4.98
-1.43
2.11
1.5
7.46
-11.37
9.87
-5.2
2.1
0.45
-2.11
-9.18
11.09
4.7
4.09
7.34
-7.78
7.17
-3.47
9
1.39
-0.43
-11.27
0.34
-9.39
-0.05
-5
-3.88
-1.63
-0.66
-10.85
0.34
-0.12
-2.28
5.48
-5.88
-6.39
3.2
-2.89
-6.01
-1.64
-2.41
-17.05
2.2
3.52
1.66
0.76
0.11
5.49
4.44
-3.1
2.35
-3.33
-1.95
-1.28
-3.77
-3.38
-7.45
4.31
3.09
-7.52
3.84
-1.13
-1.83
-1.36
-6.8
1.8
3.37
-6.97
-2.11
5.99
-2.56
-4.95
0.33
-1.94
0.88
2.28
-7
0.99
-6.55
-9.7
2.7
-2.6
-9.69
0.22
-13
-12.48
4.71
-3.32
0.56
-4.52
-5.35
-2.77
-1.54
3.32
-3.13
2.74
-1.4
-7.14
4.04
-6.61
2.34
-3.25
5.31
3.23
5.13
-10.19
-2.15
9.9
-1.39
3.21
0.84
7.03
0.32
-0.53
2.64
-1.97
4.72
4.79
3.45
0.91
5.43
-0.25
5.98
-7.42
1.13
2.84
-2.09
-0.56
-7.9
-2.82
4.47
6.07
-2.26
2.31
2.06
-2.24
4.19
7.85
-3.95
3.25
1.95
5.65
0.14
6.72
-4.4
-6.22
1.89
-2.09
-4.11
0.46
-2.77
-6.52
-7.29
-0.48
-11.35
-4.99
4.84
-3.12
1.46
9.62
1.07
-4.47
2.47
3.95
-4.68
-0.25
1.29
-5.63
-1.25
-1.03
-9.62
-0.82
7.05
4.53
-3.61
2.43
-3.08
-5.03
4.22
7.52
-1.41
2.01
3.07
-2.39
-6.52
2.91
-1.79
-12.81
-3.39
2.42
-7.02
-0.36
-6.17
-12.02
4.07
-15.74
-2.29
10.52
-2.29
-2.22
2.59
3.5
-3.61
9.18
-0.07
2.37
5.16
-5.43
-6.78
7.08
-0.72
-9.58
11.44
-2.53
-5.38
2.02
-5.25
2.05
0.01
-1.97
2.18
-1.67
-11.77
6.01
5.86
-1.82
-3.39
3.46
-1.57
-1.33
3.18
5.78
-4.98
-7.25
-4.86
-3.27
-4.29
-2.34
-4.79
-6.48
1.01
1.81
3.12
0.84
-8.15
-6.08
-1.44
-5.58
2.02
-5.21
-0.48
6.11
-8.46
-4.78
5.13
-6.63
-6.31
0.13
3.86
-1.53
4.59
-0.91
2.67
-5.92
3.36
-3.09
-5.61
-1.08
2.97
-6.38
-6.09
-5.48
2.17
-0.72
-2.39
5.97
4.9
0.99
-14.73
-4.89
-3.62
-5.66
1.26
2.79
-6.3
-5.94
1.47
1.4
-3.83
-7.79
-3.67
-2.55
-3.34
-0.72
-2.12
-2.52
1.87
-0.11
1.73
-2.79
-0.89
-11.87
-7.33
7.59
-3.79
5.46
5.67
3.83
-2.75
-3.74
-5.74
-0.36
-3.24
-12.44
3.52
4.36
-17.79
1.27
4.42
3.02
0.53
-2.23
-4.04
10.38
-0.06
-2.94
2.81
-0.21
-0.84
4.67
4.09
3.01
2.48
2.27
0.84
6.38
-1.88
-0.82
4.58
-2.81
-2.59
9.72
3.45
-2.48
14.38
0.49
-4.25
0.16
-0.3
-1.49
6.61
3.6
-3.42
-4.57
1.77
0.73
4.08
5.63
-10.73
0.73
-7.07
-0.56
2.88
-2.59
1.47
-1.28
-3.59
-10.66
-2.32
6.6
-1.89
3.66
1.33
-2.32
-4.56
7.34
-10.65
4.93
-2.57
-3.1
1.94
-5.53
7.04
-1.52
13.58
-8.99
7.66
0.46
-5.62
13.16
-13.76
-1.63
4.71
8.03
2.99
-0.15
-1.31
6.76
5.94
-7.13
-1.32
1.84
5.78
5.06
-4.33
-9
-9.03
13.74
0.23
2.61
2.94
2.02
-2.4
0.95
-2.48
-6.72
-5.13
2.01
-5.37
0.57
-5.48
-3.28
1.58
2.86
-1.11
-2.19
3.21
0.56
2.43
5.03
8.63
3.92
-1.11
2.87
4.94
4.75
-4.21
13.33
-6.3
5.98
-0.29
0.34
-1.38
3.45
-1
-6.92
3.34
1.34
4
-3.06
5.19
1.09
4.05
-2.76
-3.85
4.42
4.37
-0.36
8.08
0.16
-9.96
2.52
0.41
-0.21
2.63
5.14
4.34
3.15
-2.79
-3.7
-15.07
5.76
9.41
-2.74
4.51
-4.55
-3.95
2.96
5.91
3.86
-1.82
3.81
9.26
10.51
-3.12
1.93
8.14
-1.23
14.28
0.12
9.84
2.35
11.43
-2.44
1.83
2.12
5.41
2.5
-1.77
7.91
5.21
7.19
2.56
-2.66
9.99
3.41
3.51
-3.25
4.07
5.43
-5.24
-3
2.58
0.35
5.68
0.74
0.05
-10.25
3.23
-1.39
2.77
-4.11
3.03
1.11
7.06
-2.61
2.2
12.88
-4.78
2.42
0.7
-1.56
7.54
-8.56
5.5
2.44
-4.12
6.07
-0.19
-3.22
2.75
4.39
-6.73
-4.21
-1.62
-10.87
0.74
-8.19
-7.27
-3.09
-9.96
1.73
2.4
2.74
-4.23
-4.13
1.03
3.22
-3.04
4.35
2.11
0.65
4.23
-1.69
6.47
-0.19
0.02
2.01
-1.72
-2.55
8.81
1.79
7.12
3.12
0.02
2.6
2.65
2.41
3.88
4.23
-0.57
4.79
8.4
9.28
7.55
3.78
-4.69
4.81
1.9
-9.36
-1.43
4.39
2.33
0.59
0.5
-3.07
-0.05
1.29
-0.3
3.54
-5.09
2.18
0.61
-4.06
8.96
4
0.91
1.91
-0.13
-6.52
-2.72
5.89
-7.18
-16.9
-2.15
-0.37
-5.91
-0.8
-4.98
2.15
-0.04
-6.74
-7.1
1.18
-3.05
-7.07
5.75
6.94
-5.46
-2.25
1.7
-6.73
0.21
-5.93
-0.83
-3.37
2.24
-3.55
-1.5
2
-0.06
-0.67
3.2
-1.48
1.28
2.7
1.43
3.1
0.47
-6.93
-2.55
3.71
-3.44
1.65
8.29
-12.79
-1.02
-4.36
0.99
-4.53
4.99
-5.58
3.63
-0.43
-4.31
1.57
9.52
-4.74
3.25
-0.95
6.34
6.09
12.88
-2.17
7.85
2.76
-3.25
17
-3.28
3.97
4.92
1.45
6.04
3.54
-3.34
-7.47
4.02
6.23
-2.73
-7.16
-2.95
-5.31
-3.41
-7.41
1.76
-7.17
0.35
-7.97
1.99
6.14
8
-4.51
0.58
3.19
-0.56
-2.09
-6.42
-5.92
2.89
-9.76
-4.25
-3.74
4.07
-4.12
0.57
-1.68
5.81
3.57
-4.64
-10.06
1.33
-5.26
-2.71
-6.11
0.45
-4.51
-8.28
4
-16.48
2.64
7.26
-3.79
-11.2
-2.59
-11.28
3.25
8.71
2.98
-3.35
-2.44
-6.55
3.06
3.07
-1.69
-0.51
10.33
-7
13.93
4.34
-10.12
11.76
3.5
11.63
-6.81
5.41
10.5
3.19
10.43
2.77
3.17
9.3
10.45
-5.08
5.13
1.75
8.84
1.4
4.96
4.92
4.57
0.97
-4.1
2.92
-14.09
2.35
0.99
-9.94
3.12
0.39
-10.41
-1.63
-4.78
-5.75
-7.37
10.93
8.96
-10.84
3.8
-0.74
-2.57
1.67
6.47
-1.54
-4.99
0.45
-6.12
-0.24
1.33
-2.96
1.46
-2.8
-0.83
-4.19
4.19
-3.54
1.43
3
0.15
-6.91
-3.21
-1.74
-8.88
-7.31
-3.85
-2.07
2.94
5.45
2.99
0.91
-7.64
-2.16
0.18
3
-1.25
4.88
1.85
-7.44
2.7
-5.85
0.14
-2.71
-7.85
-3.51
-2.9
4.6
-7.35
0.77
-2.81
-0.79
5.13
-2.69
2.12
-1.49
-1.29
4.2
-1.06
1.93
-7.32
3.11
0.94
-1.78
-0.22
-0.45
3.07
-10.85
-0.49
-6.36
4.89
4.76
-1.29
4.1
-3.98
6.65
-2.38
-6.84
-1.07
-1.14
-9.98
-4.42
-3.03
-11.63
7.03
4.58
-5.63
-0.45
3.9
0.64
-7.32
-3.83
-2.93
3.71
-0.55
2.17
3.83
3.81
-2.09
0.48
-12.95
-0.63
6.11
0.43
4.29
-6.09
6.23
-7.03
6.34
3.37
-2.8
1.6
1.67
1.26
4.46
-4.67
-4.83
2.29
2.58
-4
0.09
18.35
-5.21
1.21
6.82
0.93
1.13
10.23
4.06
8.26
6.61
-0.69
0.54
6.48
7.06
4.92
6
4.75
18.97
3.69
1.9
2.3
8.7
3.6
5.38
3.94
-1.98
1.77
6.97
3.7
-0.75
1.21
-0.94
5.7
-0.01
-5
2.02
-2.51
-5.73
-4.34
3.71
-1.42
-0.8
3.3
2.88
2.2
-2.03
-7.11
0.29
3.31
-1.98
-5.02
-6.17
-3.81
5.83
2.67
-5.58
6.14
7.53
-2.82
7.53
10.99
0.91
12.42
-4.92
5.28
-2.55
1.99
-4.09
-8.58
1.17
-11.66
1.27
2.92
0.61
-1.65
10.93
-8.77
1.46
-0.96
-10.46
19.1
7.23
-5.56
5.29
3.45
-8.38
-1.75
-2.11
-15.61
0.64
11.03
4.88
9.15
-2.32
-3.2
3.72
-7.13
-1.42
1.18
5.09
5.09
0.8
8.85
3.36
4.34
7.53
4.81
2.9
12.15
-3.93
-6.19
8.92
5.51
0.54
3.4
10.05
-0.14
0.04
8.26
7.83
5.31
-1.36
9.3
-2.05
3.34
10.37
1.01
-1.58
9.46
12.21
1.24
6.56
-5.11
1.41
2.49
6.57
-2.6
10.81
-2.07
-4.21
7.05
2.63
-3.32
3.79
-1.47
-1.49
-1.85
-2.64
3.99
8.26
1.39
-0.83
2.21
-1
-2.74
6.71
-2.86
-9.03
-0.76
11.2
9.26
-3.92
11.47
13.51
4.97
4.97
-3.73
1.29
3.17
0.97
-3.32
-2.69
3.49
4.84
-1.87
0.28
-0.38
-0.16
-5.95
-0.62
2.57
-2.9
-5.33
-0.66
-0.18
2.03
0.17
-0.03
4.66
5.96
1.09
-5.25
2.78
5.42
-2.22
2.93
-1.86
-2.3
6.13
6.16
7.48
-3.55
-0.56
8.95
-3.63
-2.81
2.83
-0.15
2.41
-4.83
3.01
7.2
1.83
1.87
2.91
-0.74
6.18
2.54
4.23
3.95
-2.16
-7
9.88
0.54
4.05
2.26
-1.28
-1.55
13.57
3.52
-0.64
-0.01
0.52
4.55
7.87
-1.99
-5.72
6.5
-1.08
8.48
-2.52
-17.19
1.64
15.67
1.92
4.84
10.25
0.28
4.7
3.68
-2.18
3.8
-1.28
4.65
-10.3
8.83
2.31
-7.9
3.22
5.32
5.58
2.46
0.92
8.56
-3.87
-0.15
-1.91
1.06
0.7
4.03
2.02
1.56
-0.16
4.42
-2.35
-3.23
0.65
-3.77
-0.54
-2.14
-2.05
-1.73
3.35
-3.34
4.69
-0.44
-1.83
0.4
-2.05
-2.85
-1.46
4.03
-3.16
2.8
0.43
3.98
4.19
-4.3
-5.54
-3.43
-4.2
-0.55
-1.84
8.42
-3.47
3.65
1.14
-4.38
-1.46
5.34
5.85
-0.93
-3
4.33
1.54
0.8
-4.47
1.17
3.27
-7.75
6.13
8.53
-3.45
7.15
3.46
-6.75
-7.51
9.27
-1.37
4.07
-7.95
-1.66
3.01
-1.6
-17.98
-5.64
0.95
0.79
3.49
12.31
-3.77
2.76
0.24
6.61
-13.83
-6.67
1.72
-5.15
-0.79
0.47
5.02
8.76
0.91
-0.39
6.41
1.96
-2.43
2.31
-2.26
2.31
-5.64
-2.04
6.6
5.82
-7.49
-1.88
-8.09
2.04
8.84
4.33
3.29
1.8
13.06
-3.94
17.65
2.19
9.61
6.49
-10.54
5.8
0.78
-0.53
-1.58
-6.03
-12.61
0.9
7.3
-1.64
-3.44
-3.71
-1.62
-0.34
2.76
4.04
-6.61
5.99
0.43
1.18
4.93
6.91
-11.33
9.39
7.82
-3.94
16.41
-7.29
-3.61
-5.64
-4.44
2.05
0.11
-7.9
-4.06
3.99
0.88
-1.62
-2.59
9.07
-1.46
3.53
2.92
-0.61
3.73
4.49
1.97
3.39
-0.99
1.86
5.91
2.16
-0.25
4.9
1.36
-14.02
7.45
4.94
4.21
0.99
0.8
-0.76
9.12
4.21
-1.24
-6.22
2.96
-2.36
3.84
8.67
0.75
-4.01
-6.74
-0.1
-5.73
-1.88
4.18
5.8
4.31
-4.13
-11.03
8.56
3.67
2.75
1.66
-1.91
2.87
0.37
1.76
1.82
1.21
-1.59
1.6
5.28
3.48
-5.73
12.41
2.09
-2.12
-0.2
-3.99
6.77
1.54
-4.44
1.94
6.81
-0.75
-1.32
3.04
0.8
8.37
-1.68
4.88
-7.16
-4.14
-3.96
3.71
4
-1.59
0.07
-1.97
0.7
7.64
6.44
-1.24
18.55
0.95
-4.39
-7.36
-1.99
7.44
-2.71
0.89
7.72
7.24
-3.1
-2.49
-0.39
-8.62
-2.48
-0.99
1.35
2.32
2.79
-10.72
-4.29
1.03
-9.69
-2.27
-2.25
6.06
-2.62
1.82
-2.31
-0.47
-2.68
-0.06
3.07
-8.6
-4.45
-6.05
-4.47
0.45
2.18
0.48
4.35
-3.14
3.61
-3.18
-6.41
0.33
1.14
2.92
-0.52
-0.29
3.43
-6.97
5.59
3.13
-0.55
-6.14
-4.54
-2.14
0.22
0.69
-4.07
-7.98
-5.68
-3.46
-4.08
5.21
-12.25
-0.42
-7.46
-4.84
1.88
-4.54
-2.3
1.22
-10.1
-3.68
1.72
-0.33
-8.87
8.43
-3.24
11.04
3.93
0.89
8.51
-3.44
4.41
5.53
2.17
-0.71
-3.91
-2.24
-4.46
-4.07
-0.03
-4.41
0.43
-0.9
-6.18
2.33
-1.7
4.09
0.37
4.58
0.76
-1.3
3.18
-10.15
-0.13
5.07
2.12
6.04
4.24
4.83
-2.96
1.27
-10.29
-0.2
-3.01
1.66
0.04
5.64
-2.12
0.08
5.2
0.37
-0.93
1.2
3.58
2.8
3.23
1.19
0.5
1.47
-2.2
8.97
-2.47
-5.78
12.4
-1.05
-4.1
-0.97
0.31
-3.38
0.94
1.29
-5.32
3.09
0.52
5.8
-1.07
11.21
0.48
7.25
0.6
2.63
-3.2
4.82
-7.16
4.15
-0.35
-2.6
-6.5
8.29
6.94
5.15
5.04
7.42
-2.09
0.69
-9.68
-7.47
0.65
-1.16
-0.16
-2.96
-0.63
6.39
-1.52
-1.49
-0.06
-2.79
3.22
0.42
-1.27
-5.86
6.95
4.26
-2.44
1.04
1.49
-4.82
2.61
-4.31
4.16
5.49
-4.79
5.88
2.75
3.18
-1.04
1.58
-5.44
-7.53
9.24
-2.27
-3.18
4.14
0.7
1.16
0.96
4.73
2.9
3.08
6.08
-5.72
0.8
-2.67
-1.83
5.67
-1.72
-0.01
3.77
1.57
4.62
5.61
0.85
-3.58
5.57
7.2
-4.78
-1.04
-4.3
3.98
-5.72
13.12
-0.15
9.65
5.92
-0.22
13.68
-0.59
-3.67
-4.37
3.4
1.86
-7.61
5.98
-4.11
0.62
-7.28
-2.33
-4.4
3.69
-2.79
4.63
2.25
-0.74
-1.65
-2.75
7.22
5.29
3.26
6.88
2.37
-3.75
2.56
-6.17
-3.16
-5.25
3.53
-2.52
9.75
-10.04
-1.42
8.45
0.83
-1.28
0.37
1.73
-0.77
-0.36
5.91
-1.79
2.76
-5.57
1.45
-9.01
8.05
2.66
-2.95
4.27
0.3
3.69
4.95
5.07
5.26
3.54
6.39
-9.63
16.69
5.19
1.91
0.59
10.72
-1.94
-1.23
4.83
4.53
-6.37
0.54
1.55
3.28
4.85
8.09
-0.07
10.15
5.6
-5.64
-0.09
5.35
0.03
1.35
1.88
7.32
-0.89
-3.43
0.52
4.01
2.7
-4.03
-3.74
6.82
2.02
-1.29
0.73
-6.93
-4.3
3.64
-3.61
4.71
-5.91
-0.35
7.5
3.8
0.67
3.42
5.98
6.24
4.19
3.78
2.16
9.54
1.59
7.46
13.24
5.76
3.07
5.68
-11.72
0.12
2.6
-6.09
-1.63
-0.88
-1.61
-2.28
0.51
-3.51
0.34
2.74
-0.48
4.19
3.49
-5.54
5.21
5.14
-1.57
6.22
-1.57
2.85
-2.12
5.1
-1.98
-1.57
9.99
-4.35
10.09
3.52
-4.78
0.53
5.5
-5.39
7.47
3.36
-3.14
3.65
-0.22
2.04
2.21
1.45
-4.05
0.33
8.68
-4.76
-0.49
4.57
-4.71
4.26
-4.86
3.08
-11.66
-3.51
1.21
-2.1
-3.58
-0.73
-6.19
-0.14
8.45
-0.75
-1.72
-2.91
-2.51
-4.84
-2.84
-2.95
-2.46
-6.6
3.35
1.9
2.29
3.95
-2.95
-7.02
-2.45
-4.62
-1.37
9.03
5.51
5.2
4.15
1.72
3.4
9.67
-2.61
-10.33
8.95
4.69
-4.86
2.41
14.58
-0.53
5.06
7.86
-0.59
17.85
0.22
2.02
10.54
10.47
-9.54
-1.81
4.44
5.51
2.28
4.65
-6.17
0.31
-3.4
-2.29
4.98
-0.88
-4.84
-4.25
13.42
-2.82
-0.63
3.3
1.5
-1.49
6.9
0.49
8.73
16.04
2.29
8.11
7.89
3.26
2.33
8.97
4.86
2.1
5.02
1.98
1.78
2.57
1.2
-0.41
7.18
-1.9
6.77
-1
7.31
7.79
2.16
-1.77
17.36
-6.58
1.55
7.71
-11.19
2
-0.21
5.6
-1.26
2.32
-7.43
6.18
-0.93
-4.91
-1.02
4.9
-7.48
-0.16
2.52
1.5
-2.94
6.86
1.28
0
3.52
5.29
-9.16
5.16
8.49
-1.8
9.18
7.65
-0.62
-6.76
11.38
-2.43
-9.82
10.06
-2.62
-14.07
-1.11
15.05
-0.4
4.99
0.72
-6.25
-1.13
-4.26
-4.5
5.23
-3.71
5.15
2.07
3.47
-6.91
6.31
-2.92
-2.73
-0.27
-2.53
0.28
-2.59
4.28
1.25
-0.27
-4.89
-5.82
-0.42
-3.83
-7.55
1.99
-2.88
2.25
-6.89
-1.01
-8.88
-4.42
0.81
-8.81
8.71
7.13
2.17
2.05
-2.24
-1.49
2.69
-0.89
0.75
-5.29
1.95
1.09
-1.2
-2.75
-5.75
-7.1
-13.64
-1.15
1.72
-3.21
-1
-9.84
-7.52
-3.71
2.97
-5.27
-1.76
2.39
-9.1
-4.21
0.94
-2.45
-1.01
-7.76
-2.1
3.78
-4.55
4.6
-3.79
-6.23
0.64
-0.4
-0.13
0.19
-0.01
7.12
-1.19
0.83
2.16
1.53
1.91
-2.93
-0.41
-2.5
3.1
-8.42
4.24
4.16
-10
-0.84
-3.34
-1.51
-1.15
-0.17
-0.93
-0.75
1.67
-7.29
2.3
-2.98
-5.37
0.69
1.14
1.94
3.08
-0.69
0.77
-7.88
-5.61
0.03
-0.25
-5.15
-0.48
-0.33
4.14
-9.07
-3.95
0.19
2.19
1.24
6.86
-5.44
3.03
-1.57
-7.33
7.8
6.5
-6.58
-2.25
-0.49
-6.02
-1.91
2.33
-8.8
0.44
3.63
-9.29
5.26
1.73
-4.99
3.91
2.67
-10.57
4.56
4.64
-9.58
4.67
8.37
9.03
9.15
5.53
2.38
-3.54
1.51
1.94
-3.71
6.93
-2.83
-7.8
10.42
0.24
-3.32
-2.98
-13.7
1.33
2.6
-9.97
16.61
5.41
2.9
4.32
7.41
-1.66
0.71
10.27
3.35
7.16
-0.69
-5.46
1.23
-3.02
1.87
0.5
-2.54
-1.72
8.36
-4.39
2.77
0.17
3.7
4.99
18.72
2.66
-0.17
-2.41
-4.16
1.88
9.96
6
-5.06
12.86
-10.45
-5.91
8.25
-11.39
0.44
6.58
-3.38
0.8
1.06
11.05
-8.12
3.09
-0.37
-17.28
4.03
1.43
3.24
-4.17
5.46
2.16
-1.66
-4.26
-1.1
3.1
-0.31
-6.34
3.82
-4.7
-11.77
-1.53
-6.1
-0.44
-1.67
-4.84
-0.26
-1.15
9.29
3.08
-2.8
9.31
0.57
1.73
-3.97
0.25
3.89
-1.65
-0.08
-0.73
-1.04
4.39
-3.49
-0.67
-5.31
5.43
-3.21
7.88
3.36
1.85
4.98
13.13
-5.55
-2.12
15.68
0.69
-1.78
7.63
0.58
-4.34
10.59
4.01
-0.44
-0.86
0.96
-3.23
0.31
-4.97
6.15
-8.46
-0.83
2.62
-5.56
-2.45
2.88
-5.83
8.5
-2.37
-3.15
-0.93
0.53
-4.93
-9.33
9.4
-6.13
5.98
-2.54
-3.9
-3.37
2.6
-0.67
0.06
1.74
-7.55
-2.94
1.27
0.26
-0.52
-0.5
-1.71
-2.77
-0.58
-2.28
2.66
0.6
4.3
-6.62
2.72
2.61
1.68
5.59
-6.38
5.83
2.86
-5.03
9.72
-0.28
3.88
-7.72
3.03
-0.79
5.39
-1.52
7.47
1.7
0.78
-7.51
6.7
-5.62
-6.16
0.67
-0.2
-0.95
-7.6
4.23
8.12
-4.02
3.29
0.36
-3.09
1.48
-3.58
2.31
2.16
1.25
1.16
1.22
-1.35
5.39
-2.85
2
2.6
0.25
-4.21
-5.65
-4.01
6.31
-4.82
-0.08
3.95
-0.29
-3.07
3.03
-1.28
-7.04
11.21
4.46
-5.89
7.52
-5.03
-3.01
12.22
-7.77
6.62
10.67
-1.65
11.78
7.88
8.24
-5.83
3.9
5.24
1.82
-2.83
-0.61
2.57
-5.01
-0.14
2.18
-3.06
-5.6
4.53
-5.62
4.02
0.71
-4.32
3.76
2.02
2.97
-2.62
-0.91
-5.11
-8.38
-2.67
0.9
-6.3
3.15
1.73
7.12
-2.37
3.71
-1.39
0.76
5.96
-3.33
-0.8
6.17
-9.03
4.3
10.48
9.78
-6.12
-2.63
8.47
-2.46
4.41
-2.36
0.44
2.83
-1.62
1.48
-6.86
1.33
-6.44
-7.26
-2.84
-1
-6.64
-4.2
2.13
7.64
2.6
3.64
11.62
3.85
3.01
15.62
-1.19
-4.89
-3.78
2.05
3.52
8.34
2.54
-1.71
0.36
11.33
-0.74
0.34
2.75
-3.13
6.7
5.41
1.56
6.84
0.79
1.15
3.72
5.12
-8.36
8.71
9.66
-3.35
1.49
-0.37
6.61
12.96
-2.3
1.38
5.75
4.31
-4.87
4.73
-1.82
12
8.21
2.78
0.19
4.05
5.12
1.93
-0.88
1
-2.73
0.14
5.52
-1.92
5.11
-6.7
-0.66
4.99
1.87
-1.33
-3.48
8.07
8.44
-0.6
17.29
-2.9
5.68
5.14
5.64
5.45
-3.36
7.79
6.71
4.36
1.9
6.89
2.44
-0.25
-1.28
8.53
-5.57
-1.74
7.73
3.41
3.93
9.78
1.71
-1.81
9.05
-1.19
2.23
9.32
1.1
0.9
8.25
3.16
-6.58
-1.67
2.12
-8.69
-1.29
-4
2.15
-5.62
-9.5
3.43
-0.87
-0.36
-2.86
-0.87
-6.21
-4.45
3.05
-1.66
0.81
-11.17
-2.79
5.64
0.65
-2.29
0.98
4.23
-4.64
6.87
-7.13
-11.19
7.58
-3.81
2.85
8.95
-7.96
-3.44
6.25
0.69
-4.81
6.72
1.61
-8.23
3.57
-4.88
3.46
3.96
1.98
-2.28
1.79
-3.59
-0.57
0.42
-2.64
4.62
-4.43
0.77
1.03
-0.41
0.91
4.28
-2.39
8.59
-0.7
-0.68
-1
-1.98
6.13
-2.7
-0.39
-5.35
0.43
3.33
-4.08
1.39
0.14
1.53
2.43
-4.42
7.3
-4.81
-1.66
2.9
0.02
-5.66
12
6.78
-2.76
4.35
-2.3
-1.58
3.44
6.23
5.39
-5.59
7.15
-4.67
2.43
-0.27
-8.6
0.15
1.4
-8.41
8.56
2.1
-5.27
8.28
1.26
-1.47
-0.07
1.33
4.41
4.73
1.39
-2.03
13.05
-4.74
4
-2.36
-4.12
-4.23
-9.79
-1.18
1.68
5.68
-0.97
0.78
-4
6.45
2.38
0.83
1.24
-0.07
-0.09
-11.87
3.56
3.54
3.52
-2.54
8.99
-3.79
-1.64
-2.64
-5.04
-2.84
-0.92
-8.59
0.62
0.92
-4.03
-2.23
-9.66
-2.68
-6.15
-3.56
1.35
-6.44
-2.76
0.1
-2.97
2.64
-12.84
3.18
10.39
-12.83
10.88
4.55
-10.06
7.79
8.07
2.02
-4.53
-1.5
0.44
-3.03
-4.03
0.45
-4.24
-1.61
6.88
-0.57
4.78
1.25
-1.7
-6.12
1.49
-5.21
3.25
-2.63
-8.59
5.21
1.37
7.14
0.19
-1.03
-1.13
-0.27
-0.26
5.59
-2.63
3.75
-5.24
-4.06
0.34
-2.15
-3.82
-8.09
0.34
-3.03
4.06
-1.04
-4.71
0.57
-8.26
2.88
-0.23
0.87
0.06
4.7
4.4
1.07
-1.2
2.72
-3.57
2.09
-6.25
-3.7
2.37
-4.36
2.46
3.97
1.81
-3.8
1.09
-6.33
2.63
-5.45
-9.38
-2.54
0.85
-2.21
-3.11
-8.12
-4.23
0.93
9.59
-16.46
-5.2
-0.04
-10.06
7.75
-14
2.3
1.05
1.18
-0.91
-0.98
-2.97
-2.85
-1.29
0.58
0.21
-1.46
1.97
-2.21
5.92
4.77
-1.04
-4.65
0.9
-13.37
1.13
2.71
-2.4
-0.39
-3.85
-6.18
-7.73
-3.81
5.19
-3.43
-4.21
-1.27
-2.95
-2.23
2.02
-3.92
-4.32
4.28
-0.2
-1.86
3.22
8.7
5.16
-2.02
-4.33
-6.92
-2.44
-2.61
5.07
-1.54
10.99
-4.13
-0.76
1.47
3.3
-0.45
3.51
-1.04
-0.64
1.06
-0.33
-5.12
1.01
-0.99
0.46
4.06
-2.72
-1.39
-1.13
-1.74
-4.15
-1.78
1.48
-2.45
-6.48
3.23
-1.98
-12.64
-12.57
2.59
-5.62
1.03
-1.93
4.57
-6.3
-4.64
-1.58
-1.31
-2.17
-2.17
0.98
-0.59
0.58
1.24
0.9
0.23
8.18
-5.22
1
-0.75
-0.89
3.81
-3.32
2.66
0.15
-0.26
1.25
-3.57
1.61
-0.11
7.06
5.9
-2.11
-6.04
4.29
-2.54
-7.65
-6.49
4.29
2.69
5.49
-1.02
-3.05
-0.35
-1.13
5.13
0.59
4.06
3.52
-6.84
3.38
-2.02
-6.78
4
4.56
-3.59
-2.57
-8.31
-9.42
-1.44
4.38
-9.77
5.34
-3.17
-4.77
-4.86
-5.68
3.78
3.15
-3.58
-1.81
2.33
7.03
1.14
-12.24
-9.81
3.54
2.79
4.25
-0.89
2.63
2.56
2.86
2.5
1.91
-1.3
0.41
-6.27
-7.06
-4.99
2.35
6.58
-2.26
-0.62
1.16
-5.14
2.73
10.87
4.09
11.45
-0.05
11.16
13.07
2.08
10.14
8.74
9.84
4.74
11.1
5.46
2.03
1.53
5.8
0.67
7.04
-12.12
3.84
-1.56
1.51
-4.62
4.43
-5.03
2.92
4.55
-3.52
6.84
0.78
-0.29
-3.64
6.65
2.44
5.31
2
-7.46
-4.19
0.59
-11.93
-4.52
-0.49
-5.17
7.86
3.26
-0.89
-2.71
4.98
-3.12
-6.97
-1.45
-3.3
-7.89
-1.68
-0.96
-1.87
2.93
-0.46
0.95
-5.38
-4.07
-15
-0.42
-4.58
-3.33
-4.11
-3.01
-8.57
-2.16
-1.13
-1.59
8.24
2.88
-3.97
-1.1
2.31
-3.15
-6.01
-0.92
0.13
-4.6
-1.19
-10.16
0.91
-0.66
-5.42
7.63
-11.13
-8.8
-2.17
-3.04
3.33
1.21
-5.52
6.85
-4.83
2.07
2
5.3
3.02
3.39
8.11
3.01
3.92
1.05
0.19
2
-3.2
-0.84
0.55
-9.44
1.66
2.73
-6.85
0.04
-2.7
-6.16
2.11
-0.19
-0.63
0.99
-5.32
4.92
-0.51
-6.25
-1.64
-4.7
-5.08
7.65
-5.38
-3.37
0.13
-5.66
3.47
-2.2
-1.03
1.8
-4.88
-10.14
3.78
-4.86
-13.71
2.96
-3.27
1.11
-1.97
11.14
4.94
-1.24
6.07
4.61
12.4
4.56
5.66
-5.43
6.05
7.55
1.22
-3.7
13.18
-2.61
-4.03
0.85
2.64
1.44
-8.01
-1.78
-11.14
5.01
-4.05
5.42
-6.52
-5.8
1.61
-3.35
-6.59
3.41
-0.66
0.37
7.38
-1.11
6.16
-2.5
2.88
-3.11
-4.5
4.13
-1.25
-1.19
-1.97
1.85
-4.64
1.01
-2.07
1.77
-0.35
-7.88
2.93
2.45
-3.27
7.15
-5.09
3.41
4.03
9.42
-4.6
12
0.32
-4.73
8.42
4.79
-7.62
-5.77
2.95
3.71
4.63
10.55
-0.65
5.93
8.12
-12.47
9.08
1.26
-4.09
3.01
-2.52
0.9
0.33
2.29
-6.86
3.07
2.94
-4.6
8.93
2.41
-1.53
2.14
5.68
-7.48
-1.9
16.54
-2.02
4.25
3.67
2.92
3.56
-5.25
-13.73
-1.14
6.09
0.11
-2.16
-4.27
-2.52
4.76
2.78
-5.06
4.66
-2.7
-7.46
2.11
2.29
5.48
-2.31
-0.51
-2.21
-9.63
3.08
5.42
3.41
3.93
-0.56
-5.4
5.37
-6.59
-4.6
-4.44
2.28
4.98
-2.99
-2.76
3.5
-2.23
6.42
-0.22
0.55
-6.26
-0.57
-1.09
-14.38
-5.11
5.95
-8.32
-5.75
-0.79
-2.36
-2.12
-7.02
-8.52
-10.02
-5.61
-3.43
-2.6
-3.23
4.92
-2.79
-3.18
-2.87
2.92
-7.07
-1.44
-0.58
6.55
-5.66
-9.59
-0.85
2.7
1.9
-5.13
-1.92
-1.39
4.46
-3.96
7.16
1.28
-6.52
5.34
1.93
-7.07
10.7
2.9
1.47
-1.01
-2.29
-2.36
-0.54
-3.33
2.83
6.4
5.03
-3.92
4.38
2.97
2.31
-6.05
10.58
1.11
4.32
3.17
0.88
0.45
2.69
0.29
1.65
-0.47
2.41
-9.47
3.66
3.85
9.22
-5.61
3.43
9.35
6.35
-6.9
4.17
4.44
0.75
15.24
-7
3.38
-3.36
0.96
-2.67
6.4
-0.65
-3.88
5.85
0.3
3.44
-5.14
2.77
4.4
-3.46
4.25
-7.95
0.19
1.1
3.25
-1.33
-1.71
-1.87
-0.02
-1.72
-0.85
0.5
-3.56
-6.23
0.58
2.04
-8.57
-16.33
20.11
7.69
0.11
9.09
9.33
11
5.44
-5
1.52
3.86
-5.58
5.98
2.19
-6.36
8.52
3.7
-2.36
3.37
11.14
2.42
9.2
2.96
-1.83
1.98
4.72
-4.1
1.66
1.83
-0.18
4.52
-1.99
-1.64
-0.71
4.42
-11.98
1.31
4.66
-2.17
-5.13
-2.11
-2.82
0.03
2.06
-1.13
3.73
-0.08
-4.98
0.63
-11.16
4.11
-9.12
-2.73
-0.28
3.59
-5.17
-6.43
3.53
-8.29
1.96
-0.61
-4.27
-4.48
-3.64
-4.04
4.81
1.4
-0.19
6.38
2.59
-2.98
1.39
1.82
-6.33
-3.81
2.88
5.69
-5.56
-2.02
0.68
-7
0.19
-2.28
8.41
1.29
7.26
-0.29
3.65
6.44
15.07
-0.27
6.27
-0.47
5.98
4.05
1.71
6.19
8.77
2.58
4.05
3.18
3.65
5.92
0.02
12.67
20.52
7.01
3.4
-0.05
5.07
0.51
6
-6.44
1.62
1.13
0.98
-4.23
2.22
2.97
-7.38
-6.07
15.98
1.84
4.54
-1.4
-3.9
-2.63
10.04
-4.05
3.44
0.93
-2.89
-4.89
-1.72
-0.71
1.75
2.96
-0.88
-1.86
2.31
-7.72
4.93
-0.81
-6.84
6.42
2.86
-2.14
2.54
1.26
0.97
0.55
0.72
-1.1
1.12
1.14
-3.09
4.57
6.69
2.98
4.27
8.54
1.03
-3.45
3.43
4.83
-1.94
13.22
-0.87
4.74
4.72
0.83
-3.26
1.11
-8.73
2.61
-0.51
12.38
3.75
-9.96
6.05
4.58
1.68
0.07
-5.12
-4.33
1.87
0.85
1.17
-4.41
-0.71
7.92
-9.12
4.51
3.05
-5.07
-1.59
-6.07
0.07
-3.11
-6.01
5.92
11.71
1.5
-11.11
8.45
-4.39
2.41
0.47
-3.23
0.93
14.12
4.41
-15.22
2.21
3.18
-2.21
7.26
0.66
2.7
1.67
-0.07
-1.17
6.04
1.77
6.02
17.17
-6.83
-2.78
9.66
-0.63
-2.45
5.73
0.04
-5.67
6.49
-2.91
0.49
7.63
-10.92
5.64
9.64
-0.23
-1.47
11.98
0.01
-2.47
1.43
-8.84
-5.62
6.84
-0.49
-7.37
2.66
-8.66
2.83
4.25
-3.65
2.31
11.64
-14.04
-0.23
8.21
0.54
-3.75
-5.46
9.65
-6
-7.64
-5.85
5.33
9.24
-3.53
-8.32
0.68
-4.11
3.11
-0.84
0.51
-4.79
-1.53
-5.39
-3.87
2.98
-5.17
-4.24
-1.34
-0.83
0.68
14.74
-3.16
-5.86
6.67
-3.04
1.99
1.32
11.17
-3.48
2.05
0.05
-0.06
-3.68
1
-1.35
8.33
-7.4
-5.65
-1.16
-2.86
-4.74
1.31
6.19
0.83
1.55
-2.6
1.31
3.69
-2.09
-1.67
5.83
-3.45
-3.3
6.63
0.2
4.36
8.75
-2.41
-0.67
4.49
0.51
0.06
5.68
6.05
2.65
21.24
4.32
3.69
8.55
4.4
0.77
8.06
-0.97
5.89
12.73
-3.33
0.06
3.99
-5.48
-1.36
1.6
2.87
4.71
-5.57
-8.28
3.91
1.89
1.23
-5.72
-0.12
-1.96
0.81
-0.27
5.11
-5.54
-3.06
2.43
-2.74
2.75
3.42
-1.34
4.72
-3.24
5.83
2.39
-9.61
0.79
7.95
-9.48
-6.23
5.69
6.27
6.31
-4.02
-0.97
-3.21
-1.9
2.85
-0.74
23.77
-8.92
-1.98
4.63
-3.78
5.49
3.45
12.32
0.68
5.82
-3.38
1.79
11.37
5.04
4.35
6.94
-0.03
-1.66
4.12
4.22
-2.45
3.85
-1.18
-1.81
5.02
-6.94
6.42
3.36
6.69
6.1
2.81
1.8
-5.91
8.76
-0.87
1.52
4.43
14.37
-11.9
3.25
6.14
1.62
-1
2.17
-1.4
-1.26
4.61
1.32
6.63
7.41
4.11
8.68
4.43
2.44
0.9
4.04
12.81
0.93
-1.55
-0.29
-6.4
6.9
4.07
8.71
-1.16
-8.83
3.94
4.15
-5.04
0.41
1.89
-1.15
5.62
1.91
-4.6
-1.28
2.67
-7.24
21.94
1.37
-9.42
8.22
3.81
-1.17
6.39
-2.63
-0.16
-1.43
2.61
1.83
6.91
-9.42
-1.18
-3.64
-0.06
3.57
-4.82
-4.38
2.61
0.03
7.86
-4.22
13.35
3.79
7.63
3.47
2.73
-6.52
9.89
1
1.84
11.28
4.78
-0.2
-0.57
3.89
-1.22
9.04
7.95
0.64
-6.12
-4.17
-0.16
11.58
2.67
5.48
-0.95
-0.94
2.33
-2.13
6.1
-7.63
5.01
-1.73
-0.24
0.07
0.53
2.8
-1.16
5.56
-2.21
-2.16
6.89
0.18
8.01
1.91
-3.35
4.7
0.73
-0.61
0.04
4.53
1.25
-1.24
3.07
4.64
0.16
-1.94
3.29
4.72
1.74
4.36
14.14
5.7
-4.05
8.68
2.36
-1.34
1.02
2.07
3.13
-1.04
-0.11
0.02
-6.14
4.15
-4.94
-2.65
7.77
-1.28
-0.64
-8.84
1.54
-1.09
7
4.64
2.34
-0.43
2.66
-3.43
-5.81
-0.4
3.6
-1.23
-1.39
-1.7
-0.1
-1.83
2.23
-0.58
-2.69
-4.79
-1.31
-3.3
-7.5
-1.37
1.55
-9.41
1.36
7.28
-2.99
-4.62
-0.32
-2.43
-2.96
-0.01
7.86
-6.42
-0.43
-7.18
-4.22
-4.03
1.47
-6.28
-1.76
-4.01
-1.1
-4.8
15.7
2.45
-3.74
3.3
-0.1
-3.74
9.33
-2.41
1.89
3.98
3.33
-0.27
4.01
1.33
-1.54
6.01
-1.75
1.21
4.13
0.58
-4.4
-1.56
-2.46
3.83
-5
-2.06
-1.88
2.05
-1.16
-4.07
-3.23
1.99
3.78
-4.37
4.29
-1.12
14.82
0.21
2.94
12.93
1.79
2.09
16.54
-3.61
-0.31
-0.93
2.54
-4.49
0.23
9.63
-3.69
2.24
3.54
0.66
-1.52
-6.89
3.16
0.98
5.23
3.35
1.52
-0.46
2.62
8.24
1.19
-0.41
1.53
2.34
1.59
-1.9
-1.21
1.19
8.44
-0.42
-5.34
5.35
-4.91
-1.35
3.93
3.34
-1.88
-11.52
0.69
-1.11
-3.29
4.69
-5.66
8.85
0.81
-3.44
6.09
2.35
4.29
-5.71
10.71
0.93
3.98
5.51
0.95
2.46
6.69
0.24
2.34
-3.71
3.4
5.39
1.5
0.48
11.03
1.33
-5.78
-1.04
-9.64
5.48
0.62
3.08
1.21
3.49
-0.17
0.69
-2.95
-1.16
-10.69
14.35
-3.91
-1.23
7.44
4.86
-1.1
4.2
10.61
-4.18
3.18
-0.09
0.09
8.11
-0.2
-5.95
-4.08
1.83
-4.15
2.01
-0.25
-0.9
-1.5
3.97
-7.64
0.57
2.1
5.53
-3.83
-8.91
1.29
2.36
-6.04
-9.32
-3.4
-0.3
-3.21
2.25
7.71
-3.92
-3.97
7.95
-0.98
-6.9
-5.7
5.64
-3.94
-12.26
-1.84
-0.45
3.82
-1.89
-2.28
-3.58
5.74
1.69
-6.37
3.35
-4.07
-2.81
-2.44
0.88
1
-1.11
-0.5
0.34
-2.57
-0.52
-0.84
-0.85
3.06
1.19
-1.08
-6.97
5.47
5.06
-4.29
7.44
-0.96
0.23
1.14
-4.72
-2.59
1.6
-3.32
0.56
-1.52
5.14
10.82
4.08
-0.38
-3.42
-5.79
3.77
-4.05
2.46
-0.85
2.95
-4.1
1.68
2.32
3.92
-4.54
-9.46
3
-4.54
1.25
-4.1
-2.55
13.87
0.56
-4.08
8.76
4.55
-4.76
1.98
0.73
1.68
6.59
-6.41
-10.29
-2.39
-0.49
-5.93
7.47
0.63
2.12
-4.11
1.25
0.84
5.59
-1.15
-4.11
10.06
2.12
-2.17
8.77
9.91
-4.49
14.3
-4.47
-0.76
9.46
9.17
5.04
-0.01
-2.43
6.17
-3.34
-3.95
-7.81
5.81
4.85
-0.63
1.19
2.19
-0.77
-2.6
0.69
2.09
7.66
-2.2
-0.56
10.18
-8.48
-3.97
5.87
1.45
-2.83
12.37
-1.06
4.77
0.85
-2.97
-7.59
14.13
-2.13
4.98
7.57
-2.45
-3.31
3.99
0.26
-2.17
-1.49
-1.49
2.69
0.65
-3.56
-4.32
11.04
-4.88
-2.53
1.31
0.83
0.65
-2.09
1.69
-2.46
-3.91
-2.95
1.57
-2.78
2.62
4.2
4.84
0.58
-1.9
-3.02
-3.76
-8.12
1.19
0.64
-6.32
-1.37
0.83
-1.72
-3.13
0.08
2.41
6.2
7.64
8.6
11.11
-0.11
-1.6
8.69
2.46
3.69
11.01
-7.04
7.77
3.8
0.96
4.19
5.01
-4.13
-2.14
4.85
-2.99
-6.03
7.34
-1.42
1.29
8.03
4.93
-5.56
-1.42
2.06
-3.57
0.82
-7.12
-8.72
3.28
-16.09
-14.2
1.9
2.28
-11.47
1.31
0.82
-1.45
-0.83
2.1
5.73
-6.46
2.79
2.15
0.41
-0.15
0.62
8.62
-7.06
-2.89
1.93
-1.33
-1.85
-4.56
2.24
3.34
10.72
-0.45
6.28
3.05
-3.26
3.58
4.23
-2.19
0.24
6.02
-6.6
-1.64
1.08
2.46
2.45
0.27
-11.48
-1.56
3.64
2.2
1.58
2.06
1.29
-1.25
-5.71
0.12
-3.65
-6.98
-5.2
-14.57
2.04
-0.62
-7.08
5.22
4.31
0.81
-2.14
5.03
6.93
4.24
4.98
5.58
-3.46
10.6
-4.31
12.1
-3.03
-2.91
-0.29
2.06
3.53
-3.37
1.26
4.09
6
-4.29
-2.68
-2.69
-1.13
-2.45
-1.93
-0.01
1.95
6.33
-0.53
-0.62
0.94
5.18
0.8
-6.55
-4.21
5.01
5.89
-1.47
-4.29
3.09
-11.92
3.65
3.98
-5.48
7.42
2.99
-4.77
-4.34
1.64
3.16
-8.26
0.97
4.18
-1.24
1.53
4.06
-0.03
3.01
0.43
-1.66
-6.62
-1.66
-5.16
-3.33
-1.57
1.86
-2.03
6.42
4.4
4.42
-1.29
-1.68
2.57
9.37
-3.79
-3.58
6.76
1.96
-2.28
0.66
-0.88
-7.65
0.77
4.74
2.97
0.97
-1.04
-1.91
6.01
-3.54
5.41
2.99
4.97
9.21
0.81
2.15
3.96
3.39
-2.76
13.03
2.73
2.2
-2.8
4.83
11.74
6.54
2.2
-5.76
-2.3
7.25
3.4
-6.29
4.2
-3.84
-0.48
11.12
2.03
6.46
2.88
2.1
-1.17
-7.34
6.76
4.04
-3.28
3.95
7.53
8.41
7.35
3.85
4.75
-1.18
9.01
-2.92
2.28
-1.84
4.73
6.1
8.88
3.31
2.69
12.68
-1.6
0.38
4.08
-0.41
5.06
11.64
2.37
-0.51
9.98
5.16
6.3
-2.72
5.64
3.14
7.61
6.39
0.69
4.13
5.61
-0.01
-0.71
-1.49
-1.53
1.41
-3.1
-5.47
1.32
1.08
-0.86
4.85
-2.24
2.19
10.42
-7
0.93
9.1
-10.46
0.24
2.46
0.57
-3.53
-9.87
3.75
-0.6
1.62
1.58
-6.16
9.06
3.13
-7.38
-2.05
8.69
4.37
6.54
9.7
-4.43
10.45
10.35
2.23
12.1
-1.22
-4.36
7.12
-8.19
1.94
-1.81
5.65
-0.3
7.33
5.65
-0.77
1.62
-7.45
-3.83
20.32
-5.71
1.25
8.2
-1.75
-1.82
22.61
3.73
-3.79
6.9
4.83
0.77
-2.32
7.99
0.92
8.24
6.78
2.99
1.28
5.37
3.96
5.91
-4.6
4.14
5.33
-5.37
0.05
5.1
3.9
-2.53
-0.73
-0.89
0.63
-4.22
-2.01
-1.6
1.79
-1.99
-3.11
-0.53
-0.62
0.61
2.76
-0.87
1.06
5.05
11.51
-8.88
4.88
4.59
-1.38
6.98
6.18
3.06
1.52
5.77
4.83
1.55
-0.01
4.31
4.81
-3.54
1.09
0.72
1.02
0.12
3.88
-3.09
-0.02
8.44
2.97
-1.87
2.19
7.81
-3.73
-1.49
1.49
-4.7
-2.27
2.8
4.25
-0.89
-3.58
0.22
-2.77
0.62
-5.97
-0.55
-3.65
-0.08
-4.85
-5.21
-9.04
2.04
-8.71
3.03
6
1.69
-5.24
-2.31
3.37
2.03
10.08
7.74
2.06
-0.11
8.97
-2.25
1.43
8.32
4.53
11.21
0.24
11.06
5.8
5.94
-0.46
1.18
9.63
8.05
9.8
1.59
5.28
-1.84
1.62
0.97
8.76
-3.45
-2.77
4.27
-4.62
-2.04
10.78
-6.35
1.3
3.71
-10.04
-1.19
2.8
1.51
1.55
-1.78
6.81
1.8
-4.39
3.55
2.02
-6.96
-2
-1.76
0.35
0.12
-8.37
-3.23
-3.25
0.07
1.8
-3.89
0.36
-1.15
-1.95
-2.19
-3.24
3.37
-4.21
-9.6
6.27
7.15
0.94
3.65
2.84
-6.97
-12.54
2.33
6.25
-4.23
8.18
4.22
-4.14
1.97
7.2
-1.06
3.38
4.53
-15
-3.56
1.4
4.62
-4.28
-1.34
-0.12
0.95
7.97
1.63
2.08
2.1
9.66
1.6
7.65
-4.4
5.07
6.36
8.4
1.42
13.42
-4.43
0.77
-3.2
-2.11
-2.42
3.17
6.57
-1.31
3.36
17.67
0.37
-3.6
11.52
12.66
1.2
8.31
-2.89
5.71
5.15
14.48
5.49
11.94
-0.23
9.03
6.27
-6.76
7.76
11.99
0.89
3.53
4.89
-7.1
0.47
10.75
8.43
2.73
0.84
-0.61
-1.1
4.01
3.04
4.73
3.73
3.73
8.49
3.58
-2.79
2.83
6.53
4.51
10.74
7.58
1.76
2.37
-0.47
13.09
-1.22
4.75
2.89
12.03
10
-1.09
1.36
8.5
1.26
0.39
4.35
1.61
-5.27
1.82
0.59
5.98
-2.06
6.29
12.7
3.68
2.1
11.93
6.7
-1.92
6.21
-1.81
3.27
1.69
3.04
5.76
11.78
0.11
6.55
2.25
-1.44
4.71
4.65
-1.5
10.16
5.3
-9.08
9.7
1.72
3.58
-2.55
6.78
-4.89
11.77
-0.1
-9.47
12.81
3.03
-1.59
2.22
-2.29
-4.25
5.14
-5.67
1
-1.87
6.65
-5.03
-0.32
2.87
0.24
2.39
-1.32
-5.04
1.34
-5.53
1.53
2.25
-3.28
-1.71
5.21
8.69
5.61
3.47
2.37
-3.49
0.91
-3.7
9.04
5.93
3.93
8.87
-0.05
3.32
-3.01
0.91
2.41
0.09
5.77
1.18
4.68
4.52
-3.44
0.46
11.11
1.87
1.51
8.52
-7.53
-5.83
2.26
-1.99
1.1
2.85
3.62
5.91
3.48
1.96
3.44
3.18
0.51
0.87
6.5
-3.83
3.16
16.2
2.65
7.43
6.8
4.46
-10.81
16.04
6.96
-6.01
1.32
-0.39
-6.15
4.6
4.34
7.66
6.23
8.18
-12.96
9.21
-5.53
-2.72
4.8
8.53
0.55
-2.72
-2.44
-4.71
4.05
2.84
1.99
-0.49
4.85
-16.37
4.79
4.29
-4.26
4.96
2.53
-2.02
1.52
5.59
-2.16
0.14
4.78
1.75
10.09
4.5
-4.67
14.98
6.15
-9.17
8.27
6.73
2.62
10.11
8.07
12.68
4.59
7.3
-0.15
8.79
0.64
1.07
2.13
6.51
10.93
7
4.85
2.01
8.6
12.59
-10.31
16.18
9.99
-2.41
8.64
7.78
-0.56
3.74
9.28
-2.61
-4.91
7.34
-1.29
5.46
12.69
-6.75
-4.71
8.02
-2.39
2.78
5.36
-1.05
2.97
9.6
-2.43
1.33
0.92
-16.9
3.6
10.88
2.61
4.33
9.56
0.25
3.99
10.08
11.03
1.78
2.49
-0.89
7.84
7.49
1.58
13.99
13.95
7.28
0.94
4.14
16.17
11.93
6.15
4.17
8.4
11.82
2.4
0.2
3.98
4.58
2.33
-1.05
1.93
-1.61
3.24
-1.76
2.19
2.65
3.13
-3.62
-1.74
2.44
-4.6
0.35
-3.28
4.14
0.94
1.88
-1.34
-5.22
-0.92
2.57
-3.39
0.87
-5.91
1.06
0.57
-1.98
4.1
0.23
1.04
2.69
3.81
-1.42
1.38
4.76
6.25
-1.53
5.81
4.11
2.3
-0.53
-1.95
-7.68
-0.15
-4.61
3.79
-3.78
4.49
12.66
-4.88
-1.9
-9.2
-8.3
-0.84
-0.13
2.02
-0.72
-8.91
9.09
1.74
4.04
3.14
-1.24
5.19
-5.09
14.87
6.25
-3.83
4.78
0.31
8.54
-0.23
11.25
5.36
0.5
5.23
8.79
-4.78
19.53
3.58
5.41
6.54
-0.44
8.1
4.44
-1.65
-3.05
2.91
3.66
3.29
8.11
6.74
-8.15
6.64
-7
4.58
8.06
-3.44
2.65
2.45
-4.66
-4.12
-3.45
3.76
2.37
2.04
4.55
0.97
-3.28
4.81
9.29
-3.71
9.7
4.05
-0.06
-0.5
12.34
-5.82
5.13
-1.78
1.45
0.14
-9.06
-7.47
8.88
3.96
6.29
5.98
8.59
9.57
-3.83
3.52
4.24
2.18
9.41
7.48
-4.46
1.84
5.49
-2.88
5.46
-6.1
0.53
5.68
-6.29
6.79
4.75
5.95
2.73
4.84
3.82
5.99
4.76
4.81
4.1
5.67
-7.8
2.97
3.72
3.87
3.15
-2.22
-1.38
-1.13
-7.28
-6.65
3.61
-0.14
1.26
-2.08
1.75
-0.87
-7.57
-3.66
-2.79
-2.91
7.95
0.73
-5.79
7.09
-2.94
-1.68
1.68
-8.49
3.82
5.56
-2.59
-11.09
3.26
4.32
-6.32
0.87
-5.98
3.96
4.8
0.56
3.45
9.64
0.1
6.6
13.58
2.63
4.7
5.09
8.42
2.46
15.31
4.11
6.63
8.13
1.63
2.12
2.67
-0.15
2.31
2.84
13.1
2.14
0.6
4.72
5.6
2.14
2.51
-2.37
7.33
3.39
9.31
10.06
3.97
-0.44
-0.84
-3.87
-3.08
6.45
2.32
6.75
0.01
2.05
3.63
-0.63
3.27
8.68
2.59
7.54
11.05
2.29
1.76
8.24
4.62
2.04
7.2
10.67
8.8
2.03
3.72
3.46
2.94
21.11
5.35
0.64
3.9
-7.43
-0.75
3.91
1.72
-2.8
7.95
-2.94
-10.34
3.06
-6.17
-6.15
2.6
10.32
-1.47
-9.18
2.85
4.63
7.92
8.89
11.01
3.11
-0.94
8.83
3.39
5.42
-6.42
1.56
3.51
2.73
-1.44
0.62
7.09
2.98
4.07
-6.74
-1.16
8.93
-5.48
-6.96
2.88
2.1
-6.64
5.96
8.89
5.01
-1.89
4.33
0.01
2.56
-1.75
3.59
3.42
-0.77
0.29
-1.23
-1.97
4
2.79
6.64
2.66
9.1
-7.05
1.01
18.99
8.1
7.2
9.46
-4.01
5.38
-2.56
1.96
4.15
2.82
2.88
3.5
3.42
3.69
3.27
4.78
7.25
-4.2
8.52
3.98
8.1
4.81
2.92
0.79
1.55
2.99
6.37
3.02
-0.79
7.25
-2.29
4.41
10.32
-0.19
14.73
-2.22
2.72
8.88
1.16
10.75
3.41
5.8
8.76
1.36
0.55
5.76
9.56
6.77
2.44
4.16
8.75
10.1
12.37
-11.82
4.19
8.17
-0.44
-0.32
8.4
5.54
-5.12
6.49
8.92
11
-2.14
1.47
10.61
0.35
0.6
12.03
1.92
5.81
2.54
1.38
5.04
1.67
-1.15
7.42
-3.28
-0.42
6.74
5.39
8.12
-4.32
2
7.61
-1.51
2.68
6.23
4.87
0.41
4.15
-2.98
-0.43
0.38
-0.3
-2.47
5.71
0.37
1.34
7.46
10.66
-2.59
4.2
7.63
-2.17
2.62
6.22
4.36
0.99
6.02
4.49
7.84
-3.82
12.08
1.06
7.03
0.35
2.87
3.16
9.5
3.94
3.28
-2.04
-5.89
9.94
0.7
0.25
3.9
-7.19
-3.57
9.41
0
2.54
0.06
5.84
1
-5.58
5.99
7.45
-1.56
0.19
2.27
-6.17
7.34
-2.13
2.2
3.84
-5.78
1.78
0.24
-0.86
6.71
-8.6
-1.11
3.99
0.26
-1.81
2.83
10.37
-6.99
3.25
8.64
-8.44
1.09
6.12
-1.79
-3.11
0.17
-5.99
2.92
-11.41
-0.26
5.41
-2.96
4.9
-0.59
-3.6
0.99
2.46
4.86
-0.97
-0.04
-0.3
-7.29
7.6
4.88
5.72
0.85
6.1
5.18
-0.94
2.42
-5.61
-0.49
6.72
0.81
-3.33
-5.05
5.44
-1.45
6.86
7.25
-3.81
10.46
-18.55
5.91
2.61
-4.02
12.5
10.47
-10.44
6.3
0.19
4.16
5.48
15.51
-5.02
4.31
8.94
-4.19
-0.14
5.2
2.54
14.36
-1.42
-2.08
5.75
-1.6
-5.59
-0.1
1.52
-5.81
9.14
2.48
-4.17
3.51
2.24
-3.6
-0.44
-8.97
3.04
-0.54
-2.14
2.05
3.12
-2.58
-1.51
6.67
6.04
2.58
7.8
3.52
0.64
5.15
-1.84
4.16
1.05
2.93
-5.55
-6.81
5.07
14.27
5.04
-0.24
13.07
3.2
1.65
6.17
10.94
-1.69
3.84
9.8
0.93
5.19
10.63
6.32
1.17
3.7
9.72
1.54
4.56
-1.76
0.99
0.15
-7.01
11.75
-3.62
10.58
4.42
2.67
10.66
1.76
5.15
4.65
2.93
-1.88
11.96
-6
2.32
4.59
2.18
4.86
5.43
0.35
11.4
1.05
4.39
5.42
6.99
1.5
2.23
-4.92
6.33
-1.43
6.9
7.59
-0.37
0.6
0.07
4.6
4.7
3.74
5.87
0
4.7
9.57
-1.92
-3.98
-2
4.79
0
-1.16
-0.56
5.02
-1.94
6.8
-1.59
5.35
3.45
12.69
1.14
-3.48
8.32
4.39
5.1
-0.85
10.41
-0.55
6.88
9.01
-4.81
4.22
8.6
-3.43
6.33
10.61
5.31
4.87
4.16
3.69
-1.97
-0.95
-0.47
-0.77
-0.99
9.49
-2.49
6.51
-5.14
1.19
-4.79
-2.65
1.77
9.22
7.52
-1.85
-0.55
1.97
6.02
3.99
2.05
4.88
-0.37
6.87
-8.86
0.67
10.54
-2.57
2.07
9.55
-7.81
3.74
2.89
-0.59
4.45
-4.22
7.58
-1.43
-5.56
-3.27
-13.56
5.93
1.59
-6.96
4.88
5.91
-3.4
-2.59
2.12
-4.07
-2.92
1.53
-0.6
12.98
1.4
4.12
-0.27
9.98
7.87
9.98
4.07
11.73
7.55
2.24
11.22
6.05
14.98
1.9
0.99
7.32
4.05
-2.63
5.09
8.67
7.3
10.79
5.34
7.52
-4.98
11.81
3.2
5.84
5.5
10.73
3.28
2.91
0.12
3.89
4.02
6.22
-0.34
-4.05
3.27
0.63
-2.32
0.51
-2.93
7.64
4.72
-0.55
0.98
9.84
0.6
0.62
4.06
2.93
5.34
0.22
10.69
-0.07
4.47
-5.52
14.01
-4.62
5.19
7.19
3.28
5.56
4.45
6.1
-4.85
3.63
1.2
3.04
1.53
4.69
-0.86
-0.94
-0.01
-3.53
5.44
6.08
-0.04
-4.68
-2.58
2.26
2.12
3.51
6.49
5.55
10.59
5.49
10.84
2.61
1.83
8.33
13.23
4.36
-2.06
10
-5.99
10.13
5.42
3.98
-0.76
6.18
2.25
16.12
0.77
9.17
1.79
4.88
6.07
6.22
6.46
1.72
-0.56
6.4
7.41
-4.01
5.17
-0.17
2.29
-4.77
-2.9
-5.81
7.96
1.19
-0.52
13.14
-5.18
-0.79
8.49
-2.15
-5.9
-2.81
1.27
-1.04
4.81
-3.78
-4.77
3.28
-2.38
-11.15
4.05
-7.55
-3.08
-1.57
-7.68
2.77
6.42
-0.64
-0.81
-9.41
4.36
1.39
4.79
7.16
-4.32
-2.34
3.21
3.59
-6.71
4.83
1.56
0.07
3.32
-1.86
6.46
4.08
-1.23
7.79
5.41
-3.27
6.33
7.43
-6.64
-1.55
5.33
0.02
5.9
7.8
-1.78
4.06
5.7
8.94
4.29
5.32
1.63
-6.63
6.65
2.42
-7.7
2.06
-10.44
-0.49
-8.01
-5.62
3.62
-6.32
2.39
6.01
3.15
-6.83
2.79
-3.15
-5.91
5.32
2.95
1.69
3.48
-0.99
5.67
8.34
7.19
6.18
-3.67
5.29
10.66
14.13
0.61
0.3
1.07
5.47
-1.35
2.89
-3.76
-2.41
5.23
1.18
1.7
2.31
-0.83
2.37
3.14
7.36
4
8.93
7.28
-3.14
6.89
9.44
2.86
14.38
-2.4
-8.64
2.43
-4.79
-2.73
6.37
9.35
-5.69
5
9.11
-1.11
14.51
1.16
-3.51
7.62
7.86
-2.59
5.92
3.35
-2.06
9.57
4.82
-2.96
11.27
4.78
-1.17
7.89
6.43
0.01
1.45
-3.44
5.98
7.55
2.65
-2.09
13.89
2.84
9.65
7.35
4.11
-4.15
3.2
1.39
4.69
1.4
6.34
1.03
-7.31
1.79
5.69
-1.81
-2.14
-6.64
3.79
5.97
1.55
6.25
1.85
2.67
11.65
6
-0.99
5.12
0.53
1.37
1.28
4.97
-4.56
0.03
-3.08
0.85
6.37
1.98
-8.24
-4.74
-1.28
-6.75
6.14
-5.64
6.82
13.47
2.91
-0.93
-0.83
-1.58
-0.43
-5.56
-8.05
0.19
-0.79
2.26
-3.68
0.23
0.84
-2.05
9.36
-0.52
3.63
-1.95
5.01
0.71
5.76
-2.45
-7.48
-3.39
5.31
-4.24
2.74
-1.37
4.64
1.58
-3.5
4.05
-6.55
-5.01
1.07
7.24
4.36
-0.97
4.66
-0.49
1.89
-0.49
-3.04
-3.57
-15.37
2.73
-2.15
6.23
-4.7
-3.91
7.55
8.46
-3.18
1.58
4.42
0.22
2.21
-8.81
0.97
-4.98
3.71
-8.66
0.57
-1.98
2.91
11.56
-0.66
0.79
5.77
2.72
-5.53
-0.31
2.21
-2.17
-1.47
-3.29
-3.24
4.63
-6.12
-6.07
5.95
-10.24
-1.06
5
-0.76
-2.51
2.85
0.86
-2.74
3.35
-4.09
-3.77
2.3
3.1
-3.98
6.18
-3.63
-5.66
2.42
0.44
5
2.29
1.38
-4.01
-8.55
0.48
-1.22
-4.83
2.89
1.67
-1.86
2.65
0.78
0.14
3.31
-4.27
8.06
6.24
7.18
7.76
0.41
1.85
-0.56
7.39
0.9
1.52
1.46
-2.31
2.29
-5.06
-1.44
8.32
-4.04
-3.18
3.24
3.15
3.5
16.2
-4.44
-1.97
9.15
-1.08
-0.46
1.19
-9.17
13.56
-3.08
-9.44
-4.17
6.77
8.03
-9.74
5.76
5.39
-0.46
3.77
-1.7
1.41
23.29
-9.58
-3.39
14.89
1.41
-2.28
2.44
2.33
4.72
1.83
-4.4
6.03
2.71
7.62
-3.01
5.05
4.69
-0.3
11.52
-6.23
0.67
5.77
-0.33
-6.45
3.85
-5.88
-1.6
-5.68
-4.69
-3.72
3.99
4.85
-1.09
7.77
0.98
3.73
5.66
1.77
1.87
-1.82
2.97
9.47
2.49
10.28
-5.02
4.81
4.35
-3.09
4.23
-2.13
-4.49
0.63
-0.46
-3.79
-6.89
0.11
4.46
-3.55
-0.37
5.48
0.87
-1.22
-8.82
3.78
6.52
4.18
-9.02
-0.09
-4.51
-4.86
0.45
3.2
-6.04
1.72
3.5
7.22
0.26
-5.08
0.58
5.14
2.04
2.21
6.41
-6.69
0.26
-6.97
-4.52
-3.16
-4.4
6.16
-0.87
-10.49
-1.31
-3.5
-2.03
-6.16
1.25
-2.21
-3.54
1.43
2.66
-2.16
8.19
8.73
-0.27
-2.25
6.91
-2.75
-5.98
1.73
-8.54
-1.69
0.22
-3.07
2.22
2.25
-4.68
-2.83
1.06
-3.96
1.58
2.8
-3.73
9.28
-3.3
4.05
8.02
-2.77
-11.13
-0.89
-2.74
-3
7.49
-0.82
-2.22
7.37
-2.47
3.23
-0.93
-2.45
2.19
0.91
-0.17
-7.23
5.12
-0.63
0
1.99
-3.18
-2.98
3.99
-9.82
-5.33
4.92
2.4
-0.96
4.26
3.66
0.22
1.63
7.49
-4.59
-0.7
-3.12
-1.4
9.28
-7.33
6.13
-3.17
-4.93
-2.65
2.72
1.59
2.05
0.3
0.44
3.45
-0.29
-0.25
-5.4
3.7
5.83
0.36
11.1
13.11
-2.99
11.56
-1.39
2.86
9.44
-3.63
0.44
10.92
-9.26
1.36
-0.88
1.22
3.45
8.46
13.2
-4.86
17.92
-0.79
-4.32
2.22
8.54
3.34
3.99
0.99
-1.41
1.18
11.84
6.74
5.11
4.44
5.99
2.25
6.43
4.99
7.44
0.3
7.95
6.37
-2.48
-1.48
13.37
5.42
1.81
3.44
1.53
11.32
-2.23
1.89
0.76
-7.19
-3.5
-2.96
-7.83
-3.96
-6.51
-4.24
-3.49
-1.6
-0.87
0.03
-6.72
10.26
5.38
-6.27
12.7
6.87
-8.59
2.25
8.17
-1.06
5.41
4.19
-5.52
-5.54
10.24
0.95
0.8
2.78
-7.5
2.77
-4.71
-3.24
10.09
4.37
-7.95
1.19
-2
1.69
0.01
-1.09
4.59
2.54
-3.3
-5.61
4.43
-6.51
-5.85
0.75
-6.03
5.84
11.45
-3.73
-1.76
-3.16
15.72
-3.43
1.94
-3.71
1.54
4.3
10.26
1.36
3.95
16.86
-1.32
3.69
4.99
-3.99
1.53
2
-1.62
-3.53
-2
-2.21
2.22
5.47
3.55
8.15
7.68
5.26
10.25
1.44
-0.46
3.37
7.56
1.47
-3.59
-5.48
-4.64
-7.46
-3.6
0.94
0.66
-3.55
6.04
-1.17
-5.58
-1.55
-1.32
-3.12
-0.94
1.59
2.56
-1.29
8.96
2.48
-2.54
-2.85
4.67
-0.64
2.09
-2.89
5.97
-1.39
4.98
-3.02
-5.28
-4.41
1.97
5.22
-2.99
-2.02
3.5
6.63
5.09
3.28
6.46
2.68
3.65
3.79
2.19
12.88
4.28
-3.66
2.52
0.32
9.17
0.97
0
-7.95
4.69
-6.8
0.54
2.65
-0.1
-4.06
-0.44
1.87
-0.49
2.43
-1.1
-6.02
5.82
-0.86
-5.14
-1.21
-4.92
-3.16
-2.5
0.67
-1.9
-1.12
-2.11
5.41
-7.76
-2.24
0.39
0.82
-3.08
6.46
6.53
3.3
-1.67
3.1
-2.29
-4.29
8.38
-7.53
4.68
-6.03
0.53
2.73
3.61
7.41
-3.09
-1.62
-1.42
2.62
-4.18
-0.1
-4.18
3.67
4.41
-1.67
0.37
-2.05
-6.8
2.36
2.08
3.36
6.83
0.65
1.45
4.22
0
-3.22
5.13
-1.17
-0.12
0.76
7.28
-0.3
8.98
-0.32
-7.45
0.87
-1.92
3.66
4.39
-4.98
3.98
-4.31
2.42
1.94
-9.05
0.57
2.72
-1.97
0.38
-14.07
2.96
-2.8
-3.44
4.49
5.59
3.46
-4.67
-1.43
-2.66
4.72
0.59
4.63
1.47
3.08
6.65
7.74
1.22
2.4
-6.89
-3.02
2.48
-6.93
1.26
1.03
8.2
1.54
4.84
-8.29
1.35
-0.11
11.78
2.68
-1.89
-4.19
-4.06
2.84
-2.48
-1
-1.92
11.86
0.24
-2.23
-0.36
1.5
-4.25
-1.73
-5.06
-0.7
6.45
-1.35
-4.27
4.47
5.92
0.97
3.88
-2.35
3.57
5.22
-0.14
-2.23
-0.66
-3.43
7.57
0.6
0.3
0.74
-1.23
-7.79
-2.67
-8.95
-10.17
4.42
-4.65
5.75
-6.55
1.66
4.48
-8.44
11.65
1.94
-0.96
11.35
-8.32
1.41
-0.47
-2.88
-1.73
0.6
-1.94
0.92
11.41
-3.09
1.98
4.69
-2.69
0.68
1.56
-2.2
-0.8
-7.73
17.66
-2.46
4.4
8.06
-0.54
6.56
5.4
-1.73
2.15
1.45
1.18
6.75
-1.36
2.35
0.71
5.92
-0.5
-2.75
-7.21
1.43
3.47
-4.89
-7.78
1.05
0.11
0.74
4.38
0.22
4.13
-14.44
9.99
3.11
-7.46
5.3
-2.05
-9.38
7
-4.99
12.36
-3.64
6.9
0.56
5.08
4.78
-2.7
6.68
2.69
-2.98
3.67
-3.27
3.28
-3.68
5.23
2.99
5.72
6.91
-4.35
2.9
-1.33
-11.44
2.04
-0.9
9.83
-0.19
-11.42
-0.84
0.33
-3.37
-6.51
9.25
-1.25
-7.04
2.76
11.74
11.3
8.84
2.78
3.71
-9.52
4.72
-1.91
-15.58
5.08
-0.98
3.3
-3.12
-0.71
-3.62
-4.2
-0.71
-0.7
5.76
3.62
-5.04
7.16
0.46
5.68
0.05
-4.02
-2.66
-1.83
8.36
-8.59
-0.37
-6.47
-1.77
1.66
8.78
-4.6
-2.14
2.22
-2.03
-3.7
-5.14
-1.58
-4.58
-0.14
3.94
-0.14
-9.44
2.52
-0.91
0.4
1.27
0.99
1.86
1.29
2.45
-12
0.97
-4.2
-0.89
2.56
8.71
0.5
8.2
-3.5
2.34
3.38
6.53
3.37
4.65
-0.57
2.71
2.28
5.5
8.94
1.21
0.12
11
10.01
-1.21
5.47
-2.93
3.1
-6.9
-4.74
0.37
-12.6
-0.33
1.09
2.21
6.83
7.15
1.21
-1.42
-2.05
2.29
6.12
-2.16
14.84
3.26
-0.6
14.46
1.34
-10.15
12.6
5.89
10.07
8.6
-2.53
-0.12
-2.74
0.11
-1.2
1.74
-6.88
0.28
-4.63
-0.09
-1.05
2.46
-0.43
0.58
4.55
-3.7
-2.06
-3.24
1.56
0.81
-5.54
-2.84
-3.66
-0.64
-5.21
-5.12
2.15
-9.7
-3.42
7.21
2.7
1.71
-0.16
1.4
0.73
-0.66
5.56
-1.24
-8.11
5.36
-7.66
10.4
-4.92
-2.23
7.35
3.07
1.2
7.73
-3.33
-8.95
-1.06
0.89
-4.33
9.03
-3.11
0.53
-1.43
1.29
-5.08
7.85
8.14
-2.95
7.35
11.57
1.91
11.73
13.44
0.94
-0.15
14.78
1.59
4.96
-1.46
-4.6
-0.7
-3.47
-4.01
0.93
5.69
-0.83
7.69
-0.09
-5.09
8.04
-3.8
-2.83
2.79
5.47
10
8.58
-4.81
7.73
2.07
0.76
0.98
3.07
3.18
-4.09
3.34
-5.19
-0.52
-9.59
1.9
-3.96
-11
3.76
0.23
-2.76
0.39
12.02
1.81
2.31
11.73
1.41
5.46
-1.28
8.76
4.08
-10.95
-2.4
0.86
-2.74
-7.93
3.7
-4.1
-5.65
-0.56
-2.69
-0.51
3.96
-2.89
-5.12
-8.33
-0.48
-0.08
-8.25
-6.76
15.51
-4.3
-7.09
6.23
3.09
-6.79
-3.58
12.57
-6.36
7.87
-5.59
-1.34
0.55
-5.55
-3.04
9.27
-4.17
5.43
1.71
-3.14
3.38
3.61
-3.71
3.36
9.49
-0.26
-1.94
2.9
3.23
2.55
7.15
-1.89
0.23
4.13
1.57
0.15
5.76
4.38
-0.87
0.96
12.82
0.23
9.72
9.23
-3.2
-7.15
3.75
-1.61
1.1
3.61
0.25
-1.91
4.07
1.48
-2.57
-8.02
1.57
0.91
-7.89
-2.28
9.74
-5.55
-5.38
-3.06
3.63
1.54
15.18
-1.1
2.11
8.09
-1.94
1.27
14.67
9.27
3.18
5.72
14.2
-0.45
2.45
0.87
3.6
5.71
1.4
-1.35
-4.58
1.86
6.4
13.54
7.02
-0.59
12.43
-4.27
6.39
2.69
5.5
1.24
10.7
-1.64
-5.81
16
-1.99
-1.53
9.97
5.44
2.94
7.66
-1.04
5.64
2.31
0.2
0.89
-16.72
0.95
0.03
1.01
-2.93
3.85
9.37
-0.94
1.96
-0.42
-4.53
-3.62
0.1
-6.97
-8.56
-6.28
3.58
0.66
-0.71
3.52
-1.27
1.93
-0.41
1.45
-3.34
0.98
2.48
0.56
0.48
-1.99
4.53
-2.41
-12.44
-4.73
-7.38
-3.08
-2.81
-1.51
-2.67
1.27
-0.84
7.08
6.8
3.51
7.29
1
3.02
6.91
3.62
15.51
-7.06
-5.03
7.07
-0.14
0.65
-7.27
1.94
-4.32
6.24
-2.04
4.56
0.18
2.3
-3.3
5
-3.89
1.81
1.68
-0.67
-2.66
2.26
-3.64
-3.3
2.75
3.28
-2.14
0.5
1.32
5.91
2.4
5.44
-10.3
7.21
-3.29
-8.47
-2.49
8.42
-7.24
0.47
-0.41
-2.14
-10.65
-8.06
0.07
0.97
-4.86
3.22
3.54
-3.16
-0.06
0.61
-5.94
-1.32
4.44
1.68
-5.92
1.38
-5.16
2.91
0.4
6.41
2.26
5.06
-0.79
3.07
5.18
-1.72
5.27
0.59
2.57
-6.4
2.55
-10.28
-6.68
-2.26
-4.2
-0.64
1.6
-8.68
-0.23
2.69
-0.85
-4.88
6.15
2.04
7.45
5.13
0.63
16.11
-7.49
-7.9
6.31
12.47
4.94
6.53
13.64
-2.3
1.68
15.15
6.04
0.1
6.12
5.99
1.73
3.7
-0.28
6.22
0.06
-1.38
11.44
7.15
-6.4
12.87
3.42
0.77
7.77
13.84
-3.09
9.25
5.78
6.21
13.72
1.91
-3.73
8.73
11.48
3.32
2.6
5.44
7.98
5.02
6.5
6.11
8.32
-3.43
-0.63
0.86
-7.2
4.13
10.69
5.61
-3
18.87
7.81
7.13
1.83
2.59
-3.49
4.95
-5.62
-1.21
7.04
-0.39
1.45
13.23
-9.84
6.17
13.46
-0.38
-2.85
0.1
12.99
5.78
12.56
5.06
-5.93
7.51
2.66
2.62
-0.87
-0.86
-4.15
4.19
-0.07
4.92
-1.53
-1.5
3.29
5.01
1.16
7.03
5.19
0.16
8.47
0.8
1.01
8.36
3.79
-4.28
1.21
4.52
-4.41
7.35
11.24
0.68
-11.28
2
1.55
1.23
6.8
-7.36
0.46
2.33
-0.44
2.75
2.23
-7.54
-3.63
11.84
-8.63
0.93
3.96
-1.49
2.03
7.02
-1.86
1.06
8.38
3.95
-3.28
8.95
-10.38
2.39
12.39
0.08
5.33
8.83
-2.64
3.31
6.1
3.1
-2.78
3.05
3.26
1.76
5.5
-2.26
-5.58
0.04
7.62
-1.36
4.93
10.52
-5.44
3.02
10.07
0.32
13.8
3.45
5.02
11.3
-0.05
0.46
5.26
1.66
-0.68
2.06
-0.64
-0.78
2.21
0.32
2.8
3.73
0.08
-1.38
13.43
-1.45
-2.19
-4.29
-2.08
2.91
9.22
-1.49
8.53
0.25
-9.05
4.46
2.69
-7.25
-2.12
7.36
1.5
1.73
3.77
0.54
4.66
0.26
-8.87
8.39
3.87
-11.19
-0.29
-5.09
-6.97
-1.18
11.57
8.02
0.47
8.41
7.28
-0.38
4.43
-2.24
5.77
1.69
0.27
4.23
0.37
-3.9
-1.27
2.25
5.1
0.02
2.28
9.62
0.59
-6.33
7.38
0.12
2.45
12.16
0.07
3.55
-5.99
6.13
-0.35
-0.45
0.26
5.57
3.22
10.05
1.03
-4.64
-4.72
5.25
5.69
-0.49
4.36
5.19
-7.42
-4.91
3.43
10.07
7.91
-0.25
0.63
6.08
1.79
-8.14
-8.02
3.12
-2.94
-1.23
-1.68
1.15
-1.54
4.9
-0.43
1.55
5.28
2.12
1.9
8.24
-5.94
10.8
3.32
6.44
7.19
-0.16
5.36
-5.15
-1.06
5.19
-3.76
3.92
10.4
4.46
3.38
6.22
-2.98
6.26
13.61
13.69
-3.14
5.17
5.74
2.88
-8.32
7.92
-5.32
8.25
1.1
2.59
1.37
-1.55
-9.96
0.62
-0.24
-2.01
-2.24
2.73
-7.77
2.36
2.68
-4.32
3.84
-2.63
0
1.24
-4.59
1.9
-4.98
0.82
4.77
-5.14
5.99
9.95
-6.58
5.45
-1.92
-0.74
0.88
2.68
2.49
6.56
2.48
1.37
2.36
4.03
1.52
-4.59
-5.69
1.8
2.65
4.51
6.11
4.31
7.97
-1.32
10.06
-2.99
-0.2
13.2
-5.06
-0.14
6.47
4.17
-2.46
3.39
6.58
-4.78
6.04
4.59
1.1
4.42
-0.92
-7.78
12.52
-2.18
4.67
7.65
5
-3.97
-2.52
0.8
-0.83
-1.99
-1.09
7.73
-3.34
7.98
-1.5
1.74
-3.78
0.82
-0.88
-0.14
5.64
-3.61
-1.02
-3.95
2.21
-1.53
2.17
1.71
3.5
-0.08
-3
-2.62
1.4
-0.12
4.48
2.42
-3.52
3.73
1.48
0.92
-3.64
-4.27
-1.83
-1.97
2.06
-2.62
9.09
-0.31
3.05
11.98
-5.13
7.9
-4.74
7.92
-3.59
7.88
4.63
-4.34
3.11
12.12
-0.16
1.28
3.42
7.33
5.04
-1.58
6.47
6.7
6.17
3.95
4.65
4.66
2.69
-3.65
1.66
-1.72
6.94
2.99
3.58
10.45
-4.64
4.15
3.83
-9.25
0.38
0.13
8.13
-1.76
-3.8
-2.57
-4.46
0.6
-4.18
-3.39
2.4
-3.89
-0.28
-4.85
-0.09
-2.03
-1.71
-0.17
6.95
7.74
-1.72
11.72
-4.6
0.88
6.74
-5.95
9.44
3.54
1.22
2.81
3.6
-5.73
-2.6
0.19
-3.33
3.32
3.63
-3.36
-0.3
-0.6
-2.02
4.46
1.89
8.6
1.82
-2.94
-3.46
5.86
12.34
5.17
3.66
-3.7
8.13
0.03
2.83
-6.77
-7.81
12.87
-5.01
-3.52
5.67
-2.56
4.69
6.42
8.37
-2.23
-2.79
0.51
4.29
3.38
-6.48
1.55
-11.22
-2.67
0.27
-3.62
-7.19
0.29
6.67
-11.05
-1.29
4.39
-1.91
2.49
0.96
-3.32
5.33
1.23
-6.41
-4.25
5.59
0.35
2.77
-1.5
-2.81
6.95
-2.13
0.79
1.02
-0.04
9.77
-4.15
-1.67
-2.12
13.35
-1.5
0.52
-1.03
-4.79
-5.7
1.52
-5.45
3.26
-4.52
0.3
1.3
2.94
1.56
0.5
-2.05
-0.55
7.65
2.53
5.77
1.43
-3.87
-0.93
4.82
-0.57
7.02
1.88
4.43
9.72
3.24
-2.93
-1.46
5.86
-4.47
-7.03
-1.18
-1.04
-0.54
-2.44
-6.16
1.29
2.91
1.24
-2.79
1.04
-6.34
14.31
5.75
5.79
18.53
-0.81
-4.88
-3.4
3.9
4.64
-1.78
7.9
2.65
-2.21
1.56
-1.58
-9.37
4.7
4.38
4.54
5.07
-10.61
-4.18
-6.9
2.68
-2.98
-0.28
3.29
-0.62
5.28
-7.48
-3.3
7.3
-10.85
3.05
-0.69
5.84
16.72
-2.06
4.51
7.16
-2.91
-2.25
8.32
-3.59
-1.52
-0.63
7.01
-1.81
1.95
6.49
1.18
7.21
9.54
3.19
3.31
13.92
-2.69
14.59
1.12
6.83
3.36
8.03
-1.96
-3.36
-4.37
-1.76
6.25
-0.87
-5.37
14.19
-6.31
-1
0.9
-1.61
-1.15
14.94
1.93
3.41
9.92
-0.66
-0.47
2.88
-1.26
1.85
-0.86
-0.67
0.63
8.47
-4.05
-0.19
12.8
-0.92
1.91
6.77
4.37
-1.95
4.44
2.92
-13.41
2.92
6.68
-9.39
9.17
-1.54
5.9
13.33
-0.23
-2.15
12.38
9.15
5.56
15.32
4.84
0.92
7.43
3.41
0.48
-0.19
6.89
-3.65
-0.17
3.28
-1.26
-2.38
1.29
-0.22
-1.52
-9.91
5.03
9.26
-3.04
3.78
-5.13
1.48
-2.37
9.52
4.94
-0.51
-7.89
3.33
-4.93
7.88
4.83
-4.58
-2.24
1.7
1.66
3.78
1.55
-1.19
3.41
3.18
2.35
11.63
7.31
0.76
4.35
12.24
2.16
-0.24
4.53
3.21
5.29
0.64
1.93
-2.09
-2.89
5.43
-2.21
-0.33
-0.03
1.06
6.73
2.46
5.77
7.29
3.63
-0.97
3.32
-2.08
-2.38
7.89
2.14
-7.02
5.85
-3.27
-0.38
0.3
-0.35
-3.8
1.29
-6.93
2.37
-4.99
-5.06
-7.17
-5.61
0.23
-1.95
-1.42
-4.88
-2.27
-2.22
-0.94
-6.77
-1.38
-3.8
-5.37
1.7
2.62
-3.02
3.21
-4.11
-3.04
1.44
1.49
-9.79
-9.76
2.28
-0.56
-5.83
-3.43
2.89
6.22
1.8
4.7
6.95
-0.56
4.36
6.16
-2.99
-12.88
9.74
7.19
4.87
-3.56
-0.43
4.43
-0.08
-0.56
-4.12
4.13
1.87
-6.77
-1.13
4
-7.44
-6.32
1.39
-3.5
-1.62
1.3
0.27
-6.24
0.11
-10.42
-4.03
-2.01
-0.56
-4.04
-7.43
2.31
-1.7
-1.87
6.39
-2.26
1.19
8.68
-5.24
-4.37
11.43
7.54
-5.29
10.18
9.4
-0.97
12.44
4.44
1.34
8.48
8.22
2.32
11.76
5.4
-0.4
10.22
6.81
1.01
16.23
-0.39
8.87
8.03
3.48
-3.02
8.72
7.33
-1.52
3.51
4.64
6.21
3.23
-2.53
1.68
2.66
-2.8
-5.49
0.65
-2.03
-2.34
-2.45
3.49
-9.09
1.46
-2.51
-4.31
1.08
-6.91
-5.07
8.85
1.8
-5.01
0.56
-0.82
0.65
1.24
-2.7
-4.21
0.3
-4.51
-0.35
-0.75
-1.51
-6.24
2.44
0.63
-0.82
2.47
6.25
-8.4
4.14
-0.06
-1.57
4.75
-2.2
1.38
0.18
2.8
-0.56
-4.31
3.02
0.35
0.33
-4.46
-3.76
0.87
1.48
-7.65
4.34
-7.7
5.87
-6.38
-1.98
-2.7
8.57
-7.97
-2.82
13.49
4.92
-1.57
3.48
-5.44
1.81
0.41
-0.05
1.38
0.51
-0.64
-4.24
-1.18
-2.38
2.56
5.77
-6.85
2.95
1.76
1.18
-0.18
8.52
-5.91
-2
-3.57
-3.14
2.04
0.41
5.91
-2.78
3.59
-0.5
-2.82
1.62
-1.45
-8.33
3.7
1.04
-0.26
1.18
0.34
-4.04
0.17
6.25
-2.79
-1.91
1.71
11.73
5.87
8.15
0
3.61
1.48
-0.23
-0.94
0.89
-9.91
-2.48
-0.11
1.74
8.23
-7.63
-1.26
-4.42
5.68
0
2.09
1.46
1.27
6.22
5.54
0.34
-1.54
2.81
-4.6
7.99
-4.85
-2.15
5.67
-1.01
-3.73
6.63
5.86
-0.17
1.67
-1.74
2.47
7.52
3.06
-2.31
4.09
-0.97
-6.86
0.39
-2.64
-2.49
0.37
-4.33
-1.12
0.7
7.54
1.98
10.81
2.65
2.41
-0.42
1.15
-6.43
-1.37
0.6
0.13
-0.72
-2.45
1.98
-6.8
-3.18
-0.11
4.45
-6.66
2.18
-6.29
2.57
-1.07
3.08
4.91
-2.81
1.54
-2.35
0.43
1.26
-1.21
-3.25
-5.35
-4.88
3.89
-6.97
-4.64
-0.13
-6.17
3.57
-4
-0.15
-2.67
-8.61
-0.76
-0.08
3.24
5.01
2.92
-0.46
0
-1.79
-4.31
3.26
0.77
1.74
4.27
-4.09
-1.24
4.78
0.05
8.06
1.91
0.6
-4.04
0.31
-2.5
9.33
2.99
3.61
1.81
-2.2
-1.89
1.53
10.39
-2.1
4.03
0.93
1.17
0.91
8.22
1.09
0.08
-4.01
-5.36
-0.05
-4.41
6.03
-4.64
-6.97
3.25
0.61
-6.92
1.32
1.27
-1.78
10.34
-7.05
4.53
3.49
-0.56
7
-15.07
1.44
2.06
2.42
3.1
-0.48
4.36
-0.63
-0.02
4.1
3.82
-1.13
4.92
3.76
-0.4
1.91
6.27
2.42
1.63
-3.35
2.83
0.58
0.36
-2.33
0.33
-2.35
-7.15
1.95
-0.71
-3.76
-4.45
-11.57
1.37
0.23
-2.29
13.23
5.12
1.72
0.55
0.73
5.06
7
-8.29
-1.02
-7.42
-8.48
3.87
-4.87
-5.03
-2.37
-8
-5.68
-4.38
-2.74
-4.69
-9.83
1.36
-5.97
-13.07
0.81
-6.03
-1.86
1.17
-1.32
2.76
2.45
-6.8
-1.21
2.19
0.02
-9.28
5.71
11.45
-1.48
4.28
-1.76
-2.45
8.27
4.14
-10.79
0.3
-0.89
-4.04
16.52
-0.5
4.41
-1.4
2.78
0.45
1.9
-0.32
-3.18
1.63
3.8
1.86
10.84
3.22
5.12
-0.65
2.47
-4.13
0.19
3.34
-9.27
-6.56
6.81
-3.79
-1.55
0.08
1.59
-2.17
2.42
2.23
-16.98
4.45
2.07
-6.83
-3.31
-2.89
9.08
-1.38
4.07
-8.74
6.72
2.92
0.4
3.83
0.6
-0.88
3.32
1.28
3.72
3.66
-1.32
8.52
0.69
-4.5
-0.23
0.27
3.65
1.97
-0.88
4.79
3.5
-0.8
-0.93
-7.51
6.14
-1.72
-5.1
1.87
1.78
-4.38
-2.1
-2.44
4.5
-7.55
5.52
0.19
-6.48
-4.04
4.28
1
-7.01
-0.4
-2.13
-6.31
-2.64
11.65
-0.82
1.1
-2.59
-7.81
-2.43
-12.64
-4.19
-3.51
-8.85
-6.63
-2.69
-12.61
-3.22
-11.62
4.88
-6
-1.11
-2.02
-0.77
1.29
5.33
0.49
1.99
-0.48
6.49
4.94
3.69
3.82
8.94
-6.46
-2.99
0.36
2.44
-0.3
6.92
3.35
-0.28
-4.95
-2.83
-3.56
-1.89
5.42
-3.28
1.01
5.45
0.31
0.23
2.18
4.32
-0.04
-4.8
-3.15
8.62
1.49
-4.41
-5.87
-3.68
-3.64
-1.88
0.07
3.08
3.64
4.15
0.77
-0.86
6.04
0.6
1.68
-0.85
-3.34
-4.2
-2.68
-1.97
1.19
2.68
3.18
-1.1
-1.02
-5
-2.26
1.43
-8.26
5.81
-1.28
-6.73
2.21
-3.03
0.97
5.8
-2.49
4.81
8.24
0.69
5
6.39
-0.39
3.4
-9.49
1.63
-1.09
5.28
1.76
-7.11
-6.67
-0.63
0.51
-0.81
5.38
-2.5
-0.21
7.16
-6.65
-2.03
-5.34
0.43
-0.73
3.1
1.86
6.46
-2.4
-0.29
0.27
-2.63
2.12
13.02
2.77
-2.97
0.72
4.95
-7.28
7.69
4.68
-3.55
6.42
-0.31
-6.12
4.77
-2.68
3.85
1.19
-4.36
-0.9
3.54
-4.61
1.72
1.42
4.83
3.34
5.31
0.9
3.63
-3.15
9.26
-5.8
11.18
2.31
0.67
-4.99
9.29
0.69
3.44
-5.3
0.23
8.28
-4.08
-6.91
4.88
-2.27
2.91
0.89
4.33
5.35
-1.38
-1.1
-4.28
5.99
2.48
1.95
-0.3
4.43
-7.05
5.42
-1.02
-5.68
3.85
-7.45
11.11
1.95
-4.93
0.74
4.87
6.17
-5.07
7.61
-6.23
3.05
0.75
-8.47
3.92
6.65
-10.71
5.33
5.79
2.23
-9.5
-0.06
2.92
-8.43
6
-0.15
-1.22
4.79
-4.73
-0.2
2.5
9.06
-5.09
1.79
-1.5
-0.84
1.97
-2.84
1.27
-5.38
2.41
2.09
4.49
-0.14
0.13
3.08
-9.82
-4.05
5.82
-2.73
-2.67
2.21
9.08
-3.07
8.49
9.81
1.61
3.41
7.58
0.64
3.47
-0.03
1.43
7.31
0.21
-3.96
8.57
-1.1
-3.13
-5.33
-3.75
0.69
6.83
4.31
-0.91
3.19
4.18
1.75
0.23
-2.26
-4.15
6.13
-3.09
-2.98
1.18
-2.99
1.7
5.49
-5.04
1.68
1.12
2.36
-1.62
2.46
3.37
-3.53
3.57
3.11
5.04
1.05
1.41
3.36
5.89
0.04
-1.22
5.42
2.75
-4.44
10.73
0.6
-2.98
-0.58
-5.04
3.45
8
-6.89
4.49
2.04
9.09
-4.44
-1
-6.76
5.18
-1.12
-7.11
3.47
-2.91
1.21
2.7
1.17
-4.58
5.32
3.51
0.76
0.86
-5.12
6.84
1.87
0.11
-0.06
-6.87
-3.95
2.85
-7.39
0.86
-8.82
1.94
0.16
-1.42
-8.02
-2.42
1.67
2.81
2.35
1.45
-10.8
1.41
7.64
0.21
-2.48
-6.71
-3.46
0.09
0.74
-5.6
0.5
-6.48
5.15
-0.39
-3.15
4.73
7.61
-6.26
4.48
-2.34
-4.14
-0.72
-10.01
-0.76
0.61
1.74
-2.9
-2.05
-2.55
8.29
4.67
8.46
0.36
-5.51
0.46
4.25
0.77
-8.28
7.16
1.98
2.46
-5.28
2
-5.09
2.01
-0.82
-4.43
2.98
-3.94
6.67
-0.45
2.97
15.45
9.04
-4.33
2.11
6.14
11.23
6.91
8.2
5.6
8.07
6.35
1.23
1.8
-0.85
2.73
5.85
18.51
-11.21
-5.55
7.96
4.29
-5.86
7.72
2.79
0.91
15.41
-3.26
7.36
10.89
-3.67
-1.19
0.59
3.22
6.48
8.69
-1.13
-0.05
5.14
2.86
2.22
-6.21
11.14
-5.55
5.95
9.33
-11.44
3.99
-0.47
-2.13
6.57
2.61
2.82
3.47
-0.15
-3.23
-1.73
0.97
-2.53
-5.18
-7.94
0.96
-2.09
-7.08
-2.8
-4.77
-0.94
3.66
-5.14
-4.57
4.97
-3
-5.93
1.03
2.25
4.36
5.26
5.66
-2.01
-0.87
-1.01
-1.74
7
8.42
-7.87
7.54
10.55
-7.07
0.71
-1.72
0.74
3.91
-3.21
-9.33
-0.23
9.9
-3.7
8.64
-3.23
-6.67
-1.71
5.47
-6.07
0.34
-1.07
-3.35
3.39
3.4
-4.31
9.48
-0.33
4.32
8.42
7.62
12.76
1.51
11.13
7.64
-1.59
10.01
-2.93
23.28
-1.04
1.83
-0.8
0.15
-5.04
3.14
-1.41
4.71
2.59
13.88
-0.98
10.7
4.48
-1.73
1.97
5.38
6.57
0.84
7.05
2.94
0.92
-0.19
4.22
8.27
-5.43
5.5
-1.64
12.81
6.43
6.89
-6.59
-3.59
2.57
5.51
8.14
4.01
-2.88
-1.61
1.46
1.27
-2.88
1.53
5.84
2.91
0.68
9.01
-0.39
11.44
5.86
4.38
10.16
7.39
-3.81
11.73
0.57
5.14
1.23
9.74
0.32
0.07
1.01
-2.42
6.34
10.41
6.14
-1
-5.4
-4.53
0.5
2.61
1.99
-0.25
2.53
-1.06
3.1
2.08
-1.14
-2.97
1.8
0.69
5.49
2.13
-0.89
-1.48
10.33
-3.47
3.22
4.57
-9.1
-2.05
7.98
-2.85
-12.2
3.69
8.99
-7.06
0.39
-0.14
10.48
-1.1
1.4
2.19
3.84
-1.06
6.35
3.91
1.04
5.91
2.86
5.65
9.48
6.24
-0.44
1.27
12.51
6.07
9.61
-4.47
0.17
4.89
-7.4
-0.66
-3.23
-8.87
-2.05
0.58
-0.17
-2.97
3.11
-9.47
0.21
5.01
0.13
-8.99
-9.68
7.36
-1.65
2.6
5.26
-9.05
-0.99
-9
-5.96
6.03
-0.03
-7.34
0.95
1.85
-5.62
12.22
-2.83
-2.1
-0.22
13.39
-3.44
0.3
3.82
-7.68
11.97
5.7
6.66
-1.65
-0.75
5.15
10.1
-5.78
2.26
5.12
5.23
-3.64
8.02
5.35
3.98
3.77
7.98
3.15
-4.39
3.28
-9.7
-0.09
4.94
-11.98
0.97
5.37
-4.89
-0.9
-5.36
-4.37
9.5
9.41
3.66
1.56
2.07
-0.51
8.21
4.34
8.92
3.86
7.71
3.41
7
-8.22
3.63
2.18
3.06
-4.55
-0.98
0.55
2.38
-2.96
7.6
3.72
-11.43
6.3
-3.75
-7.9
4.79
-10.7
-6.65
11.47
4.11
-8.05
6.33
4.1
-3.34
8.25
-1.11
-5.71
5.07
4.45
4.42
-0.56
-0.85
-4.43
1.27
7.24
-0.73
5.91
9.15
-3.3
6.08
1.94
0.13
0.77
-1.51
-7.01
3.94
-2.39
3.4
1.94
-7.55
9.63
6
-0.95
-1.18
10.41
-1.19
1.12
0.91
7.92
1.97
8.26
3.6
6.04
0.34
3.01
5.88
1.91
1.18
5.96
0.4
1.85
6.09
10.85
1.65
-2.37
0.72
6.58
2.81
17.46
-8.14
-0.89
5.27
0.29
16.88
-1.09
0.71
7.46
4.88
-4.09
4.82
11.73
1.47
5.87
9.05
-2.48
5.84
-4.19
-3.98
10.23
-1.94
-3.37
15.55
-2.31
3.02
9.04
10.25
-5.92
8.52
-1.42
1.16
16.22
4.49
-1.96
9.42
7.64
-3.87
12.9
0.52
8.85
3.07
-1.64
-8.7
7.96
2
-1.91
10.57
7.67
-10.89
2.2
2.05
-6.88
6.44
-2.59
-2.17
5.2
3.61
-1.87
1.68
-1.92
4.65
-4.52
-0.82
3.74
-0.49
-3.07
-3.53
7.4
-4.22
-1.51
3.19
1.63
-1.22
-1.7
-4.19
-1.75
5.12
-8.23
-5.66
-5.34
-3.15
-5.83
5
-14.52
-6.5
-3.3
-4.27
6.35
0.51
-8.71
-6.76
6.33
-4
-2
6.77
2.72
3.36
-1.2
6.57
0.18
5.65
0.6
-3.71
7.28
-1.36
-7.04
5.75
-0.79
7.18
-0.04
1.21
7.36
3.38
2.63
9.55
2.49
-1.55
-3.64
-4.97
6.73
4.73
-3.59
-9.12
1.78
-0.69
-4.33
-4.39
3.16
-1.77
2.97
3.01
3.31
-4.19
7.86
1.8
-11.29
7.93
-4.7
-2.55
-1.71
-7.16
-1.97
0.14
-1.51
-4.89
10.02
-4.21
-6.2
0.66
-1.93
0.03
6.23
-7.02
-2.71
5.11
4.11
-0.49
5.49
-1.92
12.8
-0.87
-8.55
-9.1
7.19
-3.01
-3.65
0.99
1.59
1.27
-0.64
-5.62
-2.53
7.1
-0.47
-1.97
3.03
-12.35
1.51
2.85
-4.27
0.17
14.57
2.21
-4.9
-2.07
0.06
2.44
3.28
-2.17
-9.61
-1.36
0.51
-0.14
3.29
-7.02
-3.67
1.62
-0.3
-1.33
7.84
-2.81
7.63
0.85
-0.47
5.29
2.19
-7.36
-7.58
-0.7
-6.96
-3.95
4.25
-3.45
-12.14
3.52
-7.89
-7.15
4.43
-5.99
-4.88
0.04
-8.13
-0.89
0.74
-9.87
-4.57
3.63
-4.62
-2.88
13.2
-2.8
-3.82
5.07
-9.28
-6.2
7.66
-6.26
-0.81
7.73
-0.77
-11.94
11.1
-12.64
-5.81
12.69
-4.81
-4.57
-1.99
-4.5
-5.07
3.3
-5.14
-2.25
6.73
-3.82
-6.74
5.12
-5.58
1.97
9.44
-1.73
0.36
3.41
-0.86
5.75
2.95
-8.27
-5.8
4.76
-4.43
-3.93
-6.9
-1.97
-12.33
4.39
5.46
-4.62
14.25
-0.29
-4.83
-2.42
-0.05
-4.55
0.55
-5.2
-3.54
2.18
0.42
-0.3
9.32
-3.72
12.9
5.48
0.9
-1.98
8.55
-4.02
4.88
5
-3.98
0.49
-2.71
-6.62
8.88
6.53
4.49
2.97
6.61
9.3
-4.29
5.21
3.51
5.07
-10.34
4.13
-1.36
1.07
-2.97
-2.19
0.27
0.81
-4.7
-6.24
1
3.79
-2.37
0.27
4.64
-1.48
-2.26
-3.38
0.8
-0.94
-19.22
-3.65
4.38
-3.45
-10.05
-0.21
6.63
4.05
2.49
-4.93
2.45
-2.99
3.77
3.29
7.23
-0.29
14.94
1.92
-4.58
12.67
1.8
-4.48
17.63
12.56
-8.1
4.45
13.56
-3.92
-0.5
0.49
-2.25
0.06
10.06
-4.07
-1.76
-0.52
5.68
-6.91
6.41
3.78
-1.7
-5.85
-6.24
2.17
2.74
-6.02
-5.82
-0.59
-1.57
1.08
1.83
7.99
-3.26
-2.05
7.6
0.5
2.91
1.58
-10.1
5.47
4.51
-2.74
0.65
8.14
-4.73
4.95
5.48
5.65
-1.09
-4.49
3.06
3.67
10.18
-1.67
-1.14
1.95
2.27
10.52
-3.85
0.93
4.12
2.59
-2.51
4.74
0.45
0.79
-4.9
1.1
6.29
0.78
-2.04
-7.43
-3.48
0.94
3.19
2.15
2.64
9.78
1.2
8.51
3.93
3.23
5.57
0.79
2.41
5.96
2.47
-0.72
7.46
3.93
1.3
4.02
9.39
9.32
3.03
4.6
1.33
2.56
5.86
-3.81
5.35
3.2
4.54
-0.52
7.85
6.74
2.14
3.22
2.99
-4.32
1.63
1.95
2.67
5.85
-3.04
-2.71
4.47
6.44
-1.8
4.23
11
7.75
3.82
14.16
0.47
-3.46
-4.49
-5.48
-8.69
-0.45
2.77
1.25
0.08
-2.52
9.38
-3.31
1.34
4.68
1.94
2.87
6.55
1.61
-2.01
2.18
-1.96
2.05
4.5
0.16
4.13
4.34
7.75
-7.25
4.22
-0.03
1.35
-2.84
-2.93
1.42
-2.49
11.58
-4.39
-2.01
2.25
-0.77
-0.95
0.64
15.08
11.45
-1.67
1.88
13.95
6.66
-1.97
-0.45
0.87
7.45
-2.01
-3.32
3.14
2.66
-0.48
-5.44
0.26
-3.66
9.22
10.21
-4.75
1.1
5.16
-3.51
-3.89
5.99
1.11
-1.62
9.31
3.7
-2.63
9.66
4.57
0.37
-1.89
3.75
2.55
3.33
1.84
-7.05
-3.11
5.13
5.32
7.52
-4.45
1.76
-3.27
-2.25
9.25
3.98
3.27
-3.31
-2.51
2.17
-6.81
8.15
-12.84
4.45
-1.23
7.26
-3.43
0.97
1.73
-3.22
-2.16
9.05
3.01
5.64
6.53
-1.87
1.71
-6.59
-1.53
5.88
6.87
-5.6
1.79
4.53
2.61
0.32
0.41
-7.77
-5.66
5.14
-5.28
-7.35
-1.06
6.01
2.33
4.77
-1.88
-7.12
7.11
-1.65
3.99
-4.22
-3.67
-6.13
1.59
8.47
5.11
11.8
-1.1
7.9
10
2.05
9.49
11.62
-10.18
11.18
3.07
5.37
6.36
6.13
5.83
2.9
2.76
1.79
4
0.19
-4.04
-6.31
-0.64
8.15
1.06
-1.06
-2.86
-9.92
5.71
-3.54
-9.7
1.77
1.65
7.63
-3.45
-5.77
-4.11
-6.48
1.7
0.89
4.36
2.53
6.01
-0.08
3.75
11.72
3.31
0.58
14.22
12.88
-2.13
-1.52
4.7
-7.1
-1.76
3.11
-10.76
-8.33
-1.15
-1.66
6.11
-10.67
-5.69
-1.58
-4.75
3.42
0.6
-3.04
1.02
-3.7
-1.52
0.24
8.75
-10.19
6.19
-5.05
7.83
-1.72
1.74
7.73
-9.35
5.75
4.79
-2.06
-13
-2.55
2.01
-6.14
3.88
3.32
-11.87
-0.18
-0.36
-2.3
2.87
1.47
-3.71
7.24
-4.41
-19.43
9.73
1.17
-13.77
7.98
2.78
6.67
19.65
-4.4
3.97
10.99
-3.78
6.53
13.86
0.61
12.18
9.38
3.49
3.87
10.58
6.06
2.32
15.43
-0.67
6.62
5.11
-0.68
0.93
-1.75
-1.67
2.66
0.01
5.75
-6.7
-2.61
4.73
9.56
-6.77
-0.95
1.98
-4.34
-0.86
3.44
-1.08
-3.28
10.73
-2.73
-1.23
8
12.73
2.48
-2.29
2.97
1.25
7.14
-6.85
-1.73
-10.05
4.59
4.56
4.31
2.56
1.55
5.97
-5.39
4.35
4.49
2.08
6.29
3.37
0.18
-0.02
2.66
-3.57
-0.66
-0.2
-8.88
5.41
7.72
2.56
8.46
4.64
10.31
-6.84
5.9
3.68
6.83
4.35
-0.93
-1.26
-3.01
-3.19
7.45
-4.16
12.61
1.47
-3.18
5.7
-0.2
2.66
7.27
-0.1
-8.05
0.6
3.21
-2.4
11.75
3
-3.24
-0.07
3.77
-3.53
2.58
6.7
6.55
2.28
3.93
1.3
-1.68
-7.42
6.67
7.8
0.67
1.82
3.34
-3.61
7.95
5.47
1.44
0.6
-6.42
2.23
9.16
-0.21
1.12
-0.28
3.78
3.06
6.92
3
-3.84
-0.78
5.39
-1.02
4.32
9.95
0.58
7.09
8.53
-6.11
0.4
-2.94
5.81
-2.42
-3.75
3.81
4.63
4.57
-0.73
1.03
7.52
1.02
3.38
-11.46
6.14
-9.2
-4.63
1.33
9.04
0.17
2.24
11.94
14.93
0.2
6.17
0.84
3.54
2.63
-7.4
-3.1
-0.99
-9.37
1.72
7.29
6.45
-4.29
8.82
3.17
-6.16
-4.82
5.91
-5.46
3.51
0.36
-5.47
7.41
-2.17
1.94
7.55
8.18
-3.23
2.01
-3.83
6.69
-0.04
1.54
3.47
-1.59
8.18
1.6
-3.58
2.26
4.24
2.07
-0.9
-4.95
3.13
11.94
-6.67
11.24
9.39
6.01
4.36
4.1
-4.31
8.5
14.61
-7.24
13.81
-7.91
-0.59
11.81
-5.3
-11.6
3.72
7.62
5.38
0.88
4.03
1.82
0.81
-0.12
-3.44
-0.37
2.78
-4.22
9.47
-7.68
-6.44
-3.02
-3.51
-2.19
1.3
2.23
-8.65
2.09
7.91
-2.53
-5.68
4.97
0.21
9.84
6.66
-4.13
-1.45
-4.86
-4.14
-6.7
-2.03
-1.48
-3.26
2.04
-4.5
0.18
-1.72
2.99
-3.11
3.69
-4.27
-1.42
1.93
1.08
1.61
0.28
-1.53
-0.1
2.74
-0.31
3.34
4.57
2.61
-4.31
8.58
-5.16
2.64
-3.18
-5.58
-0.64
-3.78
-9.41
2.49
2.64
-6.56
2.55
2.88
0.94
1.64
2.26
5.25
6.51
4.96
3.17
4.81
-4.96
1.82
8.9
-6.02
-1.59
-4.04
1.79
-5.26
6.93
1.57
-7.25
-2.98
3.61
-2.89
-1.09
11.23
3.03
-6.45
-2.43
0.74
12.18
-1.61
2.99
11.05
-1.53
-1.52
-0.04
1.76
4.26
1
-0.15
-5.65
0.7
-0.86
2.13
-0.29
7.05
0.93
-0.4
-7.14
-2.94
-1.16
0.55
-7.76
-0.1
-1.09
0.29
5.81
-4.82
-3.77
9.83
4.36
3.9
-3.28
3.05
-2.05
3.05
5.46
-1.05
10.16
-5.95
0.48
11.12
-4.26
-6.89
1.75
-5.33
-7.38
-0.21
-2.3
-9.13
-12.36
-1.48
-12.01
7.59
6.36
-9.93
0.53
3.43
-8.35
5.37
5.02
1.92
0.36
13.97
-5.23
6.07
17.18
4.67
-5.46
-4.27
9.49
11.74
-9.86
-4.3
12.28
3.52
-1.32
3.08
4.8
-3.46
-2.18
8
-5.14
3.59
-0.82
-4.06
3.89
-4.31
6.35
5.82
6.1
14.44
2.46
7.93
-6.92
-3.88
-5.24
-2.54
-1.93
-1.3
7.7
10.47
-5.79
4.24
0.14
-0.56
-2.74
0.51
-3.03
2.81
0.74
1.37
3.14
1.14
-5.99
-4.55
4.22
4.27
-4.06
-3.14
1.15
-7.81
5.55
0.5
-7.48
-1.32
-3.9
-0.87
8.16
6.72
2.13
4.49
0.6
4.42
-8.87
9.07
-11.14
2.6
1.68
-12.17
-3.64
9.46
-6.28
10.88
8.31
-5.25
10.34
13.04
3.92
14
5.03
0.77
4.02
14.32
-1.86
2.98
9.31
3.75
2.63
10.01
-1.37
2.92
7.11
-1.51
0.08
-2.97
-1.57
0.38
3.3
3.83
1.22
-2.58
-5.33
0.74
4.72
-4.83
3.53
5.15
-5.17
2.89
-2.64
-1.45
-4.97
-6.01
-2.87
7.34
-6.82
1.62
-7.36
-5.13
-20.2
-0.04
-3.57
2.93
3.43
7.04
-13.43
5.06
3.4
-0.42
9.48
0.51
2.94
-1.52
1.98
4.69
16.88
2.07
-0.87
5.27
-4
-3.04
10.13
-0.96
1.7
15.7
-0.45
3.27
-7.6
6.7
10.08
-1.44
-1.69
1.19
-2.09
6.22
-3.14
-3.68
-0.16
-4.84
-2.4
-1.89
2.28
-4.76
-5.37
1.49
0.93
-5.56
-3.61
-8.35
-4.87
-1.85
4.24
-0.76
-14.82
7.82
0.49
0.15
-2.51
-0.81
1.23
1.4
3.38
-1.18
5.12
-1.1
-0.48
-3.44
0.45
-1.95
-0.67
-4.88
-3.57
7.61
-3.01
-1.45
-3.14
-10.69
-4.77
4.6
-3.44
3.18
-5.44
2.62
2.89
1.09
-1.6
-0.25
4.04
5.12
-2.74
-2.47
8.03
-11.52
4.31
9.16
-11.4
0.45
4.93
0.77
3.22
6.56
-0.75
8.4
0.16
8.44
9.54
8.29
-0.26
12.17
-5.07
2.91
5.04
3.74
-6.85
3.29
2.45
-4.52
2.11
-0.31
-2.9
5.65
-2.3
4.17
-1.99
1.32
-11.89
-12.81
6.71
-9.66
-1.55
-1.72
-0.29
-3.19
-5.69
-14.24
0.44
-2.87
2.2
-3.11
2.12
0.06
0.25
1.76
-3.3
0.09
-2.43
4.36
-1.86
-1.06
-0.36
2.22
-1.1
-0.94
-1.53
4.02
2.16
7.93
1.71
5.98
4.25
4.02
-3.25
-6.46
2.11
9.87
6.67
-12.59
-0.01
-4.8
-2.91
-2.69
-2.27
-4.94
2.6
-1.08
-2.27
-0.43
-0.99
5.15
-0.22
-0.42
5.72
0.96
-0.51
-1.24
0.16
-2.51
1.7
-2.42
1.7
-7.15
-3.67
1.99
-5.3
-5.56
-10.51
2.44
2.41
-7.24
0.14
2.75
5.61
0.8
2.27
1.01
-1.62
3.68
-2.44
7.79
1.72
1.4
3.26
9.25
6.46
1.89
0.98
0.31
1.59
-3.38
1.06
-5.08
-11.41
-1.21
5.09
7.84
-5.51
2.71
-0.94
-1.4
4.02
-4.61
0.9
7.2
8.33
7.2
8.01
4.81
-0.93
-1.25
-2.83
3.2
3.05
-1.06
-5.41
10.71
0.74
6.23
3.2
0.28
0.47
-3.87
-4.12
-1.02
3.23
-3.01
-8.08
4.19
-7.07
-1.53
-0.76
-1.16
-1.46
2.23
-11.4
5.42
0.03
-4.34
2.47
11.72
-6.92
0.13
4.27
-1.24
-4.43
-0.1
-6.09
-1.01
-5.77
-9.63
-1.64
0.37
3.09
-13.49
3.11
-3.79
1.53
-4.31
-3.89
6.09
0.59
-2.75
-0.13
4.54
2.5
-7.41
-6.05
1.67
0.75
1.01
1.26
-2.34
3.1
8.03
6.35
0.67
0.91
5.75
1.31
2.99
-1.61
-5.51
-2.69
-8.5
10.48
9.75
2.51
4.56
2.57
5.78
1.6
0.19
2.01
6.13
-8.49
6.54
0.96
-9.5
0.01
13.69
3
1.59
-1.54
2.21
1.41
12.4
-7.88
-0.92
7.16
2.97
10.9
-0.44
1.34
3.72
7.03
1.03
-0.54
-1.76
5
0.55
0.3
12.66
5.83
0.51
-6.99
10.11
-3.02
4.03
4.63
2.04
-4.76
2.24
2.78
-1.95
3.08
0.07
0.55
5.41
3.7
-5.68
13.18
-4.51
-5.43
5.98
-4.06
6.34
3.93
0.63
-7.6
18.46
1.62
-4.13
8.24
-0.33
1.99
11.94
4.23
-3.49
4.77
5.79
-2.93
11.55
-0.01
5.21
-14.89
7.33
13.94
9.8
3.54
3.68
-1.66
3.76
4.66
10.56
-8.69
14.66
3.83
-2.89
4.89
11.42
3.03
3.68
7.29
4.04
3.32
0.49
-6.61
-1.08
10.74
-10.38
2.72
-3.89
-4.47
0.54
-4.58
1.57
-1.92
-1.24
-3.87
-3.76
-9.76
3.79
-3.09
-0.47
6.27
-3.77
-2.93
6.98
-10.57
4.28
11.62
-2.49
6.08
-3.67
7.36
8.39
-4.67
4.72
1.93
-3.6
0.11
8.52
-2.78
8.78
0.34
-3.4
-1.59
-0.29
6.08
-2.89
4.47
9.41
-3.92
-2
-8.27
-6.77
2.48
-0.35
1.29
-0.84
0.63
3.11
0.5
7.29
-5.27
5.33
1.04
0.58
-0.06
6.15
0.76
5.01
-0.27
-0.64
-1.81
6.02
-5.24
-3.75
-1.6
-2.06
-2.17
1.62
-2.74
-3.66
3.99
-11.48
11.12
-1.41
0.52
0.09
-2.32
-1.3
-0.79
4.55
-1.58
1.6
-0.88
-3.78
-0.55
9.01
-6.4
2.05
1.4
-2.08
6.1
-5.05
-1.26
-6.59
3.51
3.02
4.42
-0.5
-1.5
-4.97
-1.64
-0.54
2.6
-0.08
-3.01
0.56
-7.91
2.79
-3.25
6.31
0.08
-6.27
-0.54
3.15
-1.85
2.39
3.71
-5.05
-4.33
2.6
-0.06
-4.72
-8.25
0.62
9.65
1.49
-0.32
-2.69
-6.49
-1.91
4.88
1.98
-8.9
4.38
-3.22
-8.75
-1.69
-3.43
-6.09
-0.66
-1.61
-13.66
1.17
3.44
0.22
-10.98
-6.76
1.35
2.45
-6.23
1.1
2.85
-6.35
5.01
-1.52
-0.37
-1.27
4.18
0.61
0.16
1.37
-1.34
4.43
5.69
-5.82
-6.39
-1.56
-1.85
3.82
-0.15
-0.87
3.83
-6.09
3.4
0.99
-4.79
-4.61
4.22
5.62
-3.23
8.22
-8.12
-1.17
0.68
4.03
-6.54
-2
4.01
-2.57
2.66
3
7.14
6.3
-0.36
-0.7
0.17
-1.01
1.43
1.39
3.66
4.4
2.5
10.52
5.02
11.09
8.22
-5.32
11.36
-1.34
-0.49
15.06
1.64
8.56
9.1
-2.03
5.95
4.07
9.87
0.78
6.48
10.18
0.52
3.65
8.04
-2.45
2.54
6.99
4.6
7.83
-1.25
-6.45
7.17
3.86
-2.99
12.57
-2.81
3.73
4.68
-1.54
2.58
0.5
4.61
-12.59
9.69
-5.96
-7.59
-1.07
-0.61
-2.22
-2.85
-0.27
3.97
4.85
3.97
1.39
7.06
-3.94
-7.43
2.38
-1.91
4.66
8.69
-5.74
-1.9
1.96
-3.23
7
-3.42
5.87
9.4
1
4.65
9.96
5.16
-4.53
5.33
7.49
-0.68
6.49
4.47
16.92
0.36
1.66
11.95
-9.04
-4.48
-1.72
-0.86
-4.06
-1.17
-8.46
1.26
-1.79
-6.68
-0.37
-4.02
3.28
7
-9.21
-1.66
-2.95
5.59
-1.82
-3.38
0.34
-1.56
-0.55
-1.41
-3.67
4.81
-0.14
-1.04
14.71
11.95
-0.64
2.53
5.71
0.04
9.88
-0.84
-6.99
7.15
-0.32
-2.02
16.48
1.61
4
7.05
8.28
-0.75
-3.8
0.08
3.74
4.84
-1.48
0.01
3.27
-4.79
-4.69
7.46
-1.97
-8.43
-7.67
-0.95
-5.3
-5.37
1.94
-8.01
3.98
-9.65
-10.4
4.3
-6.68
-9.83
-3.56
1.33
-2.45
-0.76
3.26
-12.53
0.27
2.25
1.8
-1.11
-4.37
-2.31
4.81
-1.85
-4.42
2.72
4.5
-4.02
4.51
3.14
6.56
2.39
3.58
15.24
0.11
-0.63
8.84
9.37
4.93
1.14
-1.67
-1.43
-0.34
-1.99
2.75
-4.02
-2.11
0.68
-4.88
5.79
5.68
-2.93
11.4
3.9
-1.04
0.99
9.92
1.93
4.45
3.6
-5.18
-1.9
5.61
-0.81
2.05
0.07
-7.76
-0.03
-8.04
2.43
-5.15
0.63
16.58
2.28
10.88
14.41
1.82
3.17
15.6
-0.68
-0.44
-4.85
-1.02
-0.07
-1.93
-1.02
0.53
-0.5
6.19
-0.4
-4.98
-3.97
3.87
-2.58
4.72
9.89
6.39
6.98
2.44
-2.49
3.89
-16.87
2.33
5.95
-8.58
-1.3
10.01
-4.46
-8.2
8.3
7.14
-2.72
9.35
3.31
-4.52
-1.03
-11.14
-1.22
-0.36
-7.6
0.34
0.26
0.32
2.61
1.4
-5.5
-3.89
6.34
0.74
-4.68
0.81
1.71
-5.05
-3.3
-4.08
-4.85
-1.45
0.15
-0.35
1.84
2.75
1.82
-2.78
4.44
2.23
-9.49
7.15
-0.65
0.24
-0.32
2.86
-7.61
-4.93
1.65
12.03
-6
-5.05
1.84
4.6
-6.06
-6.22
-6.93
-5.31
-4.08
2.65
3.22
-2.69
1.51
8.5
-9.1
-0.01
10.47
-1.18
-2.08
-0.79
-3.38
-6.74
1.52
2.8
-13.65
11.51
-10.22
2.87
1.8
3.76
-1.4
1.1
3.07
3.83
7.57
-11.84
2.18
10.51
-0.09
-0.45
1.13
-0.13
0.56
1.65
2.82
-3.33
1.79
5.58
6.88
2.37
11.27
12.09
-1.22
3.97
-3.32
10.77
4.46
2.68
-2.68
6.04
-3.15
-5.04
3.28
-0.39
-9.41
5.17
-7.42
-1.68
6.49
4.77
-2.57
8.02
5.74
-1.21
2.88
0.99
2.02
3.15
0.35
0.89
-0.83
6.08
-4.69
5.02
-5.53
8.29
2.48
-2.69
7.19
0.33
7.45
1.19
9.46
2.85
-0.53
2.48
-7.49
-4.63
4.83
0.27
1.69
-4.82
-2.33
-0.89
-0.6
4.19
5.72
3.23
-0.35
-4.52
9.58
-0.48
-1.97
7.78
-3.53
0.91
7.48
1.3
1.67
3.75
10.62
-12.3
9.46
-1.94
-1.56
9.77
4.2
10.87
8.42
5.92
-5.84
2.16
-2.34
1.75
4.81
6
1.35
0.84
-0.2
-2.69
-3.56
-2.89
5.04
4.91
-1.17
5.83
0.96
-2.91
-1.04
-3.32
-0.91
-2.53
-5.4
-5.2
5.8
-5.45
-2.75
-0.95
0.52
-0.4
2.84
-3.7
9.2
-1.44
5.34
-1.12
-5.96
4.35
8.2
-3.92
10.2
5.34
0.65
5.7
3.79
6.94
3.99
0.64
4.32
2.56
-1.31
0.73
-2.71
-2.42
1.23
6.2
3.19
-1.17
-5.34
3.3
3.5
-4.56
2.08
2.47
-4.83
-3.95
-2.2
-1.21
1.14
0.71
5.34
-2.07
-8.63
2.44
9.48
-2.27
-6.44
3.27
6.33
-3.74
3.94
2.96
-0.54
4.58
3.25
-0.04
3.79
3.44
-2.92
-0.26
-1.52
15.04
-4.06
-3.46
2.19
5.49
-4.59
0.39
6.1
-15.32
-2.31
12.76
-5.35
-4.32
-0.41
-5.45
-9.89
-0.15
-8.79
5.42
-0.84
-5.24
-7.12
-3.76
-3.28
-0.64
-9.14
-3.51
14.63
4.13
3.38
-0.1
-6.31
0.25
9.48
-6.13
10.58
-4.83
5.2
-7.48
-3.79
0.83
-8.28
-6.58
2.89
-6.51
-2.07
-2
-5.29
2.67
3.84
-6.57
-2.09
3.04
2.48
5.06
-0.36
3.9
-0.47
4.79
-3.34
4.55
3.31
-4.4
10.84
-7.23
-3.03
14.02
3.8
2.15
-3.33
-5.95
3.45
5.75
-1.64
5.06
2.77
4.17
4.35
3.78
-2.06
9.3
0.13
1.57
-7.65
-3.92
-2.25
2.08
1.92
5.74
0.62
6.11
4.04
-7.15
7.62
10.47
5.86
2.67
-4.48
4.27
-1.95
6.3
3.22
2.89
2.78
-1.73
5.71
-1.62
-3.13
0.86
-4.24
1.35
-0.01
2.9
-1.07
1.26
-2.9
-0.02
0.2
-4.77
3.81
-1.66
3.12
-5.05
12.31
-5.54
-0.85
6.21
3.79
2.36
5.64
-6.02
-8.56
-5.77
10.68
5.22
0.6
5.56
-4.85
3.89
-10.32
0.92
12.62
-0.21
-0.72
-1.05
-3.72
4.7
5.24
-2.14
8.92
4.85
-1.66
-0.22
1.4
-0.65
-0.95
-2.49
6.36
1.14
4.11
1.53
0.07
-6.75
5.51
7.31
7.09
-6.66
1.84
3.48
-5.18
5.17
8.21
-3.42
-6.37
7.62
3.84
-0.31
-1.03
-1.37
-2.28
8.08
-6.56
-1.92
-1.48
3.1
-5.13
5.52
3.18
1.31
-4.04
5.83
-0.18
-4.58
6.39
-4.24
10.61
5.37
-4.49
8.72
-5.29
-2.96
8.65
6.36
-3.82
0.77
-8.84
-3.08
-1.93
-2.73
-9.44
3.19
4.51
-7.46
1.31
0.13
0.62
-4.61
-0.91
5.37
4.27
2.72
-1.31
-4.49
-4.91
5.09
-1.08
-0.79
2.55
0.01
1.47
-3.12
9.19
5.13
2.74
15.28
7.45
0.9
3.57
-1.98
-6.03
8
2.08
5.02
9.06
0.47
-2.97
10.07
0.6
-6.25
11.89
1.51
-4.34
12.45
1.35
-3.07
16.77
2.9
0.8
2.76
-1.6
-9.21
-3.97
1.17
2.57
-1.76
-1.29
5.93
-6.12
-0.05
-2.95
0.16
-6.66
1.17
-4.08
-3.78
1.4
-14.38
4
-7.07
7.89
-3.45
0.45
2.66
1.55
-0.5
7.25
1.72
-3.58
14.91
13.7
-8.4
9.1
-2.03
0.22
2.78
1.07
-0.95
-1.83
-0.36
-1
0.07
4.41
-8.37
1.24
0.15
-4.38
16.9
5.68
-2.55
4.62
5.27
-9.35
6.11
0.68
-0.03
2.8
4.94
6.26
3.43
0.83
-4.4
4.33
3.59
2.33
1.41
2.07
0.91
-2.12
1.29
-2.91
2.12
2.57
-0.47
2.68
7.83
-2.91
-2.12
-2.62
-8.43
3.55
-0.71
3.01
-4.01
2.91
3.89
4.39
0.64
-1.11
9.36
4.73
-4.18
-0.99
3.09
-3.99
5.77
3.87
-0.37
1.69
-4.47
-3.04
5.9
0.06
-7.38
7.93
-1.7
-3.06
10.3
-9.31
-4.13
4.34
1.91
0.98
8.85
-0.38
-4.44
11.36
-4.95
-5.38
18.41
-3.49
0.2
1.74
3.65
-6.51
5.05
1.07
-6.56
3.13
-5.94
4.81
6.21
-7.73
-3.94
0.52
9.59
-9.11
6.68
-12.89
-9.64
-1.34
5.29
-1.24
-6.64
3.68
-0.78
4.01
-5.32
1.34
5.72
-4.95
1.87
-1.76
1.04
-8.12
-5.59
8.37
-2.88
-3.19
-5.19
-3.91
4.94
3.8
-6.17
2.67
5.44
-0.24
-2.02
-5.07
-1.02
7.04
-9.15
-4.27
5.4
3.9
2.68
10.31
5.54
5.84
2.08
-7.65
5.91
-0.62
12.06
0.91
5.42
-1.93
4.24
3.86
2.78
-9.06
4.5
-2.61
4.33
4.32
-1.42
2.58
2.23
-10.01
5.08
-1.44
-1.07
5.42
1.61
2.59
3.76
7.44
3.06
-4.06
3.89
9.77
-3.62
8.43
-0.54
8.73
8.51
-0.25
8.65
14.8
10.25
2.76
4.42
10.24
2.55
9.96
19.75
10.04
7.15
-1.67
2.12
3.83
1.76
-1.16
11.99
-5.88
4.99
8.51
-6.12
-4.27
2.01
-1.57
6.4
3.02
-2.66
3.18
4.24
-1.98
1.69
10.39
-2.95
1.56
-0.5
-10.2
0.27
6.77
-3.03
0.22
8.39
-0.67
2
4.63
-3.55
1.26
4.44
-1.29
-0.57
5.22
-1.89
-2.05
2.56
1.68
-3.49
3.15
1.64
-4.68
4.97
-7.76
-4.1
-4.08
-0.37
1.98
0.29
-3.26
2.25
-0.58
-2.7
-5.93
2.28
-3.98
-3
-2.43
-6.47
-4
-1.57
0.82
0.04
-5.36
2.32
2.52
-7.13
-12.78
0.42
-2.96
-0.87
0.68
3.09
-3.39
2.74
10.73
-1.69
-6.19
7.49
-2.99
-3.56
4.33
0.79
4.21
13.78
-6.3
-4.12
10.85
12.03
-2.4
15.66
4.19
0.04
5.64
5.93
0.93
-2.13
4.31
-2.87
0.24
-3.96
-1.09
9.67
-3.91
-2.35
11.3
2.62
-1.07
1.25
3.69
-1.87
4.69
-1.63
4.54
-1.4
6.58
-0.67
7
-10.31
5.66
0.12
-3.4
7.67
3.19
-6.01
6.14
7
-2.61
-5.47
10.13
1.51
-1.84
-10.14
-1.21
8.34
-16.98
-1.67
2.02
-6.03
5.48
5.54
-6.2
6.79
7.97
-3.61
-3.96
7.08
1.73
3.52
0.56
3.6
4.02
-1.53
-0.39
11.33
6.94
0.85
14.47
1.87
6.95
7.82
2.86
1.27
6.69
0.46
-1.15
1.59
0.19
-1.99
1.45
-7.82
5.59
1.37
0.54
12.81
-1.74
2.61
-0.63
-3.42
0.55
0.96
-0.44
0.97
-0.36
5.61
0.42
4.17
-7.12
-0.63
2.52
3.81
-12.71
-0.1
-8.73
-3.82
-3.32
-1.19
-1.66
-5.64
-5.66
1.93
-0.13
3.23
1.87
-0.17
4.25
4.69
7.73
4.51
0.9
4.42
4.6
-4.42
-1.82
7.84
1.07
-1.73
0.77
-0.47
-9.21
-2.94
0.24
0.55
4.06
1.22
-3.8
5.42
-4.03
-4.63
-0.68
-2.93
-0.51
-1.75
3.66
-7.98
0.08
4.62
1.74
3.91
-6.84
-4.95
5.31
3.34
-2.06
8.09
-4.06
-4.27
-1.15
0.92
-2.2
0.33
6.82
-7.68
3.41
-1.16
10.41
0.1
-3.03
-7.89
2.84
-2.6
3.24
-15.69
0.34
-3.54
-11.14
5.03
-6.82
-0.17
-4.57
-0.24
-4.57
1.01
4.29
2.64
0.2
-2.21
6.37
2.06
-1.56
0.9
4.41
4.37
9.29
-2.11
10.04
3.55
-6.49
6.15
2.82
4.25
-0.24
8.2
2.55
1.38
0.11
4.48
-4.9
4.2
-1.85
-3.01
1.31
4.83
2.49
-1.73
11.76
1.04
6.66
7.44
1.25
-3.79
-4.1
0.68
1.74
3.21
4.44
-0.8
1.19
7.5
4.7
0.04
-0.42
4.23
-0.62
5.2
5.85
2.2
0.38
4.59
0.87
5.21
1.65
-7.74
4.03
1.68
-0.73
1.69
-2.34
-1.19
10.45
-1.38
1.87
7.81
-4.44
3.98
-6.19
0.91
3.8
-8.84
3.14
7.41
-0.95
3.05
-2.26
-2.14
-0.07
-3.02
-1.45
1.19
-3.59
-4.36
-4.03
0.43
-1.82
2.79
-7.3
-0.4
2.79
-2.25
2.04
1.84
10.32
-2.85
7.82
0.99
-2.18
-8.79
-3.25
1.18
1.88
-1.42
-10.27
6.44
-1.05
0.87
4.45
1.42
-1.95
-0.17
-9.57
-6.23
1.18
-1.23
0.17
-6.08
2.22
3.2
-3.71
-7.3
-5.48
-0.57
-5.13
-2.66
-1.21
0.61
5.93
10.03
9.52
14.56
8.59
-0.54
9.68
8.13
3.06
-7.75
-5.46
15.28
-6.06
4.97
11.17
2.83
4.86
-3.8
-0.33
6.35
2.86
-3.6
3.07
-3.26
-3
-5.04
-0.49
-0.8
1.91
-12.85
8.74
4.07
-9.76
4.36
1.89
4.99
0.7
-3.04
-4.85
2.22
2.66
-6.64
2.07
6.34
-6.78
-0.1
1.24
-1.56
8.27
-5.32
-2.25
-0.1
0.16
-3.39
2.79
1.32
-7.93
2.74
1.36
5.17
0.08
-2.02
-4.78
-0.23
0.28
-5.78
1.66
4.29
-4.95
-0.65
-8.44
-3.77
5.67
-0.09
-11.39
2.53
-2.17
-5.67
3.2
-0.77
-7.29
4.12
-1.31
-0.94
-1.31
1.14
-1.6
0.36
3.01
1.51
3.4
-1.26
0.06
-1.14
-3.84
-4.09
2.09
-0.97
-1.95
3.13
1.13
-1.03
-0.17
5.87
-3.24
-1.1
-7.39
-1.29
-1.16
0.21
1.51
8.47
-5.09
-1.5
-3.99
3.3
-10.47
2.48
-6.74
0.06
6.7
-13.72
1.5
-4.1
-2.56
0.38
3.43
-2.27
0.56
3.17
-0.74
-7.27
3.07
-2.62
-11.52
1.14
-8.28
-1.54
0.39
-4.96
2.49
0.58
-0.99
-0.84
-3.06
-9.74
-4.8
-6.42
2.49
-11.8
1.22
9.48
-5.16
0.01
-0.41
1.84
3.02
-3.06
3.85
7.74
-7.5
-2.56
-3.93
2.72
-8.72
-0.19
3.31
-8.04
-4.45
0.13
-0.48
1.23
4.37
-1.75
7.55
0.11
-0.22
7.96
-3.25
-4.45
5.6
1.26
-2.72
7.75
4.65
3.46
4.38
1.26
9.32
6.81
5.14
7.36
14.82
12.75
7.06
-2.66
4.16
10.35
-1.2
4.31
1.61
2.75
-1.96
13.83
-0.49
-0.83
-0.59
2.75
2.09
-0.14
0.36
-2.36
-1.12
1.69
4.04
-2.58
-7.16
-3.19
2.55
-0.48
-0.87
-1.14
3.47
1.04
7.4
7.91
-0.54
2.64
5.27
2.39
-1.48
2.45
0.47
-1.13
6.76
-1.98
0.54
-2.21
-3.9
4.57
-0.53
-1.46
-2.22
4.16
-5.1
-8.96
2.75
3.08
-0.81
6.3
7.01
-5.19
4.14
4.07
1.81
5.96
-1.74
5.16
14.81
5.2
4.11
3.63
2.44
-4.24
-2.19
1.53
-5.93
5.06
-2.55
-3.29
0.25
-5.2
-0.08
-1.85
-0.55
-4.06
-6.9
-5.57
-2.63
-6.64
-0.75
0.59
-2.27
-5.12
-4.06
-7.44
-2.87
2.26
1.44
1.65
-5.24
-0.06
-0.36
1.04
-4.57
0.96
4.56
-6.17
2.87
-3.72
-0.29
-8.33
-6.26
1.93
-1.88
0.03
-0.8
-1.07
-2.47
-4.16
3.42
7.83
-0.53
-3.51
-0.06
-3.31
-11.36
4.37
-4.74
-0.55
-1.17
-0.92
-5.09
-0.78
-5.35
-6
5.89
-7.02
6.74
3.83
-10.35
-0.93
-5.5
6.4
-0.06
2.75
6.34
-0.32
2.43
4.06
-7.01
-3.45
2.21
4.88
0.6
0.5
0.07
-5.57
2.6
2.69
-3.84
-0.72
1.92
-2.05
13.53
-1.1
3.97
3.69
-2.52
1.59
1.65
5.62
5.8
-5.95
4.49
-7.22
-1.37
-0.03
-3.45
0.81
2.86
-5.14
0.32
-7.24
0.47
2.92
-5.53
-9.17
-9.93
-0.24
6
3.66
-4.5
-1.83
3.98
4.62
-5.64
-1.22
-1.4
-7.79
-1.96
-2.63
-0.79
4.86
7.18
-2
-0.77
0.14
-0.88
-0.96
-5.16
-2.07
3.69
-4.58
-0.61
-2.3
1.28
6.14
-3.97
-2.05
-2.29
-0.45
2.38
-1.33
1.11
3.92
-3.52
-2.76
-1.22
3.71
-10.44
-0.61
-2.36
-0.17
12.97
6.73
0.2
3.27
3.06
2.47
4.54
-2.51
8.22
-1.19
-7.61
0.3
3.56
0.21
-6.36
-1.57
0.64
3.05
3.42
-1.27
4.58
-3.95
-0.99
-3.2
2.03
2.29
-0.94
5.55
4
-5.24
-1.12
-3.95
-2.31
7.9
-1.05
0.14
8.93
-1.22
6.68
-5
4.8
1.9
1.17
7.76
1.47
-4.43
-0.91
8.43
0.23
1.15
-3.23
-0.55
-2.87
4.45
2.46
-2.37
10.92
6.7
-1.63
12.43
-2
-9.26
8.23
-2.31
-3.03
4.41
-9.6
-4.91
11.33
0.92
1.83
8.88
6.69
-4.64
2.48
4.31
-10.95
5.28
4.25
-1.28
4.37
-2.03
-0.26
7.33
6.67
-3.22
9.49
-1.12
2.07
3.23
7.41
9.01
3.25
2.85
2.33
-0.74
-3.07
-1.54
2.22
-0.3
-4.2
2.63
-0.49
-1.52
-0.61
0.17
1.9
7.36
12.11
0.51
6.57
5.44
-1.76
6.31
4.89
2.02
1.34
-9.64
-1.64
3.54
-3.51
9.99
3.41
3.6
-0.69
1.75
2.23
3.02
3.17
17.21
-4.53
-1.15
-0.04
-6.48
6.13
2.08
3.36
0.72
5.62
0.57
6.87
1.14
-4.1
8.93
2.05
-2.33
8.57
4.05
-3.41
-1.14
0.51
-5.31
3.47
-0.89
-1.23
1.82
-0.59
-6.95
5.53
4.63
-2.76
0.05
2.66
-4.88
1.09
4.39
-2.98
5.05
-1.59
-7.47
8.32
-1.36
-0.81
7.2
-4.27
2.3
-1.92
3.23
-2.3
7.26
8.5
-1.78
5.9
8.36
-2.4
8.43
1.99
-0.64
6.82
1.72
-0.22
-1.21
-1.33
5.79
2.19
1.11
4.86
6.5
-0.49
-5.4
3.58
-6.18
1.12
6.24
-4.86
0.8
4.68
5.96
0.49
9.21
-1.92
3.78
5.57
-2.41
-0.74
16.76
0.43
0.84
10.82
-0.98
2.05
15.03
2.99
1.69
6.82
8.72
-6.51
2
5.78
-0.33
2.76
3.81
4.27
-2.63
-0.67
-5.75
12.89
7.63
1.86
15.18
9
3.32
9.18
-0.8
1.85
4.35
9.97
-0.51
6.82
11.76
2.96
6.21
11.76
1.09
6.29
4.45
0.51
3.19
0.57
1.84
2.94
0.66
3.44
3.96
-0.42
-4.52
5.78
3.88
4.39
-4.07
12.62
-4.93
5.04
3.09
-8.09
6.39
9.97
-1.6
4.38
1.92
3.6
-2.23
-0.86
-0.25
4.76
3.24
-1.27
3.04
5.83
1.56
3.65
1.01
2.43
0.17
4.55
5.52
0.37
3.2
-4.32
8.71
-0.38
-5.13
7.33
0.35
-15.65
3.5
-2.62
-2.44
0.67
3.04
1.21
5.9
-1.14
4.45
8.82
0.12
-1.8
-3.61
-0.83
2.71
2.63
4.26
6.82
13.55
6.89
-2.74
0.63
-0.74
-1.18
4.14
0.21
1.05
5.13
4.53
-3.55
-3.62
5.73
4.71
-1.76
-4.13
3.89
-0.64
2.43
1.82
15.52
2.83
-0.47
7.03
-2.47
-10.77
2.34
-7.41
-2.56
3.23
-1.25
-0.35
-1
1.45
-1.72
-3.29
-1.82
4.19
5.92
-4.19
-3.76
3.19
-3.67
1.97
-2.33
6.14
-0.42
-1.77
9.1
2.82
5.11
5.51
5.3
4.71
-0.62
-3.76
3.1
1.09
-2.35
5.12
-6.76
-5.85
2.74
-7.22
7.88
-2
-2.32
-1.31
3.8
-7.42
0.63
4.22
2.43
-0.58
11.67
3.69
3.89
-5.76
3.73
-1.43
6.63
-0.81
-4.23
4.51
-4.97
-6.57
-1.86
6.3
-4.69
2.25
12.41
-9.26
9.89
4.3
0.24
7.86
-3.64
-1.11
3.09
-1.43
1.03
8.61
2.13
11.47
10.3
3.45
11.37
9.75
3.48
-1.92
11.92
6.66
0.81
5.58
12.59
-7.73
13.06
0.41
-0.53
0.48
16.89
-2.54
2.49
-3.44
1.43
5.89
-1.15
-0.87
5.02
6.48
-4.95
6.16
-0.56
-2.95
5.3
8.82
4.9
2.04
1.79
10.28
8.4
5.64
-5.06
3.59
2.64
3.22
2.03
4.38
-0.91
2.29
3.13
-0.01
8.95
-3.01
-1.78
5.64
2.09
-1.77
3.04
-7.23
1.47
8.9
-6.04
7.69
6.77
-5.12
4.42
2.63
-1.6
-1.06
7.52
-9.35
-1.51
0.38
-5.97
1.6
7.8
0.12
3.9
4.08
5.33
1.91
2.58
9.58
0.45
0.42
0.26
-1.23
-1.03
3.04
7.8
-2.36
5.57
-6.24
6.2
-4.94
2.5
-0.77
0.98
-0.32
9.28
-5.43
2.29
11.85
9.27
-7.9
5.47
3.19
8.88
-0.94
-8.2
3.13
3.53
9.32
0.32
7.82
5.53
9.73
-0.86
-8.31
2.93
-0.46
0.09
3.07
10.87
-3.34
-2.07
10.05
-4.9
-5.02
-0.05
-5
2.1
-0.72
-2.72
2.49
3.95
2.78
-3.64
0.52
-9.99
4.45
4.94
-7.14
3.47
-0.54
2.83
7.15
4.37
2.58
6.8
7.99
4.37
-4.7
8.11
-3.22
-0.03
7.87
1.51
-13.51
4.78
4.65
-1.85
2.29
-6.21
-0.53
-2.67
-3.39
0.7
7.37
-7.88
1.34
11.05
4.49
5.66
18.13
-13.58
-1.86
0.83
4
-2.33
3.33
4.75
1.26
4.82
8.33
-1.29
-4.12
9.54
-4.63
11.2
3.97
5.59
9.99
-8.26
5.41
14.48
-8.61
5.96
14.41
-0.54
5.47
5.47
4.63
2.01
2.21
-7.51
8.63
13.34
-3.78
4.61
0.12
4.65
-7.15
-0.78
5.7
-9.03
8.46
5.8
2.65
-1.03
4.51
1.97
-2.12
3.53
0.25
8.88
6.29
1.33
-5.01
-1.74
3.9
-3.79
4.28
-0.19
1.57
3.18
-0.18
14.21
2.39
-5.38
2.29
-0.16
-1.21
-0.06
-1.96
2.79
-4.76
2.68
4.64
2.64
0.68
-4.09
-4.11
10.28
0.11
-4.63
12.68
2.11
9.34
2.82
6.19
4.54
8.92
3.64
5.14
15.52
2.98
14.48
4.56
0.48
1.44
0.57
-6.97
-0.93
5.08
-4.93
-0.97
-1.17
1.17
-0.82
2.46
2.5
2.81
-1.86
-2.3
4.53
5.28
4.11
-2.65
-2.25
9.69
6.52
1.1
6.48
3.69
0.29
0
3.22
-1.79
-2.94
7.86
13.29
-5.68
7.61
-6.8
0.77
5.96
6.61
-7.59
2.04
-3.11
-1
1.57
1.41
0.51
7.19
3.81
-0.09
9.95
7.04
5.63
0.92
8.06
3.95
9.98
3.31
-15.79
6.27
8.94
0.82
3.91
9.45
-5.72
0.91
-1.19
-7.22
0.06
-1.65
-11.05
7.11
5.84
-9.51
-3.14
6.11
-4.57
-7.52
-2.25
-4.13
-6.31
1.91
-2.07
-2.34
-2.73
0.5
-5.14
5.04
-2.23
-1.87
1.78
-9.38
6.6
-0.39
-7.23
5.34
-2.73
0.58
-1.68
-0.54
-3.56
-9.05
6.47
4.14
0.18
2.52
4.36
8.46
-1.77
-3.38
5.57
5.27
-14.49
9.05
0.46
-1.24
2.17
0.72
3.22
8.67
-0.43
-2.35
4
-1.65
2.86
8.78
1.62
3.23
4.5
4.45
-0.79
5.23
-5.48
-3.96
5.45
2.62
3.09
5.99
4.92
4.3
10.58
2.68
-2.8
