2.4005
2.4104
2.3634
2.3098
2.3991
2.3702
2.4053
2.3828
2.4175
2.3933
2.3888
2.3745
2.3925
2.3557
2.3847
2.3780
2.3770
2.3737
2.3749
2.3664
2.4066
2.3983
2.3859
2.3627
2.3879
2.3654
2.3778
2.3679
2.3756
2.3716
2.3992
2.3925
2.3961
2.3946
2.3710
2.3805
2.3821
2.3732
2.3863
2.3836
2.3832
2.3646
2.4005
2.3741
2.3811
2.3926
2.3781
2.3878
2.3795
2.3842
2.3808
2.3945
2.3793
2.3858
2.3889
2.3679
2.3918
2.3845
2.3922
2.3918
2.3601
2.3884
2.3757
2.3710
2.3726
2.3926
2.3816
2.3998
2.3602
2.3866
2.3857
2.3716
2.3829
2.3711
2.3700
2.3973
2.3852
2.3874
2.3711
2.3810
2.3602
2.3847
2.3744
2.3717
2.3690
2.3966
2.3867
2.3732
2.3782
2.3911
2.3914
2.3874
2.3754
2.3729
2.3654
2.3991
2.3867
2.3737
2.3838
2.3974
2.3913
2.3858
2.3958
2.3884
2.3933
2.3626
2.3673
2.3878
2.3705
2.3806
2.4090
2.4150
2.3946
2.4063
2.4091
2.3938
2.3745
2.3969
2.4045
2.3731
2.3656
2.3982
2.4074
2.4018
2.4101
2.4118
2.4190
2.4145
2.3867
2.3638
2.3759
2.4128
2.4030
2.4005
2.4031
2.4086
2.3723
2.3812
2.4073
2.3839
2.3849
2.3872
2.3820
2.3932
2.3928
2.3812
2.3922
2.3778
2.3831
2.3777
2.3729
2.3636
2.3671
2.4015
2.3897
2.3668
2.3891
2.3884
2.3681
2.3827
2.3837
2.3699
2.3794
2.3816
2.3643
2.3887
2.3888
2.3819
2.3800
2.3652
2.3807
2.3785
2.3745
2.4129
2.3983
2.3672
2.4035
2.3695
2.3772
2.3784
2.3683
2.3809
2.3739
2.3686
2.3793
2.3784
2.3974
2.3826
2.3713
2.3826
2.3806
2.3899
2.4241
2.4031
2.3706
2.3891
2.4219
2.4023
2.3650
2.3995
2.4011
2.3654
2.3679
2.3647
2.3847
2.3842
2.3671
2.3805
2.3754
2.3886
2.3753
2.3804
2.3889
2.4065
2.3563
2.3549
2.3652
2.3834
2.3918
2.3953
2.3744
2.3712
2.3888
2.3945
2.3788
2.3946
2.3868
2.3727
2.3925
2.3820
2.3940
2.3853
2.3850
2.3764
2.3633
2.3694
2.3891
2.3795
2.3783
2.3845
2.3886
2.3965
2.3912
2.3798
2.3888
2.3672
2.3795
2.3622
2.3699
2.3798
2.3810
2.3952
2.3880
2.3722
2.3820
2.3941
2.3875
2.3865
2.3662
2.3898
2.3928
2.3827
2.3695
2.3564
2.3756
2.3705
2.3890
2.3821
2.3952
2.3872
2.3926
2.3897
2.3798
2.3821
2.3816
2.3707
2.3600
2.3746
2.3897
2.3831
2.3950
2.3776
2.3939
2.3753
2.3619
2.3854
2.3864
2.3882
2.3751
2.3668
2.3854
2.3792
2.3663
2.3866
2.3846
2.3878
2.3734
2.3657
2.3838
2.3771
2.3837
2.3888
2.3651
2.3767
2.3941
2.3752
2.3790
2.3885
2.3949
2.3870
2.3891
2.3976
2.3868
2.3770
2.3708
2.3757
2.3804
2.3828
2.3758
2.3727
2.3905
2.3810
2.3722
2.3766
2.3748
2.4040
2.3886
2.3782
2.3901
2.3732
2.3722
2.3685
2.3714
2.3928
2.3752
2.3537
2.3806
2.3651
2.3955
2.3785
2.3684
2.3948
2.3940
2.3664
2.3767
2.3553
2.3512
2.3674
2.3791
2.3746
2.3797
2.3929
2.3761
2.3685
2.3606
2.3802
2.3810
2.3835
2.3687
2.3843
2.3969
2.3727
2.3941
2.3992
2.3821
2.3819
2.3836
2.3754
2.3894
2.3699
2.3684
2.3781
2.3756
2.3850
2.3761
2.3811
2.3931
2.3823
2.3719
2.3910
2.3820
2.3818
2.3979
2.3854
2.3969
2.3764
2.3735
2.3840
2.3783
2.3655
2.3864
2.3576
2.3537
2.3524
2.3806
2.3701
2.3838
2.3857
2.3720
2.3637
2.3641
2.3860
2.3775
2.3884
2.4079
2.3673
2.3894
2.4059
2.4228
2.3728
2.3532
2.3962
2.3890
2.3811
2.3776
2.3889
2.3770
2.3712
2.3660
2.3607
2.3660
2.3885
2.3791
2.3808
2.3681
2.3707
2.3854
2.3735
2.3960
2.3939
2.3790
2.3788
2.3646
2.3783
2.3812
2.3653
2.3052
2.3195
2.2889
2.3231
2.3284
2.3202
2.2946
2.3232
2.3515
2.3471
2.3516
2.3534
2.3459
2.3271
2.3346
2.3810
2.3823
2.3837
2.3850
2.4055
2.3886
2.3490
2.3875
2.4001
2.3893
2.4070
2.4002
2.4018
2.3698
2.4018
2.3958
2.4136
2.3944
2.4034
2.4081
2.4039
2.3677
2.3737
2.3874
2.3839
2.3814
2.3784
2.3795
2.3711
2.3734
2.4096
2.3911
2.3880
2.4082
2.4000
2.3875
2.3646
2.3872
2.4020
2.3533
2.3684
2.3681
2.3836
2.3652
2.3890
2.3959
2.3618
2.3715
2.3700
2.3772
2.3632
2.3808
2.3899
2.4012
2.3292
2.3470
2.3470
2.3321
2.3429
2.3293
2.3478
2.3224
2.3231
2.3482
2.3474
2.3310
2.3504
2.3250
2.3329
2.3520
2.3234
2.3488
2.3535
2.3466
2.3243
2.3444
2.3516
2.3458
2.3938
2.3881
2.3676
2.3761
2.3827
2.3651
2.3814
2.3851
2.3879
2.3900
2.3644
2.3786
2.3815
2.3671
2.3766
2.3830
2.3759
2.3832
2.3769
2.3970
2.3777
2.3857
2.3683
2.3844
2.3767
2.3847
2.3987
2.3980
2.3890
2.3827
2.3833
2.3802
2.3612
2.3576
2.3650
2.3946
2.3956
2.3749
2.3675
2.3801
2.3617
2.3735
2.3671
2.3850
2.4003
2.3984
2.4012
2.3904
2.4021
2.4000
2.3999
2.3830
2.3895
2.3745
2.3854
2.3715
2.3921
2.3676
2.3757
2.3811
2.3931
2.3736
2.3978
2.3909
2.3893
2.3615
2.3620
2.3809
2.3726
2.3693
2.3674
2.3781
2.3731
2.3682
2.3687
2.3863
2.3639
2.4008
2.4006
2.4078
2.4099
2.4109
2.3504
2.3648
2.3595
2.3919
2.4073
2.3690
2.3770
2.3568
2.3598
2.3892
2.3852
2.3693
2.3639
2.3811
2.3915
2.3949
2.3834
2.3886
2.3732
2.3710
2.3835
2.3896
2.3942
2.3716
2.3941
2.3823
2.3814
2.3797
2.3945
2.3712
2.3888
2.3745
2.3798
2.3795
2.3760
2.3965
2.3771
2.3769
2.3483
2.3669
2.3649
2.3834
2.3780
2.3837
2.3738
2.3775
2.3589
2.3674
2.3885
2.4044
2.3825
2.3788
2.3993
2.3639
2.3765
2.3579
2.3557
2.3644
2.3610
2.3685
2.3660
2.4210
2.3938
2.3695
2.3599
2.3779
2.3636
2.3859
2.3601
2.3742
2.3903
2.3576
2.3401
2.3621
2.3607
2.3640
2.4161
2.4003
2.3763
2.3647
2.3719
2.3637
2.3808
2.3614
2.3515
2.3809
2.3656
2.3806
2.3806
2.3820
2.3924
2.3919
2.3658
2.3861
2.3707
2.4059
2.3716
2.3816
2.3683
2.3901
2.3768
2.3746
2.3838
2.3743
2.3670
2.3684
2.3791
2.3549
2.3923
2.3542
2.3577
2.3562
2.3703
2.3628
2.3579
2.3565
2.3669
2.3704
2.3872
2.3653
2.3697
2.3736
2.3771
2.3901
2.3772
2.3717
2.3797
2.3672
2.3756
2.3743
2.3808
2.3917
2.3754
2.3905
2.3870
2.3811
2.3876
2.3624
2.3711
2.3887
2.3807
2.3652
2.3786
2.3774
2.3777
2.3827
2.3719
2.3680
2.3627
2.3656
2.3676
2.3695
2.3798
2.3860
2.3724
2.3716
2.3915
2.3725
2.3651
2.3702
2.3873
2.3707
2.3776
2.3660
2.3616
2.3597
2.3680
2.4090
2.4093
2.4083
2.4102
2.4197
2.4088
2.4087
2.4039
2.3770
2.4130
2.4051
2.4046
2.4032
2.4072
2.4045
2.4005
2.3842
2.3888
2.3384
2.3423
2.3680
2.4035
2.3800
2.4015
2.3368
2.3138
2.3714
2.4101
2.3836
2.3848
2.3689
2.3732
2.3757
2.3637
2.3798
2.3887
2.3778
2.3783
2.3819
2.3780
2.3806
2.3735
2.3731
2.3618
2.3746
2.3962
2.3679
2.3743
2.3523
2.3892
2.3947
2.3741
2.3737
2.3890
2.3929
2.3992
2.3825
2.3852
2.3854
2.3869
2.3953
2.3740
2.3689
2.3868
2.3771
2.3755
2.3940
2.3872
2.3748
2.3809
2.3855
2.3670
2.3652
2.3978
2.3825
2.3877
2.3761
2.3742
2.3681
2.3845
2.3644
2.3540
2.3852
2.3676
2.4098
2.3732
2.3790
2.3748
2.4004
2.3891
2.3629
2.3725
2.3645
2.3898
2.3701
2.3780
2.3592
2.3668
2.3590
2.3668
2.3563
2.3793
2.3949
2.3755
2.3816
2.3847
2.3783
2.3766
2.3856
2.4105
2.3832
2.3729
2.3662
2.3887
2.3756
2.3770
2.3789
2.3758
2.3975
2.3756
2.3750
2.3950
2.3940
2.4020
2.3839
2.3994
2.3889
2.3823
2.3706
2.3976
2.3720
2.3913
2.3593
2.3620
2.3686
2.3755
2.4036
2.3676
2.3851
2.3706
2.3608
2.3490
2.3774
2.3595
2.3733
2.3825
2.3640
2.3681
2.3650
2.3782
2.3787
2.3836
2.3708
2.3631
2.3630
2.3748
2.3918
2.3661
2.3745
2.3883
2.3801
2.3792
2.3768
2.3936
2.3899
2.3811
2.3906
2.3925
2.3673
2.3670
2.3619
2.3673
2.3763
2.3733
2.3617
2.3843
2.3642
2.3696
2.3727
2.3605
2.3967
2.3776
2.3875
2.3743
2.3612
2.3981
2.3707
2.3486
2.3740
2.3701
2.3866
2.3750
2.3650
2.4008
2.3606
2.3499
2.3693
2.3493
2.3579
2.3538
2.3700
2.3650
2.3651
2.3912
2.3756
2.3617
2.3584
2.3794
2.3506
2.3663
2.4024
2.3589
2.4102
2.3631
2.3821
2.3860
2.4011
2.3633
2.3985
2.3633
2.3789
2.3904
2.3880
2.3420
2.3687
2.4030
2.3550
2.4020
2.3941
2.3551
2.3440
2.3407
2.4102
2.3626
2.4119
2.4093
2.3738
2.3599
2.3714
2.3652
2.3701
2.3668
2.3645
2.3721
2.3803
2.3877
2.3754
2.3811
2.3764
2.3688
2.3877
2.3911
2.3660
2.3729
2.3795
2.3628
2.3781
2.3871
2.3829
2.3769
2.3823
2.3685
2.3668
2.3979
2.3901
2.3710
2.3837
2.3903
2.3713
2.3841
2.3870
2.3735
2.3764
2.3657
2.3985
2.3825
2.3900
2.3962
2.3769
2.3873
2.3777
2.3950
2.3701
2.3661
2.3986
2.3809
2.3967
2.3768
2.3868
2.3856
2.3735
2.3810
2.3959
2.3715
2.3735
2.3863
2.3944
2.3669
2.3998
2.3842
2.3759
2.3770
2.3708
2.3922
2.3632
2.3862
2.3908
2.3804
2.3922
2.3932
2.3857
2.3747
2.3685
2.3681
2.3906
2.3967
2.4027
2.3902
2.3775
2.3687
2.3582
2.3816
2.3810
2.3665
2.3842
2.3978
2.3969
2.3925
2.3760
2.3684
2.3790
2.3832
2.3814
2.3861
2.3639
2.3978
2.3851
2.3988
2.3907
2.3792
2.3676
2.3830
2.3721
2.3690
2.3788
2.3673
2.4017
2.3979
2.4019
2.3892
2.3787
2.3653
2.3848
2.3796
2.3669
2.3698
2.3836
2.3893
2.3941
2.3857
2.3814
2.3791
2.3608
2.3842
2.3744
2.3837
2.3675
2.3845
2.3887
2.3954
2.3830
2.3809
2.3803
2.3788
2.3825
2.3806
2.3855
2.3840
2.3642
2.3862
2.3898
2.3819
2.3875
2.3801
2.3773
2.3889
2.3768
2.3831
2.3801
2.3884
2.3660
2.3946
2.3984
2.3888
2.3879
2.3846
2.3870
2.3591
2.3820
2.3832
2.3803
2.3655
2.3901
2.4007
2.3851
2.3843
2.3814
2.3863
2.3796
2.3800
2.3795
2.3834
2.3788
2.3917
2.3953
2.3705
2.3657
2.3942
2.3678
2.3653
2.3945
2.3919
2.3941
2.3845
2.3858
2.3570
2.3817
2.3835
2.3606
2.3669
2.3865
2.3780
2.3874
2.3849
2.3862
2.3770
2.3828
2.3860
2.3894
2.3649
2.3852
2.3795
2.3791
2.3841
2.3874
2.3723
2.3828
2.3798
2.3889
2.3935
2.3677
2.3630
2.3831
2.3824
2.3660
2.3693
2.3951
2.3943
2.3994
2.3843
2.3801
2.3719
2.3697
2.3584
2.3799
2.3857
2.3650
2.3815
2.3813
2.3781
2.3757
2.3880
2.3670
2.3750
2.3776
2.3771
2.3804
2.3836
2.3836
2.3878
2.3755
2.3751
2.3899
2.3937
2.3765
2.3774
2.3812
2.3883
2.3648
2.3838
2.3815
2.3838
2.3816
2.3834
2.3820
2.3973
2.3852
2.3841
2.3669
2.3954
2.3687
2.3961
2.3826
2.3795
2.3809
2.3895
2.3697
2.3924
2.3753
2.3870
2.3823
2.3773
2.3868
2.3867
2.3626
2.3907
2.3740
2.3844
2.3757
2.3463
2.3505
2.3223
2.3326
2.3524
2.3215
2.3282
2.3537
2.3699
2.3912
2.3881
2.3861
2.3764
2.3649
2.3884
2.3809
2.3675
2.3862
2.3989
2.3639
2.3808
2.3662
2.3765
2.3681
2.3902
2.3909
2.3575
2.3784
2.3840
2.3586
2.3794
2.3775
2.3747
2.3943
2.3741
2.3897
2.3802
2.3937
2.3794
2.3852
2.3439
2.3486
2.3480
2.3665
2.3801
2.3774
2.3765
2.3897
2.3535
2.4128
2.3720
2.3970
2.3598
2.4014
2.3391
2.3733
2.3771
2.3658
2.3770
2.3762
2.3627
2.3723
2.3725
2.3693
2.7078
2.7209
2.7169
2.7147
2.7213
2.7134
2.7185
2.7165
2.7121
2.7208
2.7070
2.7160
2.7076
2.7124
2.7123
2.7204
2.7045
2.7121
2.7110
2.7122
2.7118
2.7600
2.7228
2.7215
2.7383
2.7149
2.7317
2.7222
2.7262
2.7673
2.3709
2.3641
2.4024
2.4035
2.3731
2.3504
2.3888
2.3933
2.3814
2.3790
2.3838
2.3526
2.3590
2.3746
2.4101
2.4103
2.4113
2.4154
2.4199
2.4118
2.4230
2.3665
2.3911
2.3897
2.3905
2.3786
2.3704
2.3893
2.3936
2.3777
2.3968
2.3921
2.3737
2.3908
2.3806
2.3989
2.3852
2.3872
2.3737
2.3642
2.3705
2.3854
2.3763
2.3803
2.3892
2.3930
2.3930
2.3954
2.3821
2.3884
2.3674
2.3793
2.3586
2.3670
2.3856
2.3621
2.3891
2.3849
2.3853
2.3804
2.3659
2.3800
2.3785
2.3731
2.3835
2.3644
2.3768
2.3900
2.4058
2.4040
2.3657
2.3868
2.3651
2.3864
2.3697
2.3825
2.3677
2.3870
2.3212
2.3587
2.3540
2.3371
2.3537
2.3229
2.3421
2.3577
2.2703
2.2926
2.2965
2.3023
2.2680
2.2920
2.2987
2.3032
2.3237
2.3501
2.3518
2.3521
2.3427
2.3257
2.3493
2.3436
2.4009
2.3891
2.3889
2.3702
2.3898
2.3688
2.3936
2.3794
2.3822
2.3861
2.3767
2.3764
2.3762
2.3823
2.3652
2.3888
2.3921
2.3817
2.3732
2.3808
2.3785
2.3804
2.3866
2.3886
2.3636
2.3771
2.3835
2.3660
2.3782
2.3841
2.3688
2.3733
2.3731
2.3658
2.3734
2.3700
2.3697
2.3691
2.3701
2.3699
2.3711
2.3724
2.3699
2.3870
2.3795
2.3658
2.3809
2.3865
2.3688
2.3630
2.3687
2.3712
2.3658
2.3652
2.3669
2.3693
2.3647
2.3823
2.3741
2.3715
2.3698
2.3737
2.3706
2.3549
2.3728
2.3725
2.3538
2.3681
2.3605
2.3850
2.3673
2.3685
2.3718
2.3652
2.3798
2.3724
2.3814
2.3873
2.3679
2.3823
2.3931
2.3634
2.3751
2.3695
2.4036
2.4227
2.3909
2.3881
2.4294
2.3925
2.3684
2.3995
2.4228
2.3910
2.3993
2.4135
2.3918
2.3874
2.3953
2.4084
2.4203
2.4117
2.4084
2.4189
2.4049
2.3886
2.3858
2.3975
2.3748
2.3792
2.3857
2.3976
2.3895
2.3945
2.3793
2.3905
2.3995
2.3921
2.3860
2.3989
2.3605
2.3719
2.3787
2.3719
2.3752
2.3813
2.3911
2.3765
2.3846
2.3690
2.3635
2.3916
2.3819
2.3876
2.3973
2.3735
2.3976
2.3767
2.3556
2.3811
2.3691
2.3661
2.3780
2.3739
2.3754
2.3749
2.3517
2.4002
2.3475
2.3807
2.3902
2.3753
2.3619
2.3803
2.3767
2.3879
2.3571
2.3585
2.3951
2.3639
2.3368
2.3996
2.3665
2.3239
2.3977
2.3803
2.3926
2.4014
2.3819
2.3611
2.3666
2.3605
2.3997
2.3770
2.3649
2.3835
2.3629
2.3711
2.3519
2.3976
2.3809
2.4020
2.3976
2.3678
2.3864
2.3631
2.3765
2.3612
2.3852
2.3653
2.3785
2.3929
2.3965
2.4012
2.3953
2.3962
2.3751
2.3947
2.3959
2.3973
2.3862
2.3787
2.3741
2.3742
2.3771
2.3837
2.3794
2.3779
2.3852
2.3867
2.3832
2.3841
2.3836
2.3889
2.3892
2.3851
2.3945
2.3920
2.3686
2.3718
2.3739
2.3821
2.3763
2.3795
2.3749
2.3861
2.3942
2.3598
2.3935
2.3855
2.3861
2.3750
2.3665
2.3810
2.3640
2.3878
2.3885
2.3669
2.3796
2.3871
2.3656
2.3796
2.3852
2.3663
2.3919
2.3939
2.3791
2.3841
2.3654
2.3813
2.3723
2.3957
2.3674
2.3547
2.3851
2.3719
2.3653
2.3713
2.3647
2.3660
2.4011
2.4002
2.3720
2.3717
2.3818
2.3684
2.3764
2.3730
2.3844
2.3642
2.3800
2.3717
2.3625
2.3853
2.3782
2.3335
2.3910
2.3752
2.3830
2.3945
2.3790
2.3775
2.3584
2.3672
2.3334
2.3530
2.3718
2.3703
2.4036
2.4114
2.4187
2.4109
2.4171
2.3947
2.4082
2.4108
2.4158
2.4093
2.4195
2.4064
2.3908
2.3844
2.3916
2.4018
2.3864
2.4014
2.3801
2.3919
2.3871
2.4041
2.3823
2.3631
2.3857
2.3999
2.3726
2.3760
2.3927
2.3853
2.3767
2.3680
2.3761
2.3651
2.3868
2.4016
2.3700
2.3808
2.3958
2.3898
2.3753
2.3681
2.3793
2.3591
2.3806
2.3881
2.3867
2.3840
2.3788
2.4035
2.3771
2.3889
2.3816
2.3878
2.3824
2.4058
2.3833
2.3597
2.3680
2.3878
2.3947
2.3695
2.3603
2.4017
2.3826
2.3655
2.3734
2.3647
2.3715
2.3791
2.3915
2.3680
2.3668
2.3869
2.3776
2.3780
2.3836
2.3626
2.3614
2.3777
2.3653
2.3604
2.3640
