0.56717
1.06511
1.58891
0.83669
0.99708
1.38077
1.53295
1.10663
2.23258
1.19264
1.15969
1.25309
2.47241
1.26294
1.48791
1.3937
1.05129
2.2859
1.20454
1.1578
1.01588
0.97614
1.28105
1.11921
1.09636
1.10314
1.43604
1.16702
1.20617
1.89685
1.14346
2.50814
1.3541
1.0974
1.16978
1.05459
1.28525
1.43801
1.26914
0.85227
1.33064
1.18748
1.40163
1.15345
2.37901
1.28406
1.2411
1.14877
1.29925
2.15693
0.77192
1.19891
1.04797
1.26385
1.43808
0.73011
1.21238
1.29713
1.35912
1.29382
0.7668
0.74707
1.14846
1.33768
1.22979
0.04135
0.98479
0.95536
1.23267
1.18799
0.8051
0.9105
1.37245
1.24772
1.89009
2.00202
1.38036
1.40022
1.22363
1.71738
2.0401
1.25248
1.50162
1.40279
1.74024
2.3136
3.53085
2.85412
0.98844
1.36371
2.04585
3.86317
2.83944
1.29173
1.23087
2.41212
1.13575
2.69831
0.84263
1.83818
1.31124
1.14235
1.02344
1.04478
2.28163
1.43702
1.38402
2.67348
1.05689
2.11644
1.4028
1.35897
2.23529
1.12839
2.01714
0.88021
1.30792
1.19453
1.08849
2.00418
1.26831
1.12568
1.43646
1.11623
2.3663
1.15365
1.3443
1.15619
0.05631
2.20505
1.15556
1.16025
1.15696
0.22531
2.00443
1.08508
1.17733
1.09419
1.34146
2.30902
1.47872
1.30378
1.24011
1.31278
2.22403
1.39775
2.21846
1.20824
1.16549
2.41301
1.24889
1.05175
1.31385
1.11595
2.54873
1.10138
1.04913
1.168
0.98129
1.48402
0.62185
1.37248
1.08413
1.0772
2.60822
2.27496
2.37901
1.09175
2.5873
1.16494
2.15693
1.10422
1.57375
1.12214
1.40193
2.54569
1.4762
1.19011
2.12143
1.09387
1.41311
2.15616
1.26631
1.24723
2.42247
1.14054
1.31799
1.33915
1.10997
1.31321
1.34522
1.07133
2.37116
1.33973
1.19778
1.40833
1.34001
1.34023
1.39681
1.2341
1.15763
1.48472
1.35081
1.17447
1.35368
1.00505
1.25846
1.07339
1.17145
0.90603
1.43112
1.02041
1.10398
0.03615
0.04982
4.02334
4.32663
4.32541
3.9682
3.66626
4.30146
4.34608
4.30622
3.66043
4.52953
4.49901
3.67606
