-0.82
-0.58
-1.25
-1.12
-1.06
-0.98
-0.13
-0.95
0.35
0.47
1.38
-0.19
1.18
-0.73
1.15
-1.38
0.07
0.95
-0.63
-1.6
0.56
-1.22
1.17
0.83
0.46
1.25
0.39
-0.17
-1.18
1.07
-1
0.92
-0.37
-0.61
-0.19
0.63
-0.62
0.74
0.15
0.53
0.39
0.7
-0.44
0.42
0.46
-1.21
-1.37
1.25
0.26
0.1
0.1
1.56
0.43
-0.59
1.14
1.55
0.82
-0.05
-1.08
0.64
1.27
0.36
-0.43
-1.31
0.56
0.62
-1.03
0.31
0.61
-1.23
0.83
1.65
-0.91
0.8
0.52
0.66
-0.83
0.57
-0.51
0.29
0.59
-0.63
-0.03
-0.06
0.66
-0.87
0.09
0.83
0.41
0.38
1.35
0.21
0.01
0.66
2.37
-0.71
1.12
-0.38
1.4
0.39
-0.04
1.8
0.4
-0.89
-0.07
1.27
0.4
-0.47
0.88
-0.39
0.05
0.76
-0.33
1.29
-0.05
1.77
-0.2
0.46
1
0.13
0.74
1.04
-0.22
0.47
0.23
0.03
-0.52
0.81
-0.83
-0.83
-0.95
0.99
0.47
-0.76
-0.22
0.04
0.51
0.13
0.45
0.69
-0.7
0.11
0.45
1.32
1.98
1.17
-1.29
0.38
-0.86
-0.6
-0.24
1.37
-0.2
-0.88
-1.08
0.46
-1.1
1.39
1.47
-0.4
0.81
-0.39
0.66
1.43
-1.04
-0.16
-1.11
0.8
0.92
-0.54
-0.48
1.19
-1.48
-0.92
1.51
-0.8
-0.56
0.13
-1.18
-0.76
-1.19
0.01
0.12
1
-0.68
-0.9
0.99
0.92
-0.68
0.19
0.27
-0.93
-1.85
0.36
-1.38
0.94
-1.48
-0.35
-0.51
0.7
0.04
0.65
1.15
-0.41
-0.19
0.91
0.73
0.83
-0.5
0.55
-0.92
0.75
-0.53
0.44
0.61
1.08
1.26
-1.52
-1.55
-1.59
-0.67
-0.58
1.22
-0.85
1.05
0.17
-0.81
-0.6
0.25
1.54
1.09
0.68
1.47
0.46
0.44
0.47
1.43
-1.79
-1.13
1.5
-0.49
-0.94
-0.82
0.95
0.68
-0.29
0.95
0.75
0.16
1.42
1.09
-0.02
0.06
-0.77
-0.83
0.82
-1.2
1.25
1.29
0.66
-0.14
-1.38
-0.74
-0.49
-0.5
0.68
1.13
0.86
-0.09
-1.59
-1.67
-0.82
-0.07
-1.59
-0.84
-0.08
-0.42
-1.61
-1.08
0.8
1.56
1.85
0.94
-1.55
-1.11
0.22
0.24
0.47
-0.23
0.89
-0.71
0.11
-0.62
1.16
-0.66
1.28
0.31
0.22
0.22
1.1
0.09
1.17
-0.21
1.63
1.38
-0.17
0.3
-0.16
0.2
-0.07
1.01
1.27
0.45
-0.33
0.14
-1.27
-0.51
0.48
0.75
-1.14
0.83
0.1
-1.66
-0.59
-0.22
0.61
-0.82
0.15
-0.78
-0.37
0.06
-1.42
-0.13
1.09
-0.05
-0.36
-0.34
0.41
-0.41
-0.89
0.14
-1.38
-0.19
1.58
0.69
0.41
-0.31
0.67
-0.48
0.35
0.86
-1.01
-1.28
0.21
-0.94
-0.15
0.68
1.03
0.16
0
1.89
0.27
1.82
0.59
1.23
0.57
0.92
0.01
0.86
0.54
0.57
0.21
1.39
0.01
-1.49
-0.34
-0.03
1.65
-0.3
-0.21
-0.42
0.86
0.26
1.06
1.67
0.98
0.9
1.07
0.82
0.12
0.25
0.1
1.39
-0.46
-1.2
-1.39
-1.44
-0.17
1.12
-1.11
0.67
-0.71
0.3
-0.38
-0.28
-0.63
-0.99
-0.4
1.19
-1.04
-0.98
1.67
-0.64
-1.35
-0.29
-0.77
-0.71
-0.32
0.25
-0.83
-1.45
-1.18
-1.44
-0.15
0.61
-0.69
1.18
-1.33
0.26
0.86
0.01
-1.06
1.16
-1.35
-0.27
-1.28
0.57
-1.27
-0.47
-0.33
-0.61
-1.04
-0.8
0.42
-0.48
1.01
0.46
0.07
1.27
-0.09
0.2
1.16
1.08
0.72
-0.21
1.66
0.39
-0.53
-0.57
0.23
-0.17
-0.03
0.63
0.34
0.6
-1.28
-0.61
-0.76
1.39
0.42
0.16
0.92
-0.37
0.1
1.42
1.1
0.46
0.94
0.12
-0.08
-1.22
-1.26
-1.06
-1.02
-0.51
-1.05
-1.25
0.18
0.51
-1.71
1.28
0.9
1.06
0.63
0.51
0.48
0.93
0.01
-0.39
-0.23
1.12
-0.89
-1.16
-0.18
-0.33
-0.66
0.84
-0.15
0
1.16
0.17
-0.61
0.19
-1.49
-0.53
0.74
0.55
0.03
-1.29
-0.48
-0.2
0.81
-1.12
0.49
-1.08
-0.49
-0.14
0.25
-0.75
0.5
0.04
-0.6
-1.34
-1.04
-0.71
-0.27
-0.67
-0.14
-1.63
-0.91
0.26
-0.75
1.31
0.98
-0.42
-0.96
-0.99
-1.19
-1.33
0.67
-0.5
-0.37
1.47
0.09
0.5
1.1
-1.01
0.97
-0.15
-0.78
-0.3
0.07
0.29
0.5
-0.17
1.43
-0.43
0.13
-0.64
-1.09
-0.64
-0.4
-0.32
0.23
-0.39
0.62
0.65
-1.43
0.55
0.75
-0.82
0.18
-0.13
0.4
0.63
0.15
-0.81
0.12
0.1
-0.15
0.55
0.8
0.42
0.71
1.08
-1.04
0.18
-0.3
-0.74
0.79
-0.68
0.03
-0.03
-0.37
0.08
-0.11
-0.41
-1.28
-0.97
-1.17
-0.5
-0.86
-1.18
-1.16
1.37
0.4
0.1
-0.39
0.17
-1.06
0.17
1.34
0.22
0.18
-0.26
-0.44
-1.89
-1.49
-0.85
-1.09
-0.87
-0.83
-1.26
-1.32
-1.07
0.32
-1.43
-1.64
-0.96
-1.22
0
-0.93
-2
-0.5
-0.39
0.71
-0.25
-0.84
-1.37
-0.59
-0.4
-0.29
-0.83
-1.19
-0.34
-1.08
-0.27
0.61
0.63
0.05
-0.15
0.63
0.97
0.08
1.36
0.24
0.5
1.74
-0.16
-0.29
0.56
-0.93
0.53
-0.16
-1.17
-0.02
-1.18
-1.69
-0.81
0.17
1.07
-0.64
0.24
0.13
-1.6
-1.11
-1.23
-0.58
-0.56
-0.53
-0.91
-0.23
-0.36
-0.59
-0.83
-0.77
-0.97
1.06
0.63
-0.01
0.71
0.99
-0.41
1.2
-0.63
0.56
-0.22
-0.54
-0.19
0.93
0.6
1.11
0.89
0.27
-1.02
1.05
-0.42
0.99
0.06
-0.72
-0.53
0.58
1.12
0.51
-0.27
1.09
1.41
1.15
0
1.01
0.56
0.99
0.07
0.39
-0.72
-1.56
0.19
-1.06
-0.6
1.47
1.44
0.48
-0.51
1.02
-1.41
-0.12
-0.11
-0.17
-0.14
0.9
-0.42
0.61
1.32
0.67
1.2
0.68
1.67
1.45
0.59
0.13
0.62
1.78
0.93
0.29
0.21
-0.61
0.54
1.21
1.13
-0.43
0.18
-1.39
-1.42
-0.81
-1.15
-0.35
-0.47
-1.32
0.8
-1.56
-1.7
-0.34
-1.45
0.1
-0.71
-0.83
0.58
1.06
-0.87
0.19
1.26
-0.64
-0.24
1.37
0.39
1.47
1.39
1.07
-0.74
0.56
0.28
0.86
1.65
1.08
1.78
1.84
0.78
-1.55
0.02
0.24
-0.5
0.73
1.4
-0.37
0.45
-1.54
-1.27
0.99
-0.95
-1.26
-0.14
1.07
0.78
-1.2
2.07
0.55
-0.59
-0.78
-0.45
0.35
0.08
0.32
-0.03
0.73
-0.06
0.16
1.32
-0.03
-1.14
-0.14
-0.55
0.02
-1.77
-0.58
0.06
0.12
-0.08
0.27
-0.57
-0.24
0.16
-0.25
-1.01
0.78
0.44
-1.42
-0.44
0.23
-0.63
-0.03
-0.9
0.38
0.92
0.11
1
0.9
-0.35
-1.25
1.11
0.35
0.47
1.07
-1.35
-0.97
0.07
0.68
0.29
0.69
-1.61
-1.52
1.23
0.29
-1.48
-0.74
-0.66
0.08
0.94
-0.73
1.15
0.95
0.21
0.94
-0.21
0.1
-0.76
0.43
-0.82
0.57
0.29
0.05
-1.03
0.53
0.92
-0.08
0.14
0.09
0.28
1.57
0.53
-0.22
0.25
-0.99
0.74
1.37
-1.54
-1.18
-0.89
0.58
0.54
0.02
-0.73
-0.32
-0.37
0.24
0.97
0.3
0.37
0.79
0.51
0.65
-1
-1.41
-0.82
1.39
0.28
-0.44
-1.84
1.22
-0.03
1.06
1.12
0.58
1.71
-0.25
-1.62
-0.07
0.05
-0.2
0.23
1.09
0.82
1.02
0.93
0.7
0.39
-0.05
0.96
1.1
1.26
0.39
-0.79
0.46
-1.22
-1.26
0.86
-1.92
-1.13
-0.31
-0.39
0.45
0.1
-0.39
-1.02
0.82
0.35
1.27
0.72
0.78
0.55
0.36
0.47
-1.08
0.29
-0.74
0.41
0.63
-0.2
1.12
1.2
0.44
-0.45
1.47
-0.31
0.42
0.49
0.44
-0.79
-0.97
-0.57
0.18
1.05
1.48
0.34
0.65
0.69
-0.07
1.18
1.22
0.38
0.76
0.11
0.3
-1.1
-0.21
-1.75
-0.68
1.29
-0.64
-0.67
0.01
-0.37
0.39
0.59
0.28
0.99
-0.37
-1.52
-0.04
-1.09
-1.31
0.16
-0.86
0.27
0.87
1.42
0.19
-0.79
-0.98
-0.29
0.71
0.23
0.75
0.58
0.12
1.42
0.01
0.47
-0.91
-0.22
0.07
-0.3
-0.47
0.13
-0.22
0.96
-0.15
0.7
0.19
0.54
1.36
0.26
0.27
-0.89
-0.05
0.48
-0.82
0.94
1.42
0.37
0.71
1.16
1.02
0.3
-0.6
-0.93
0.95
1.12
-0.33
0.23
0.4
1.61
1
0.94
0.96
1.03
0.89
1.45
-0.51
1.76
1.35
1.07
1.67
1.75
1.12
0.55
0.93
1.1
1.65
0.53
1.38
1.01
0.6
1.14
0.79
1.67
1.95
2.08
-0.47
1.11
0.71
1.61
1.29
1.18
0.2
1.61
0.33
1.34
2.45
0.4
0.47
0.02
-0.84
-1.51
0.68
-0.84
-0.03
-2.11
0.38
-0.17
-1.23
-0.09
-1.22
-1.59
-0.59
-1.69
-1.27
-1.63
-0.44
-1.77
-1.1
-1.96
-0.51
-0.99
-1.43
-0.02
-0.18
0.11
-1.43
-0.84
0.62
-0.15
-1.14
-0.98
-1.04
0.04
-0.21
-1.97
-2.14
-0.49
-1.24
0.5
-0.18
-0.91
-1.32
-1.03
-0.74
-1.36
-0.32
-0.52
-1.48
-1.17
-0.99
-1.69
-0.39
-1.81
-1.02
-0.25
0.62
-0.33
0.21
-1.31
-0.27
0.37
0.18
-1.6
-0.76
1.33
0.67
0.84
0.85
1.17
1.06
1.14
-0.44
1.47
-0.64
0.58
0
0.63
0.93
-1.63
0.61
-1.62
-0.07
0.68
-0.52
0.29
0.48
0.41
0.83
0.66
0.13
0.21
-0.35
-0.34
1.72
0.83
0.8
0.06
0.48
0.77
-0.59
0.45
0.43
0.98
-1.07
0.04
-0.33
-0.78
1.27
0.24
1.11
-0.89
-1.05
-0.38
1.45
1.24
0.82
0.33
-1.7
0.09
1.03
0.16
0.75
-0.83
-0.01
1.5
0.41
-1.3
0.52
-0.16
0.47
0.87
0.1
0.56
0.18
0.53
0.26
1.52
-1.21
-0.99
-0.01
-1.02
-1.29
-0.53
1.11
0.59
0.16
-0.7
0.78
0.17
0.36
1.22
0.79
0.49
0.97
0.74
-1.53
-0.13
0.99
1.08
0.53
-0.71
1.51
1.33
0.62
0.36
0.21
0.13
0.62
0.1
0.48
-1.1
1.02
0.27
-0.34
-0.96
-0.35
-0.96
-0.51
-1.91
0.93
-0.29
-0.06
-1.6
-0.96
-0.34
-0.65
-0.22
1.12
0.55
0.38
-0.28
-0.25
0.67
-0.22
-0.27
-0.62
0.19
-0.67
0.88
0.95
0.99
0.57
0.14
1.1
-0.72
-0.11
-0.94
-1.03
-0.82
-0.99
0.46
0.06
1.11
-0.13
1.12
0.54
1.62
-0.67
0.45
-0.32
0.79
-0.27
1.56
0.06
1
0.35
0.01
0.28
0.61
-0.84
0.06
-0.96
-0.48
-0.88
-0.02
-0.22
0.57
-0.14
-1.45
1.27
0.19
0.83
0.44
0.44
-1.3
0.21
-1.14
0.31
-0.52
-1.38
-0.87
-0.2
1.23
-0.09
-0.81
-0.65
-0.61
-0.85
-0.44
-0.6
-1.18
-0.51
-1.59
-0.02
0.28
-0.92
-0.46
-1.39
-1.15
-1.06
-1.5
-0.29
-0.11
0.85
-0.51
1.96
0.64
-0.29
0.87
-0.94
-0.91
1.26
1.18
0.59
1.09
1.42
0.36
0.89
0.28
0.01
0.19
0.13
1
1.31
1.22
0.4
0.23
-1.28
0.7
-0.51
1.33
0.5
1.19
-1.06
0.11
1.14
1.13
0.45
0.43
-1.13
0.03
0.62
0.31
-0.19
-0.69
-1.64
-1.18
0.92
-1.13
-1.27
0.3
0.64
0.69
-0.84
1.5
0.25
1.59
0.77
0.16
-1.22
-1.52
0.06
1.11
0.27
-1.51
0.26
0.28
-0.51
0.54
0.98
-1.19
-1
-0.43
-0.35
-1.23
-0.35
1.11
0.66
0.63
0.91
0.07
-0.33
1.15
0.94
-1.11
-1.33
-1.16
-1.29
-0.42
0.66
0.35
-0.9
-0.81
0.28
1.38
1.09
-1.22
1.65
0.77
0.85
-1.13
0.78
0.1
0.5
1.47
0.71
-0.75
0.49
-1.39
0.22
0.32
0.96
0.16
-0.31
0.05
0.72
1.48
0.35
0.41
-0.57
0.67
-1.27
0.01
-1.02
0.89
0.73
-0.57
0.71
-0.14
0.48
0.26
-1.18
-1.78
0.99
0.82
-0.26
-0.37
0.27
-1.11
-0.04
-0.88
0.54
0.6
0.01
0.44
-0.16
-0.28
-0.67
0.69
1.08
0.18
-0.14
0.61
-0.73
-0.74
-1.65
0.22
-0.67
0.08
0.44
0.82
-0.65
0.1
0.44
0.58
-0.86
-1.17
-0.51
-1.04
-0.34
-0.76
0.41
0.4
0.65
-1.43
0.1
-0.25
0.23
-1.09
-0.38
-0.71
-0.65
0.1
-0.14
-0.41
-0.51
-0.21
0.97
0.98
1.32
-0.71
1.22
-0.27
0.67
0.73
-0.72
-0.15
-0.93
-0.73
0.31
-1.09
1.17
0.34
-1.3
-0.6
1.48
1.04
1.4
-1.13
0.07
-0.45
1.07
-1.39
-1.08
0
-0.6
-0.13
0.56
0.65
1.14
-0.46
0.84
1.53
1.58
-1.13
0.23
-0.21
1.48
1.09
-0.45
-0.03
-0.37
-0.63
0.65
1.4
0.7
0.57
-1.22
0.07
0.16
0.16
0.62
-0.63
-1.53
-0.48
-0.9
0.94
-1.44
-1.82
-0.12
-0.77
-1.06
-0.4
-1.16
-0.44
-0.7
-0.03
-0.7
1.49
-0.09
-1.22
0.28
0.33
-0.54
-0.18
0.28
1.38
0.82
0.86
0
0.7
-1.58
0.35
0.8
-1.26
-0.87
-0.44
-0.83
-0.56
-0.33
0.33
-0.17
-1.4
-0.28
0.63
-0.82
-0.15
0.81
-0.24
0.33
-1.07
-0.07
0.19
0.19
1.23
-1.26
0.78
-1.22
0.4
-1.01
1.48
-0.68
1.7
1.29
0.83
0.28
0.43
1.53
1.68
-0.11
0.39
1.24
0.72
0.72
-1.9
0.62
1.23
0.45
0.3
-0.47
-0.6
-1.05
-0.23
-0.18
-1.07
-1.39
-0.63
-0.78
1.27
0.79
-0.85
-0.09
-0.44
0.91
-0.01
-0.11
-0.69
0.66
0.04
0.79
-0.9
0.7
-0.25
-0.97
0.32
-1.1
0.16
-0.02
0.19
1.13
1.32
0.23
-0.18
-1.97
0.39
-0.32
-0.59
-0.14
-0.3
0.63
0.51
-0.77
-0.57
-1.29
2.14
0.51
0.9
1.31
0.92
-1.42
-1.15
0.45
-0.09
-1.24
1.19
0.65
0.33
-1
0.74
-0.4
-0.75
-0.87
-0.88
-1.19
0.13
-1.07
1.35
-1.04
1.27
0.3
0.39
-0.7
-0.14
-1
-1.11
0.25
0.85
1.21
-0.38
-1.03
-0.15
1
-0.26
0.15
-0.2
-0.35
-0.73
0.49
0.06
-0.62
-0.35
-1.33
0.28
0.38
0.52
0.42
1.57
-0.33
-2.12
-1.48
-1.65
0.07
-0.28
0.55
0.78
0.66
1.14
-1.24
0.68
0.56
-1.11
0.01
-0.17
-0.28
-0.98
0.84
-0.85
-0.82
-0.34
-0.24
-0.52
-0.22
-0.53
-0.35
-1.11
0.69
-0.23
-1.08
0.05
0.82
0.95
0.06
-1.37
-0.65
0.47
0.57
0.81
-0.27
-0.46
0.46
-0.97
-0.38
-1.34
0.62
-0.94
0.42
1.24
0.32
-1.06
-0.42
-1.37
-0.78
-0.96
1.31
1.15
-0.51
-0.68
-1.02
-0.8
-0.15
-1.49
-0.89
-0.18
0.36
-0.74
-0.46
-0.09
0.93
-1.36
-1.05
-0.56
-0.53
0.79
-0.44
0.76
0.29
0.39
-0.41
0.69
-0.69
-1.14
-0.19
1.17
0.96
0.55
1.38
-0.15
-0.21
0.76
0.87
1.32
0
-0.57
0.88
1.06
-0.82
-1.55
-0.97
-0.79
1.11
0.6
0.25
-0.19
-0.48
-0.69
-0.63
1.19
-0.02
0.4
0.75
-0.33
0.69
-1.09
0.47
-0.42
0
0.7
0.98
-0.85
-0.95
-0.3
-0.02
-1.36
-0.34
0.49
-0.05
-0.99
0.38
-0.69
-1.06
0.8
-0.59
0.88
0.3
0.02
0.92
0.73
0.21
-1.02
1.06
0.89
-0.86
-0.79
0.57
-1.06
-1.16
-1
-0.48
-0.55
1.01
-1.68
-1.42
0.44
-0.78
1.18
-0.02
0.34
-0.1
-1.1
-0.5
-0.57
0.58
-1
-0.81
-0.55
-0.61
-1.65
-1.11
0.97
0.66
0.78
-1.1
-0.8
-0.63
-0.35
-0.57
-0.54
-0.7
1.18
0.62
1.93
0.81
0.59
0.76
-1.23
-1.4
0.01
0.65
-1.47
-0.28
-0.23
0.59
0.22
1.17
1.86
0.68
0.69
-0.44
0.34
1.7
1.24
0.5
-0.2
-1.43
-0.03
0.62
0.64
0.9
-0.13
-0.67
-1.26
-0.69
0.19
1.4
0.59
0.28
-0.37
0.73
-1.37
0.62
-0.43
0.95
-1.36
0.8
0.33
1.25
-1.58
-0.74
-1.02
-0.76
0.49
-0.02
-0.44
0.47
0.41
-0.59
-0.05
0.04
-0.39
0
0.36
0
-0.77
-0.15
-1.26
-0.73
0.48
0.03
-0.96
-0.2
-0.62
-0.44
-0.18
0.03
-0.27
-0.78
0.38
-0.1
-1.1
0.16
-0.72
-0.32
-0.51
-0.85
0.22
-1.16
-1.09
0.79
-0.69
-0.2
-1.02
0.21
-1.07
0.12
0.63
-0.2
-1.01
0.88
0.59
-0.03
-1.39
-0.96
0.15
0.83
-0.68
-0.85
-0.75
-0.07
-0.17
-1.01
-0.57
-1.24
-0.63
-0.15
0.98
1.03
-0.71
0.11
0.96
0.49
1.28
-0.65
-0.28
-0.31
-1.1
-0.24
0.99
-0.02
0.3
-1.01
0.59
-0.7
-1.08
-1.44
1.24
-0.67
-1.8
0.31
-1.11
1.23
-0.96
0.73
0.62
-0.66
0.63
0.33
-0.94
1.03
0.31
-0.34
-1.16
1.03
0.18
0.16
-0.82
0.07
1.18
0.79
1.15
-0.58
-0.39
-0.07
0.17
-0.44
-0.56
-0.95
0.04
-1.28
0.34
0.47
-0.41
-0.7
0.09
-0.07
-1.24
0.77
-0.34
1.02
-1.7
-0.46
0.58
-0.7
0.67
-0.73
0.73
-1.04
-0.12
-0.77
-0.23
0.78
0.44
-0.67
0.58
0.52
-1.11
0.45
-1.06
0.28
-0.32
0.77
0.1
-0.16
-0.98
-0.31
-0.25
-0.72
0.47
-0.74
0.24
0.42
-0.32
0.54
0.01
0.16
-0.51
0.09
-0.65
0.11
-0.35
-0.13
-0.2
-0.4
-0.33
-0.39
0.36
-0.05
0.45
-0.66
-0.61
0.36
-0.06
-0.77
0.37
0.63
-1.24
-0.01
0.09
-0.86
0
-0.12
0.09
-1.05
0.11
0.22
-0.46
0.26
-1.37
0.93
-0.25
-0.33
0.12
-0.67
0.2
0.18
-0.16
-0.69
-0.35
0.37
-0.21
-0.09
-1.57
-0.54
-1.2
-0.49
0.67
-0.72
-0.55
-0.37
-1.41
-1.92
-0.11
0.44
-0.55
0.69
0.15
-0.14
0.51
0.6
-0.4
0.45
-0.6
0.85
-0.44
-0.06
-0.89
0.35
-1.2
-0.95
-1.73
-0.84
-0.06
-0.73
1.41
0.9
0.95
-0.13
1.04
-0.28
1.66
-1.17
-0.43
-0.92
-0.07
0.6
-1.23
-0.89
-1.59
-0.37
-0.4
-0.41
-0.18
-0.91
0.24
-0.69
1.72
1.27
-1.06
-1.49
-0.4
0.2
0.35
0.74
0.66
-0.53
-0.37
-0.55
0.42
-0.18
-0.25
-1.06
-0.33
-0.15
-0.58
0.56
0.26
-1.02
-0.86
1.14
-0.44
-0.62
1.44
-0.22
-0.4
0.1
-0.04
0.67
-0.17
-0.16
-1.11
-0.05
-1.22
-1.26
0.13
-0.21
-1.06
0.91
1.16
0.14
0.69
-0.54
-1.01
-0.73
-0.51
0.23
-0.16
-0.58
-0.33
1.11
-0.73
-1.52
0.45
-1.25
-1.15
0.8
0.77
-0.35
-0.69
-1.24
1.22
-1.75
1.29
0.44
-0.42
-0.99
0.74
0.76
1.18
0.49
-1.77
0.01
0.93
0.08
-1.2
-0.01
-1.24
-1.51
-0.3
0.53
-0.75
0.17
1.11
1.38
0.5
-0.53
-0.53
0.77
-0.87
0.54
-0.29
0.85
-0.94
-0.58
-0.98
0.83
0.64
0.63
0
0.18
-0.9
0.22
0.19
-0.95
0.18
-0.86
-0.67
1.18
0.4
0.92
0
0.71
-0.4
-1.22
-0.29
-1.15
-1.37
0.37
1.06
0.09
-0.12
-0.57
-1.09
-0.82
-1.12
-0.06
-0.2
0.22
1.09
0.08
-0.7
-0.65
-0.23
0.76
1.22
-1.71
0.12
-0.02
1.18
0.44
-0.05
-1.21
-0.05
0.09
-0.27
-0.17
-1.13
1.15
-0.58
-0.22
0.25
-1.03
0.04
-0.04
-1.27
-1.51
0.31
0.78
-0.95
0.41
-1.6
-0.84
-0.93
-0.3
-0.14
0.57
0.66
-0.89
0.92
-0.63
-1.14
-0.36
0.33
0.29
-0.89
-1.11
0.31
-0.68
-0.31
-0.95
-1.27
0.24
0.54
1.62
0.8
0.69
-0.94
1.07
0.65
-0.29
0.62
0.48
1.12
0.66
-0.75
-0.81
-0.18
1.62
0.21
-1.75
-0.67
-0.16
-1.37
1.28
0.52
1.48
-0.11
0.47
-0.3
0.54
-0.66
0.23
0.66
-0.07
-1.47
-0.01
-0.58
-1
0.2
-0.69
-0.46
0.73
0.92
0.81
-0.58
0.29
-0.98
0.65
-0.9
-0.31
0.99
-1.54
-0.77
-0.34
-0.58
0.25
-1.05
-1.15
-0.41
-1.32
0.02
0.44
-1.1
0.92
0.4
1.5
-0.59
-0.02
-1.38
0.13
-0.47
-0.09
-1.08
0.43
-0.77
0.36
0.18
-1.32
-0.66
-0.81
1
0.74
-0.07
0.27
1.14
0.65
0.99
-0.83
1.63
1.34
1.09
1.02
-0.74
1.01
0.71
2.51
1.23
-1.44
1.52
0.47
1.27
0.77
1.19
1.52
0.61
0.57
0.82
0.14
0.7
-0.2
0.78
-0.49
-0.02
-0.81
-1.01
-1.34
-0.36
0.96
-0.71
-1.02
-0.07
-1.46
0.01
0.04
-1.1
-1.98
-1.78
-1.99
-1.07
-1.55
-1.15
-2.17
-1.6
-1.04
-1.09
-1.45
-0.18
-0.54
-0.68
-1.06
-1.4
-1.59
0.78
-1.46
0.12
0.28
-0.53
1.38
0.02
-0.61
-1.33
-0.02
-1.29
1.01
0.01
0.02
-0.3
-0.31
-0.78
-0.57
0.44
-0.82
0.51
0.22
-0.37
-1.1
0.1
0.88
-0.56
0.7
-1.22
-0.8
-0.12
0.36
0.21
-1.14
-1.08
0
0.21
0.68
0.38
0.09
0.36
0.29
1.24
-1.23
0.03
-0.17
-0.42
0.64
-0.42
1.54
1.21
1.28
0.87
0.93
0.27
0.63
0.24
0.36
0.58
0.39
-0.51
0.08
-1.18
-0.16
-1.55
0.39
-1.05
-0.66
-0.18
-1.47
-0.45
-1.51
0.37
0.6
0.32
-1.57
-0.06
0.01
0.63
-0.8
-0.24
1.23
0.34
-0.3
1.13
0.39
1.18
-0.25
-0.43
0.26
0.35
-0.57
0.96
-1.18
-0.94
-0.51
-1.36
-0.74
-1.85
-1.25
-0.93
-1.64
-1.27
-1.45
-1.81
-1.55
-1.33
-0.56
-1.13
-0.73
-0.34
-1.02
-1.13
-0.84
-0.29
0.54
-1.33
1.24
-1.13
1.14
1.23
0.25
-0.82
-0.06
1.37
1.7
0.17
-0.16
-0.36
-0.83
-1.16
-0.51
-0.69
-0.56
-0.17
-0.78
-1.22
-0.95
0.38
-1.29
-0.49
0.01
0.92
-0.52
1.17
-0.89
0.58
1.18
0.51
-1.32
0.22
1.64
-0.84
0.01
-0.49
-1.15
1.15
0.9
0.55
0.63
-0.37
1.11
1.14
1.24
-1.12
0.97
0.01
0.81
0.94
1.61
1.27
0.91
1.19
1.24
1.45
1.04
1.04
0.97
1.64
0.83
-2.26
-1.05
-0.62
-2.1
-0.37
-0.73
-1.2
-1.34
-1.21
-1.21
-1.37
-0.46
-0.26
-0.48
-0.48
-0.3
0.06
-0.86
-1.39
-0.34
-1.25
0.46
-1.62
-1.36
-1.36
-1.8
-1.51
-0.57
-0.58
-2.25
-0.89
-1.7
-1.63
-1.16
-1.53
-1.02
-0.51
-0.99
0.05
0.04
0.91
-0.4
-0.33
-1.1
-1.13
-0.23
1.25
0.73
0.25
0.55
0.69
0.47
0.6
-0.03
-0.13
0.64
-0.89
0.72
0.28
0.65
-0.47
0.12
-0.32
0.2
-0.61
-0.1
-1.06
-0.05
-1.34
0.88
-0.1
-0.28
0.47
-0.18
0.27
0.25
-0.06
0.52
0.37
-0.39
0.47
1.01
2.01
-0.3
0.81
1.4
1.07
1.67
0.37
0.46
0.37
0.59
0.73
-1.6
-0.81
0.16
-0.58
0.77
1.36
-0.82
1.02
-1.19
-1.26
-0.77
1.11
-1.28
0.7
1.07
-0.53
1.25
-0.61
0.74
-0.32
-0.2
0.58
0.82
-0.35
-1.2
-0.71
-0.45
0.81
1.14
-1.14
-0.95
-1.06
-1.11
1.49
-0.23
1.16
0.02
-0.28
0.31
-0.39
-1.03
1.56
0.63
-0.1
0.03
1.52
-0.29
0.79
0.05
0.38
1.53
0.55
-0.47
0.62
-0.21
1.35
0.8
-0.07
0.34
0.79
-0.23
1.34
-0.12
-0.78
-0.87
1.74
-1.36
0.84
1.05
0.88
0.68
0.62
0.72
1.4
0.33
-0.63
-1.09
1.15
-0.7
1.41
-0.53
0.59
0.26
-0.01
-1.05
0.66
-0.1
-0.52
0.21
-0.2
0
-0.94
-0.69
-1.19
-0.47
-0.62
-0.62
0.09
-0.29
0.91
0.71
-0.37
-1.1
-0.55
-0.71
-0.42
-2.01
0.35
-0.31
-0.27
0.41
0.5
-0.82
-0.29
-1.34
-0.77
-1.16
0.4
-0.18
-0.17
-0.17
0
-0.63
-0.03
-1.62
0.51
1.4
-0.03
-0.67
-0.84
-0.86
-0.34
0.67
-0.44
-0.44
0.19
-0.28
-0.65
-1.07
0.33
1.19
-0.8
-0.15
1.24
-1.09
-1.07
0.91
-0.74
0.32
0.08
-0.71
0.67
1.12
0.28
-0.88
0.08
0.39
-1.15
-0.44
-1.21
-0.91
-0.26
0.6
-1.58
-0.18
-1.09
-0.64
-0.64
-1.2
-0.05
-0.48
0.72
1.16
-0.68
-0.81
0.14
0.54
1.1
-0.86
-0.5
1.08
0.33
0.02
-0.28
-0.92
0.8
0.32
-1.32
0.78
-1.07
0.63
-0.18
-0.85
1.85
-1.52
-0.12
-0.97
-0.11
0.67
-0.58
-0.75
0.36
0.52
-0.8
-0.33
0.45
1.09
0.87
-1.96
0.74
-0.07
0.61
-1.43
0.93
-0.95
0.68
-0.16
0.07
-0.11
-0.02
1.38
1.54
-0.1
0.31
0.1
-0.63
-0.55
1.24
-0.09
-0.09
-1.6
0.99
-0.56
0.62
1.18
0.09
-1.38
0.75
0.8
-1.02
0.81
-0.62
-0.89
-0.28
-0.03
0.11
-1.87
1.33
0.69
0.44
0.07
1.05
1.15
-0.3
-1.22
0.37
1.23
0.51
0.08
-1.23
-1.72
0.76
-0.64
1.43
0.78
1.08
1.01
0.56
1.01
0.14
-0.05
1.47
-0.14
-0.44
0.68
0.52
-0.46
0.7
-0.95
1.13
0.72
-0.21
-0.21
0.6
-0.73
0.02
0.95
1.77
-0.31
0.91
-0.5
1.54
1.19
-1.26
-0.03
1.08
-1.3
1.44
-0.66
0.15
-1.17
0.82
1.41
1.28
-0.85
0.84
0.2
0.69
-0.91
0.15
-0.94
0.01
-0.47
0.98
-0.63
1.35
-1.1
1.73
-0.94
0.24
-0.14
0.54
0.28
-1.2
0.57
0.01
1.23
0.8
-1.52
0.31
-0.54
0.98
0.37
0.07
0.43
1.19
0.25
1.08
0.22
0.31
-0.4
-1.87
-0.13
1.01
0.8
-0.11
-0.97
1.1
0.1
0.84
0.7
0.74
0.74
0.93
0.73
1.36
1.3
-0.01
0.55
-0.69
0.69
-0.91
-0.63
-0.92
-0.12
1.37
-0.37
-0.88
0.12
-0.09
-0.52
1.49
-0.1
0.54
0.56
0.32
-1.07
1.04
-0.36
0.98
-0.08
0.11
-0.06
0.03
-0.29
-0.29
-0.33
-0.17
-1.13
-0.36
0.01
0.04
-0.71
-0.51
-1.07
0.24
1.09
0.38
-1.07
-0.7
0.79
-0.31
1.54
-0.38
-0.46
-0.73
-0.53
-0.14
-0.06
-0.41
1.09
1.67
0.07
0.06
-0.94
0.46
-0.53
0.28
-0.17
0.72
1.18
0.11
-0.03
1.52
0.5
0.25
1.19
0.27
0.91
-0.6
1.12
0.35
0.83
1.39
-0.67
0.12
-0.62
1.05
-0.68
0.28
1.38
0.82
-1.23
0.2
-1.28
0.4
-0.75
0.95
-0.22
0.69
-0.53
-1.55
-0.43
-0.58
-0.88
0.65
-0.43
-0.21
-0.62
-1.02
0.41
-0.67
1.24
0.23
0.06
0.51
0.15
0.74
0.48
1
1.12
0.13
-0.16
-0.81
-0.67
-0.06
1.02
0.53
1.21
-1.17
0.49
-0.53
-0.51
-0.91
-0.55
0.1
1.21
-0.46
0.79
0.43
0.08
0.99
0.42
-0.62
-1.86
0.73
-0.09
-0.66
-1.22
0.38
-0.97
0.91
0.71
1.67
-1.05
-0.33
-0.7
-0.47
0.32
0.83
-0.21
-1.02
-1.18
1.23
-1.36
0.47
-1.21
0.55
-0.12
0.15
-1.32
0.72
-1.37
0.1
-1.23
-1.58
-0.11
-0.37
-1.43
0.82
-0.94
-1.06
0.71
0.68
0.15
0.31
0.61
-0.77
-0.02
-0.23
0.24
-1.02
0.42
0.82
-0.61
1.27
-1.21
-1.14
-0.95
1.71
-0.98
0.31
-0.9
0.45
-0.68
-1.01
-0.89
-0.07
-0.18
-0.53
-1.15
-0.81
-1.29
-1.17
-1.05
0.36
0.94
-0.64
-0.64
0.11
-0.62
0.63
0.34
0.76
-0.07
-0.38
0.49
-0.21
0.51
0.37
-1.13
-0.39
1.03
-0.04
-0.25
-0.45
0.9
-0.57
-1.45
0.95
-0.88
1.16
-0.89
0.07
-1.58
0.02
0.93
-0.39
-0.63
0.24
-1.04
-0.48
1.6
-0.73
-1.55
1.09
0.87
-0.43
-0.73
-1.11
-0.9
1.01
-1.28
0.91
1.04
0.84
-0.91
0.97
0.06
-0.86
0.62
-0.67
-0.05
-0.34
0.28
-0.94
0.05
0.14
-1.47
-0.25
-1.51
-0.44
1.42
1.23
-0.94
0.22
-0.09
-2.12
0.61
-0.99
1.18
-1.13
0.16
-1.27
0.78
-0.84
-0.75
-0.01
-0.4
1.79
-0.13
1.44
-1.71
0.08
-0.44
-0.23
-1.19
-1.4
-0.12
0.65
0.15
0.39
1.43
-0.8
0.68
1.83
-0.95
0.1
-2.14
0.89
-0.12
-0.49
-0.52
1.58
0.64
0.25
0.1
-1.43
-0.46
1.05
1.03
-0.89
0.89
0.69
0.84
-0.09
-0.36
0.3
-0.17
0.95
0.15
0.5
0.55
0.69
0.82
-0.02
0.55
-0.69
-0.96
0.71
-0.51
-0.71
-0.26
1.1
-0.12
1.21
-0.43
0.46
0.29
0.65
0.01
0.35
-1.25
0.41
-0.85
0.59
-0.68
-0.56
0.75
-0.69
0.45
1.37
1.35
0.56
0.29
0.58
-0.04
0.27
0.07
-0.94
-0.48
-0.17
0.67
0.02
0.21
1.48
-1.46
-0.66
0.39
1.14
-0.42
-1.45
0
0.38
0.12
-0.32
-0.39
-0.04
-1.65
-0.46
0.06
-0.3
-1.1
-0.12
0.76
-1.49
1.07
-0.41
-1.22
0.73
0.13
-0.54
-0.72
-1.75
-0.4
-0.92
-1.09
-0.05
0.38
0.28
-1.14
1.14
-0.38
0.02
-0.89
-0.22
1.18
-0.69
-0.13
1.09
-0.19
0.08
-1.48
-0.32
-1.02
0.51
-1.81
-0.5
-1.17
-0.02
-1.65
1.12
-0.37
1.72
-1.37
-0.34
-1.41
-1.01
-0.93
-0.76
-0.1
0.59
-0.55
0.13
-0.34
0.65
0.68
0.18
0.71
0.44
1.38
1.74
1.41
1.3
0.92
-0.66
0.87
-0.39
-0.55
0.45
-0.4
0.62
1.06
0.44
0.36
0.4
1.32
1.31
0.84
-0.52
0.63
0.34
-0.54
0.33
0.25
0.44
-0.1
-0.02
-0.27
-0.66
-0.65
1.12
-0.34
-0.27
-0.18
1.07
-0.62
-0.48
0.22
-0.64
1.1
0.61
-1.51
0.04
-0.61
1.14
-0.15
1.06
-0.15
0.89
-0.13
-0.56
-0.62
-0.53
1.01
-0.21
-0.23
1
-0.88
-0.45
1.51
0.88
-0.84
0.56
-0.57
-0.1
-0.59
-0.87
0.13
-0.82
-0.28
-0.59
-0.3
0.36
-0.2
0.89
-1.21
-0.93
0.8
-0.72
1.06
-0.59
-0.88
1.06
-0.24
-0.89
-1.21
1.3
1.59
0.87
-1.91
0.21
-0.65
0.08
-0.36
-0.63
0.12
0.73
-0.34
-0.37
0.36
0.91
-1.2
-0.57
-0.95
0.83
0.66
0.36
-0.07
0.9
0.15
-1.01
-0.81
0.8
0.26
1.02
0.33
-0.72
1.33
-0.69
-0.49
0.73
1.19
1.47
0.3
0.67
0.68
-1.61
-1.05
0.43
0
0.95
-1.12
1.34
1.11
-0.68
1.28
-0.9
-0.77
-1.2
-1.37
0.67
0.49
0.95
-0.48
0.18
-0.13
0.87
-1.49
1.46
-0.91
1.26
-0.78
1.3
-0.76
0.41
0.42
-1.35
0.21
-0.2
-0.02
-1.02
-1.59
0.8
-0.97
1.05
-0.44
-1.55
-0.52
-0.62
-0.3
-0.18
0.04
1.44
0.32
-0.94
-1.58
0.07
-1.68
0.17
-1.25
-0.58
0.64
-0.27
-1.05
-0.74
-0.79
0.75
1.05
0.24
0.83
0.05
0.22
-0.6
-0.38
-0.62
-0.86
0.29
-0.05
-0.47
-0.19
0.84
0.01
1.23
1.47
0.09
0.08
0.25
-0.91
0.41
0.03
-0.07
-0.67
-0.53
0.12
-0.44
-0.74
0.54
-0.64
-0.67
-0.85
-0.72
0.11
0.68
-0.14
0.3
-1.06
0.57
0.28
0.78
-0.55
-1.37
-0.42
0.15
-0.36
-1.63
-0.87
0.35
-0.13
0.23
-0.38
-0.81
-0.87
0.1
0.46
1.08
-1.18
-0.53
-0.72
-0.46
0.17
-0.71
-0.33
-0.57
1.2
1.03
0.4
-0.85
0.86
-0.91
0.32
-0.53
-0.48
0.72
-0.78
1.58
0.92
1.31
-0.52
0.12
-0.56
0.78
0.23
0.36
-1.12
0.12
0.52
-0.52
0.46
0.5
0.92
1.26
0.55
0.62
-0.77
-0.87
-0.48
1.01
-0.88
-0.55
-1.3
1.15
1.25
0.01
0.09
0.11
0.77
0.67
1.34
0.87
1.35
0.16
0.11
1.26
0.34
-0.53
0.23
-0.15
-1.09
0.87
0.27
0.03
-0.28
-0.95
1.57
0.2
1.9
0.38
0.24
0.89
0.94
-0.07
0.47
0.63
0.68
0.75
1.51
0.78
2.22
-1.28
-0.09
0.39
-0.01
0.03
1.49
-1.3
1.48
-0.44
-0.01
-1.28
0.07
-0.57
1.27
-1.09
0.57
0.55
0.96
0.56
1.31
-1.79
1.08
0.14
-0.24
1.25
0.27
-0.71
2.07
-0.98
1.75
-1.71
1.5
-0.57
-0.31
-1.33
-0.09
-0.38
0.46
-0.56
-0.3
-0.15
-1.14
1.67
0.13
-0.47
0.05
0.64
-0.16
0.46
-0.65
-1.2
0.81
0.44
-0.48
1.28
-2.14
-0.97
0.21
-1.09
1.35
-0.73
-0.38
0.9
-0.07
0.21
0.26
-0.72
-1.74
-0.78
0.08
-1.1
1.04
1.35
0.85
-0.16
0.08
-0.08
-1.25
-0.55
-1.3
1.09
-0.3
0.38
-0.91
1.16
0.65
1.12
-0.81
0.57
-1.03
-0.54
-1.37
0.17
0.62
-1.15
0.06
0.01
-1.35
0.77
0.98
-0.64
-0.62
0.54
-1.15
0.69
-1.1
-0.69
-0.63
1.19
-0.22
1.45
0.3
0.44
-0.65
-0.44
-0.48
0.81
-0.44
-0.21
-1.15
0.57
1.19
0.13
-0.81
-1.17
-0.14
-0.84
-0.43
0.92
-0.4
-1.52
0.17
-0.48
-0.52
1.2
-0.53
0.61
-0.74
-0.91
1.25
1.27
-2.39
1.63
-1.39
-0.91
0.65
0.36
-0.82
-1.43
-0.49
-0.12
-0.04
-0.13
-0.8
-1.35
-0.42
-0.47
-1.27
-0.48
-0.52
0.28
0.17
0.76
-0.73
-1.1
0.95
1.15
0.12
1.1
0.48
1.2
-0.46
0.14
-1.15
1.68
-0.48
-1.67
-0.79
-1.15
0.29
-0.96
-0.28
-0.55
1.05
-0.97
-0.4
0.9
-0.98
-1.28
-1.08
0.93
0.88
0.02
-1.01
0.85
-0.09
2.06
1.2
-0.33
1.31
1.61
0.71
-0.45
0.99
-0.75
-1.37
0.91
-1.98
-1.43
0.44
1.51
-0.74
-1.15
-0.93
0.4
0.28
-0.08
-1.33
0.58
-1.01
0.06
-0.77
0.47
-0.76
1.12
-0.43
1.1
-0.6
0.97
0.27
0.44
-0.99
1.38
-1.35
-0.58
0.02
-0.29
-0.3
0.31
-1.51
-1.01
-0.74
0.78
1.01
1.03
1.57
0.93
0.7
-1.54
-0.1
0.43
-0.42
-1.55
-0.35
1.57
-0.71
1.24
-1.17
1.21
0.84
1.32
-0.25
1.08
0.33
1.55
0.41
1.46
-0.13
1.59
-0.15
1.41
0.79
0.29
0.44
-1.02
0.23
-0.56
0.11
0.53
0.68
-0.18
0.75
-1.33
0.78
0.32
0.63
-0.7
0.37
1.06
0.62
1.08
0.76
0.92
0.12
0.85
1.2
-0.77
1.63
0.22
0.45
-0.11
-0.05
-1.27
-0.64
0.9
0.59
0.05
1.23
-0.71
-0.18
-0.94
0.49
0.13
1.35
0.67
1.02
-0.2
-1.39
-0.15
0.19
-0.5
-0.63
0.92
1.08
-0.06
-0.77
-0.74
-0.46
-1.26
-0.28
1.34
-0.6
-0.87
-1.24
-1.46
-1.09
1.01
-1.27
-1.15
-1.99
0.43
-0.24
1.08
-0.32
-0.08
-0.96
-0.87
-0.37
-0.1
-0.64
1.37
-0.84
0.62
-1.2
1.14
0.58
0.3
0.01
-0.11
-0.06
1.2
0.42
0.13
0.85
-0.16
1.66
-0.79
-0.47
0.84
-0.18
-0.1
-1.46
0.69
0.11
1.29
-0.63
0.02
0.17
0.15
-0.26
-0.08
0.07
-0.62
-1.12
1.11
-1.09
-0.83
-0.26
-0.63
0.07
-0.8
0.09
0.54
-0.12
0.84
-0.26
-0.15
-0.8
0.29
-2.07
-0.43
-0.7
1.03
-1.4
-0.23
-0.45
1.05
0.29
0.31
-0.71
-0.1
-0.76
-0.53
-0.24
0.23
0.87
-0.69
0.11
0.6
-1.37
0.57
-0.11
0.84
0.91
-0.17
0.8
0.16
-0.47
1.83
0.23
0.54
0.61
-0.24
-1.54
-0.07
-0.51
-0.87
-0.14
-1.67
-0.03
1.2
-0.67
0.23
0.44
-1.15
0.18
0.42
-1.39
-0.22
-0.46
-0.4
0.47
0.04
-0.52
0.78
-1.17
-0.22
-0.45
-0.19
-0.7
0.24
1.1
0.16
-0.33
1.14
0.6
1.46
-1.43
1.09
-1.47
1.62
-1.67
1.02
-1.97
0.85
-1.52
1.23
-1.04
1.37
-1.72
0.85
-0.81
0.7
-1.57
0.94
-1.81
0.87
-1.11
1.7
-1.22
1.46
-1.07
1.72
0.19
-0.22
0.36
0.1
-0.8
-0.8
-0.97
-1.55
0.46
0.64
-1.54
-0.52
-0.16
0.38
-0.61
0.14
-0.76
1.46
0.99
-0.47
-1.18
-0.69
-0.92
0.33
-0.63
0.95
0.39
0.06
-1.99
0.28
1.1
0.1
-0.77
0.08
0.33
0.84
-0.01
1.16
-0.3
-0.44
1.13
1.03
-1.15
0.37
0.62
0.18
1.21
-0.32
-0.29
-0.76
0.19
-0.47
0.2
-0.81
0.29
-0.15
-1.22
0.85
0.17
0.5
-0.13
-0.22
0.04
0.42
-0.22
0.72
0.09
0.45
-1.17
0.28
0.31
0.84
-0.79
0.83
-0.31
0.89
-1.28
0.05
-1.19
0.03
-0.21
0.91
-0.57
-0.25
0.87
0.27
-1.21
1.13
0.1
1.41
0.04
0.82
-0.82
0.41
0.18
1
1.33
1.35
0.87
0.89
-0.95
0.76
-0.49
1.61
0.52
1.29
-0.92
0.57
-0.72
0.88
-1.16
1.04
1.32
1.88
0.64
0.89
0.8
-0.19
0.36
-0.4
1.43
0.82
0.7
0.72
0.32
0.99
0.47
1.3
-1.05
0.87
-0.17
0.88
-0.98
-0.12
-1.05
0.92
1.86
1.21
-0.98
0.59
-0.09
-1.66
-1.26
-1.07
-1.58
-0.5
-1.17
-0.92
-0.44
-0.53
-0.29
1.38
-0.32
-0.1
-1.02
1
1.11
0.58
1.12
0.3
-1.2
1.06
-0.01
0.94
0.48
-0.23
0.79
-0.6
-0.39
1.34
0.33
-0.65
0.95
-0.92
1.05
-0.01
0.73
-1.3
-1.6
-1.41
-0.37
-0.06
-1.18
0.65
-1.15
0.29
-1.07
0.56
0.34
-0.42
-0.24
1.49
0.22
-0.27
-0.46
1.46
-1.02
-1.29
0.61
1.53
-0.27
1.7
-0.07
0.21
-0.87
-0.49
-1.63
-0.44
-0.66
0.46
0.77
-1.39
-0.5
-1.07
-1.31
0.01
0.65
0.81
0.6
0.74
-1.15
0.87
-0.77
0.54
-0.77
0.68
-0.32
-1.04
-0.72
-0.16
0.08
0.35
-0.16
1.37
-0.47
-0.8
-1.06
1.44
-0.46
1.39
0.19
0.31
-0.42
-0.53
-0.51
1
-0.05
-0.71
-0.35
0.62
-1
0.89
1.16
0.67
-1.37
0.81
-0.48
-0.22
0.94
0.16
1.74
0.21
-0.42
-0.48
0.95
-0.37
-0.24
-1.47
1.57
0.29
0.25
-0.28
1.09
-0.34
-0.3
2.19
0.73
0.16
0.06
-1.23
0.43
0.35
-0.58
0.83
1.26
0.98
1.29
0.93
0.4
1.15
0.45
-1.7
-0.11
-0.23
-0.8
0.03
-1.13
-0.46
0.12
0.81
0.98
1.05
-0.16
0.33
0.26
0.79
-0.6
1.58
0.64
-0.66
0.08
-1.1
-1.94
-1.37
0.06
-0.37
-1.13
1.23
-1.67
-0.89
-0.08
-1.34
-0.04
-0.34
1.03
-1.1
0.85
-0.43
-0.54
-0.53
1.7
-0.58
-0.68
1.02
2.27
1.32
0.61
0.24
0.65
-0.11
0.58
0.69
1.12
0.67
0.09
0.15
0.93
-1.07
0.65
-0.53
0.26
0.58
0.73
-0.66
1.09
0.62
0.77
0.91
-0.6
-0.69
-0.75
0.19
0.95
0.78
-0.71
-0.99
1.99
0.46
-0.1
1.1
-0.18
-1.16
-0.53
-0.36
-0.06
-1.08
-0.89
0.46
0.48
1.55
-0.64
0.48
-0.19
-0.51
-0.4
-0.13
-0.99
-0.93
-0.68
-1.42
0.26
0.43
0.22
0.1
-0.04
-1.11
-0.93
-0.95
0.58
-0.75
-0.65
-0.26
-0.42
0.23
0.33
-0.06
0.21
0.24
-1.17
0.12
-1.18
0.48
-0.75
0.83
-0.57
0.66
-0.56
-0.13
-0.58
0.56
-0.48
0.38
0.51
-1.03
-0.03
1.02
-0.57
1.66
-0.69
-0.74
-0.84
0.85
-1.16
1.04
-1.18
0.2
-1.63
1.27
-1.35
-0.92
0.05
1
-0.68
0.66
-1.06
0.11
-0.45
0.28
-0.04
-1.78
-1.36
0.1
-0.54
1.1
0.23
-0.99
-0.44
0.93
-0.34
0.19
-0.94
0.98
-1.5
0.06
-0.4
-1.39
-1.01
0.04
-0.04
-0.84
-0.54
-1.07
-0.25
-0.58
-0.25
-0.41
-1.11
0.37
-0.02
-0.75
-1.35
-0.58
-0.81
-0.06
-0.34
1.58
-0.26
1.62
0.74
0.06
-0.08
-1.38
-0.46
-0.13
-0.12
0.65
-0.23
0.23
0.02
1.56
0.03
0.56
-1.04
-0.61
-0.79
-1.45
0.5
-0.47
-0.62
0.74
0.57
-0.82
-0.53
-0.41
1.25
0.9
0.46
0.94
-0.02
-0.82
-1.32
0.54
0.82
0.16
-0.26
0.8
0.66
0.43
1.28
-0.72
-0.45
1.08
0.67
-1.05
-0.83
-0.18
0.98
-1.09
0.54
-1.14
1.91
0.37
0.78
-1.41
1.2
-0.25
0.75
-0.59
-0.9
-0.92
0.73
-0.73
-1.01
1.04
-0.13
-0.63
0.63
0.84
1.02
-1.24
0.31
-0.02
-0.18
1.05
-0.19
0.59
-1.48
-0.16
0.46
0.44
0.53
0.57
0.18
0.91
0.48
0.57
-0.92
1.39
1.25
0.91
-0.1
0.17
1.33
0.54
-0.59
0.72
-0.03
-1.46
0.06
0.41
0.02
-0.32
1.22
-0.08
-0.14
0.47
-1.01
0.09
-1.33
0.21
1.11
0.23
-1.1
0.32
1.3
0.04
0.72
-0.85
1.72
1.44
-0.39
1.08
-0.73
1.74
0.33
-0.81
1.29
-2.14
-1.03
-0.96
-1.8
-0.47
-1.03
0.35
-0.25
1.47
0.27
-0.36
-0.41
1.05
-0.97
0.86
-1
-0.5
0.63
0.09
1.01
1.32
0.28
0.6
1.07
0.19
0.45
-0.72
0.65
-0.98
-1.57
0.62
-1.53
0.6
-0.91
0.01
-1.39
-0.67
-1.43
-0.76
0.48
0.59
-1.85
-0.69
-1.28
-0.83
-1.33
-0.95
-1.29
0.6
-0.62
0.02
-1.24
-0.05
-1.03
-0.33
-0.65
0.46
-1
0.44
-1.43
0.22
-1.6
1.53
-1.04
1.14
-1.54
0.22
-0.98
-0.36
-1.46
0.62
-0.82
0.13
-0.95
-0.54
-0.34
0.8
-0.32
-0.68
-1.42
1.6
-0.84
0.88
-2.31
-1.39
-0.74
-1.5
-0.59
1.22
-1.97
-0.59
-0.53
0.44
-1.23
1.63
-0.82
1.64
-0.9
0.51
-1.72
1.06
-0.41
0.85
-1.43
-0.31
-1.36
0.23
-0.87
0.88
-2.02
0.72
0.5
1.52
-1.35
-0.11
-1.69
-0.39
-1.24
-0.44
-1.4
-0.67
0.02
0.84
-1.18
-1.25
-0.98
-1.48
-1.96
-1.35
-0.15
0.85
-0.95
-0.1
-1.43
1.47
-0.26
0.73
0.28
0.17
-0.31
-0.81
-0.42
0.44
0.54
-0.13
-1.49
1.53
-0.65
-1.43
0.78
1.34
0.09
0.28
-0.4
0.14
-0.1
0.25
-1.18
0.08
-1
-0.72
1.21
-0.68
-0.55
1.44
0.58
0.07
0.13
-0.93
1.38
-0.51
0.22
-0.96
0.29
-0.52
-0.52
-0.81
0.74
0.46
-1.45
0.28
-0.44
0.73
0.07
-0.49
0.27
-0.46
-1.06
1.98
0.64
-0.07
-0.85
-0.09
-0.06
1.32
-0.92
0.16
-0.74
-0.55
-1.17
0.45
-0.32
0.3
0.07
-1.63
-0.73
-0.35
-0.77
-0.36
-1
-1.15
0.57
0.97
-0.42
-0.48
-0.33
0.61
0.64
-0.23
-1.52
-0.33
-0.63
0.98
-2
1.28
-0.64
1.78
-0.33
1.11
0.11
-0.01
1
2.16
0.2
0.87
0.76
-0.49
-0.03
0.96
-0.92
1.24
-0.26
-1.41
-1.1
0.92
1.34
0.48
-0.01
-0.48
-0.91
1.32
-1.19
1.22
1.08
0.63
-0.21
0.76
-0.53
1.02
-0.34
-0.92
-0.95
-0.05
-0.07
-0.82
0.77
0.25
0.01
0.61
0.75
-0.7
1.28
-0.2
-0.53
-1.31
-1.53
0
0.74
0.77
0.39
1.14
-2.11
0.34
0.88
0.78
-0.5
0.68
1.32
0.28
-0.35
1.59
-0.75
-0.05
0.43
1.51
-0.35
-0.43
-0.98
-0.89
-0.55
-1.04
-1.17
-0.16
1.26
1.05
0.84
1.1
-0.38
1.23
-1.32
-0.83
0.06
1.01
-0.87
1
-1.61
0.78
-1.49
0.47
1.2
0.76
0.79
1.12
0.76
-0.35
-1.36
-0.13
0.11
1.16
-0.17
0.18
-1.16
0.14
-0.09
1.34
-1.37
-0.4
0.35
-0.5
-1.04
-0.59
-0.78
0.71
-0.84
0.13
0.3
0.82
-1.25
1.15
-1.25
-0.29
-0.99
-0.38
0.82
-0.78
0.06
1.53
0.68
-0.45
0.08
-0.39
-1.18
0.19
0.88
0.81
1.06
1.17
1.75
0.01
1.15
1.24
-1.32
0.23
0.43
1
0.51
0.74
-1.12
-0.3
1.38
-1.58
1.13
0.36
-0.97
0.62
0.51
1.35
1.28
-0.28
-0.69
-0.49
-0.77
0.34
1.22
0.32
1.2
0.83
-1.2
0.58
-0.15
0.77
-1.09
-0.07
-1.45
0.42
-0.5
-0.61
1.46
-1.33
-0.9
0.77
-0.61
-0.65
-1.04
0.38
-0.93
-1.16
0.08
1.21
0.76
0.17
-0.14
0.64
0.7
1.58
-2.03
-1.33
-0.93
0.95
-1.27
-1.5
0.43
-0.24
0.13
0.26
1.09
0.73
-0.51
-1.96
1.04
0.05
-0.84
-0.77
-1.42
-1.36
-1.23
0.19
-1.43
-1.24
-1.92
-0.39
-0.26
0.52
-0.65
-1.03
0.04
0.99
-1.91
0.65
-0.34
0.45
-0.92
0.87
1.25
0.46
-0.07
0.61
1.46
-1.4
0.94
0.81
-0.15
-1.03
1.11
-0.05
1.25
0.88
0.41
-0.17
0.38
-0.6
-1.32
0.11
-1.73
0.97
-0.91
-0.66
0.28
0.26
-0.03
-0.69
0.56
-1
-0.07
0.9
1.01
-0.07
-0.46
0.12
0.55
-0.93
-1.56
0.17
-0.79
1.29
0.16
0.68
-0.78
0.4
0.27
0.08
0.16
0.61
-1.27
0.14
1.1
0.35
-1.52
0.8
0.03
0.49
-0.26
-0.19
0.18
-0.26
0.5
-0.07
-0.8
0.54
1.17
0.65
-1.39
0.72
-0.81
0.83
1.29
1.3
1.29
-0.73
0.09
1.32
0.63
0.73
-0.33
0.5
-0.22
-0.39
-0.89
0.65
-0.37
0.19
1
0.38
-1.06
-0.25
-1.17
1.21
0.4
0.74
1.19
-1.09
0.85
0.52
0.08
-1.04
0.27
0.44
0.99
0.81
-1.04
0.49
1.37
0.26
-0.33
-1.03
0.19
0.46
-0.14
0.22
-1.49
1.06
1.32
-0.16
0.54
1.14
-1.12
1.55
0.72
-0.3
-1.2
-0.32
0.49
0.75
-0.13
-0.51
0.67
1.6
0.32
0.2
-0.45
0.71
-0.97
1.37
-0.64
1.06
-0.53
1.51
0.96
0.6
1.06
1.22
-1.21
0.47
-0.92
-1.19
0.87
1.25
-0.82
0.35
1.62
-1.49
0.07
0.23
-0.31
-0.59
0.42
0.1
-0.03
-0.33
0.14
-0.72
1.08
-0.08
-0.21
-1.43
-1.22
0.59
-1.3
0.32
-0.7
0.36
-0.97
1.17
0.02
0.12
0.18
1.26
-0.46
-0.3
1.76
0.93
0.11
1
-0.69
0.33
0.84
0.35
0.1
-1.51
1.04
1.16
-0.77
-0.48
-0.09
-0.06
0.95
1.04
-0.65
1.02
-1.64
0.38
-0.89
-0.09
-1.35
-0.02
0.73
-0.05
0.95
-0.41
1.46
1.44
0.08
0.04
-1.07
-0.23
0.29
-0.73
0.27
0.41
1.41
-1.09
-0.68
1.74
-1.1
1.57
-1.27
1.25
0.77
1.55
1.7
1.23
0.75
2.47
-1.07
1.11
-1.07
1.28
-0.32
0.46
-0.51
1.73
-1
1.3
0.5
1.75
-0.6
1.42
0.52
1.14
-0.22
0.9
0.22
1.01
0.29
0.84
1.73
0.85
1.25
1.1
-1.02
1.13
-0.52
1.02
-0.1
1.81
0.16
1.03
0.59
-1
-1.35
1.35
1.01
1.47
-0.16
1.51
0.48
1.62
-0.9
1.12
1.01
1.07
1.13
1.64
0.68
1.77
0.36
1.45
0.8
1.54
0.16
0.16
0.8
0.95
0.18
0.51
1.14
0.25
0.09
1.47
0.58
0.8
1.05
1.48
1.03
1.23
1.06
1.11
1.84
1.73
0.4
2.01
1.33
0.83
-0.23
1.11
0.93
1.36
1.24
2.12
-0.11
0.06
0.23
1.28
-0.89
1.51
-1.37
1.96
-0.11
0.39
1.41
0.76
0.94
0.94
1.74
1.17
0.89
1.36
0.51
0.83
1
1.32
0.63
1.66
-0.55
1.49
0.61
1.14
1.28
1.34
1.43
2.01
0.32
1.08
-0.19
1.48
-0.57
1.89
-0.03
0.44
0.41
0.45
0.97
-0.3
0.63
1.51
-0.49
1.26
-1.59
1.43
-0.37
1.66
1.45
1.35
-0.66
1.77
-0.32
0.87
-0.72
0.47
-0.19
0.78
0.79
-0.49
-1.46
-0.24
0.2
1.55
-1
1.06
-0.97
1.32
-0.36
0.08
-1.42
1.29
-0.68
1.12
0.14
1.52
0.23
2.53
-0.57
1.04
0.52
1.45
-0.6
0.99
-1.48
1.37
0.46
1.4
0.39
0.68
0.33
1.5
-0.71
1.18
-0.15
1.62
-0.67
0.46
-1.25
0.15
0.47
0.52
1.63
1.38
-1.27
0.2
0.27
0.92
-0.38
1.3
0.42
0.8
0.26
0.28
-1.11
1
-0.98
-0.64
0.55
0.64
-0.09
-0.13
0.48
0.54
-0.99
-0.5
-0.83
-0.49
-0.53
0.54
-1.41
-1.22
-1.01
0.31
-0.66
-0.19
-0.79
-0.08
0.66
-0.22
-1.09
0.69
-0.22
0.25
0.33
1.47
0.26
0.92
-0.83
-1.24
-0.3
0.72
0.06
-0.34
1.18
0.53
-0.91
-0.12
-1.09
-1.05
-0.5
-1.47
-1.15
1.41
-1.12
-0.55
1
-1.4
-0.97
-0.5
1.02
0.57
-0.82
0.37
0.69
1.2
-0.1
1.38
0.1
-0.01
0.17
0.3
-0.18
-0.2
-0.87
1.46
-0.12
1.45
-1.91
1.5
-0.34
1.16
-0.81
1.51
0.68
1.83
0.83
1.39
-1.38
1.1
-0.9
0.84
-0.92
1.18
0.1
1.09
0.6
-0.41
-1.01
0.38
-0.32
-0.21
-0.08
0.33
-0.43
0.56
-0.52
0.78
0.7
-0.42
0.49
-0.51
-0.05
0.94
-1.5
-0.27
1.29
-0.36
0.56
0.79
0.66
0.89
-1.02
0.31
0.61
1.14
0.01
0.86
0.64
1.23
0.23
1.17
0.19
-0.73
0.36
0
0.97
0.83
1.13
-0.25
0.14
-0.22
1.17
-1.29
1.81
1.1
0.77
0.66
0.88
0.39
0.3
-0.67
0.42
0.3
-0.61
0.56
-0.27
-1.17
-0.75
-0.27
-0.12
-0.29
-0.75
0.22
-0.52
-0.08
0.61
-0.41
-0.35
0.33
-0.25
0.49
0.15
0.22
-1.36
-0.28
-0.02
0.76
0.08
-0.02
0.82
-0.31
-0.9
0.15
0.36
0.42
-0.61
0.01
-0.08
-0.01
-0.94
1.22
-1.96
0.02
-0.9
0.82
0.39
0.11
-0.9
1.2
-1
-0.03
0.11
0.41
0.18
-0.12
0.28
1.67
0.7
0.7
-0.55
0.1
0.12
0
0.75
1.67
0.66
0.32
1.45
0.01
-0.46
0.95
0.13
-1.54
-0.62
-0.27
-0.02
0.66
1.03
-1.24
0.37
-1.46
1.33
-0.12
0.89
-0.81
0.52
0.44
0.05
-0.51
-0.5
0.64
0.99
-1.09
0.81
1.12
0.95
0.73
-0.84
-1.05
-0.2
-1.34
-0.58
-0.83
1.13
-1.14
1.4
1.17
0.84
-0.59
-1.16
-0.07
-1.1
-1.03
0.68
0.61
0.33
-0.73
0.19
-0.54
-0.94
1.43
-1.67
1.91
-0.69
-0.59
-0.3
0.42
0.15
-0.62
1.29
-0.22
0.42
-0.1
-0.66
0.95
-0.14
0.11
-1.36
0.8
-0.29
0.68
-1.04
-0.3
-1.43
1.07
-2.26
0.41
-1.43
0.92
-1.33
1.04
-1.17
1.04
-1.86
-0.12
-2.03
-0.27
-1.78
-0.23
-1.32
-0.69
-0.96
0.46
-1.02
0.86
-1.95
1.3
-1.48
0.97
0.87
1.18
-1.41
-1.47
0.84
-0.79
-0.06
0.85
0.68
-0.06
-0.79
-0.22
1.44
-0.13
0.79
-0.21
0.9
-0.27
-0.73
0.02
1.19
-0.09
0.54
-0.56
-0.46
-0.67
-0.28
-0.51
-1.15
0.16
0.99
-0.12
-0.57
-0.26
-1.03
-0.58
-0.29
-0.18
0.31
-0.08
1.15
0.07
-0.4
-0.42
-1.79
0.51
0.88
-0.3
-0.15
-0.97
-1.59
0.08
1.21
-0.96
1.17
0.68
-0.62
-1.27
-0.84
-0.19
0.02
0.64
-0.51
-0.89
-1.14
0.36
-0.07
0.11
0.28
-0.65
1.13
0.28
-0.27
0.09
-0.99
0.04
1.39
-0.98
-0.36
-0.2
-0.24
-1.66
-0.55
0.04
-0.09
-0.17
-0.71
0.09
-1.15
0.18
-1.04
-0.98
-1.28
-0.29
-0.69
-0.16
-1.02
0.53
-1.57
-0.89
0.07
0.85
0.17
-0.44
0.51
-0.7
-0.86
-1.05
-0.43
-0.64
1.35
1.5
0.63
0.76
-0.9
-0.16
0.5
1.14
-0.15
-1.47
-0.44
-0.38
1.28
0.23
0.67
-1.34
0.26
-1.91
-0.81
0.01
0.01
-0.58
-1.71
0.01
-0.91
0.52
0.68
1.18
-0.07
-1.01
-0.04
0.37
0.06
0.29
-1.06
-0.19
1.36
0
0.36
-1.84
-0.88
-0.94
0.14
0.07
1.42
0.55
0.74
0.95
0.98
0.81
-0.02
0.61
1.16
-1.07
-0.86
1.03
-0.5
-0.73
0.44
-0.21
-1.3
0.85
-0.11
-0.34
-0.76
0.89
-0.12
0.82
0.82
0.72
-1.71
0.76
-0.1
0.34
0.95
0.99
-0.82
0.78
1.42
0.28
-0.21
0.9
-0.98
0.02
0.42
0.7
0.12
-0.88
0.38
0.75
0.22
-1.52
0.14
-0.39
1.05
-0.13
0.59
1.4
-0.54
0.17
-0.74
0.2
0.86
0.18
-0.34
0.14
-0.69
-0.55
-0.69
1
-0.91
0.25
-1.12
-0.63
0.5
0.07
-0.77
-1.26
-0.04
-0.11
1.63
-0.57
-0.82
1.5
1.2
-1.58
0.74
0.89
0.5
0.77
0.35
0.33
0.98
-0.27
0.09
0.82
0.18
-0.34
1.2
-1.45
0.31
-0.4
-0.16
-1.91
-0.04
0.07
0.27
0.67
-0.29
0.58
-0.77
-1.32
1.46
1.27
0.28
-0.4
1.12
-0.02
0.18
0.29
0.79
-0.4
0.2
0.79
1.48
0.1
1.37
1.25
0.83
0.23
1.66
-0.22
0.58
0.57
0.79
-0.49
-0.57
-1.43
-0.15
1.84
-0.66
-1.19
-0.38
-0.88
-0.02
-0.86
0.05
-0.79
0.24
0.74
-0.73
-1.64
0.1
-0.61
-1.22
-0.94
0.56
-0.45
0
0.6
1.53
0.71
1.21
-0.13
0.13
0.71
-1.45
1.75
0.3
0.78
0.1
-0.15
0.05
-0.16
-0.24
0.22
0.9
0.38
0.79
1.39
-0.24
0.53
0.17
-0.61
-0.32
0.36
1.81
1.85
-0.7
0.26
-0.59
0.61
0.05
0.85
0.06
0.46
-0.9
0.07
0.07
-0.26
-0.42
0.44
0.04
1.26
-0.04
0.86
-0.02
0.15
-0.22
0.53
0.61
0.68
-1.07
-0.1
-0.91
-2.01
-1.04
-1.33
-1.23
0.6
0.28
-0.16
-0.6
-0.28
-0.83
-0.41
-0.7
-0.3
-0.11
0.5
-0.13
-0.08
0.43
-0.36
-0.26
0.11
0.08
-0.26
-0.53
1.01
0.09
-0.67
0.47
-1.15
0.55
-0.96
-0.07
1.44
-0.29
-0.95
-1.03
-0.89
-0.74
-1.18
-0.14
-0.32
0.64
-0.76
0.62
0.81
0.41
1.11
-0.77
0.68
-0.29
0.53
-0.07
-0.32
0.14
1.87
0.03
1.5
-0.47
-0.29
-1.14
-0.05
-0.37
0.68
0.12
0.16
-0.03
1.88
-1.08
1.06
-0.36
0.07
0.3
1.49
0
0.87
-0.41
0.57
-0.5
-0.43
-2.08
0.24
0.04
0.32
0.05
0.19
-0.57
1.32
-0.12
1.15
-0.62
-0.16
-0.78
1.15
-0.52
1.02
-0.86
0.08
-0.36
-1.2
-0.5
-0.1
0.13
-0.04
-0.6
1.16
-0.76
1.28
-0.18
0.79
0.59
-0.36
-0.79
1.61
-0.6
1.58
-2.06
1.21
-0.16
-0.39
-0.04
-0.93
-0.25
0.96
-0.96
0.25
0.25
-0.42
0.22
0.17
0.34
0.12
-0.3
-0.1
0.55
0.44
0.28
1.36
-0.44
1.22
0.56
-0.84
-0.39
-1.4
0.74
-0.3
1.09
1.21
-0.26
-0.98
-1.13
0.98
0.1
-1.24
-0.43
0.96
1.75
0.49
1.44
1.3
0.62
-0.07
-0.96
0.93
-0.14
-0.32
-0.11
0.23
0.42
0.11
0.43
1.74
-1.69
0.86
0.07
-0.91
-0.47
-0.03
-1.42
0.68
-1.18
-1.14
-0.52
-0.05
-1.18
-0.41
1.04
-0.15
0.31
1.44
1.24
0.21
0.7
-0.97
-0.22
1.03
-0.32
-0.11
0.18
0.41
-0.47
0.42
-0.41
-2.84
-1.45
1.41
-0.52
0.69
-0.42
1.16
0.59
1.01
-0.02
0.96
-0.05
-0.65
0.22
-0.67
0.25
0.01
-0.93
0.38
-0.39
-0.28
-1.19
0.96
0.13
0.19
0.11
-0.24
1.27
0.97
0.5
-0.06
0.83
0.36
0.42
-0.59
-0.47
-0.17
0.26
0.23
0.45
0.73
1.72
0.6
-0.11
0.2
0.58
-0.1
0.32
-1.41
0.11
-0.62
0.99
-0.55
0.53
0.08
-0.53
-0.53
1.4
-1.06
-0.76
-0.34
1.47
-1.26
-1.37
-0.34
0.46
1.03
-1.3
0.01
-1
0.81
1.19
-1.03
-0.36
-0.15
-0.5
0.94
0.5
1.07
-0.75
0.51
-1.3
-0.59
-0.72
0.88
-0.24
1.12
-0.17
-1.21
-1.01
-1.11
-0.43
0.14
0.7
1.29
-0.84
0.94
0.97
0.58
0.51
1.18
0.7
-0.06
-1.15
-0.14
0.95
-0.83
-1.81
0.54
0.04
1.5
0.2
0.14
0.91
1.68
-0.49
0.56
-1.78
0.04
-0.22
0.98
-0.17
-0.14
0.45
-0.92
-0.71
-1.41
-0.09
0.45
-0.29
1.18
1.73
-1.69
0.8
1
-1.24
-0.4
-0.84
0.94
-1.06
1.46
0.38
0.66
-0.22
0.34
0.86
-0.13
0.01
-0.15
-0.57
1.09
-0.5
-1.06
-1.05
-0.08
-1.64
0.91
-0.54
-1.03
1.22
-1.32
-0.88
-1.02
1.3
1.22
1.51
-0.94
0.84
1.2
-0.15
1.43
0.72
1.6
0.85
0.37
0.82
1.59
0.78
0.72
-0.07
-1.22
-0.89
-0.26
0.68
0.08
-0.91
0.21
-1.13
0.13
1.18
0.12
-0.35
-0.42
0.33
0.45
-0.09
0.16
-0.07
0.13
0.28
0.01
0.98
0.3
1.29
-0.57
1.04
-1.71
0.49
0.62
-1.07
-0.12
0.82
0.59
-0.82
-0.3
0.77
0.49
0.94
-0.37
-0.64
0.49
-0.29
0.38
-0.99
-1.46
0.79
0.22
1.11
1.04
0.16
0.77
-0.84
0.65
0.58
0.97
-0.62
1.41
1.15
0.15
0.89
1.01
0.68
1.18
1.54
0.96
0.56
0.87
0.37
-0.6
0.12
0.79
0.06
0.03
0.54
-0.13
-0.9
-0.29
-0.6
0.12
-0.05
0.33
0.67
0.67
0.77
1.38
0.89
-0.51
0.27
0.33
1.39
1.2
1.45
0.91
-0.12
0.93
-0.39
-1.2
1.45
0.12
1.16
0.87
-0.79
-1.12
-1.07
0.22
-0.17
0.66
-0.18
1.13
-1.02
-0.94
1.64
0.97
-0.8
0.82
-0.16
-0.06
-0.21
0.98
-0.47
-0.71
-0.51
0.6
1.08
-0.07
0.66
0.22
-0.17
1.23
1.87
1.51
2.15
1.72
1.17
1.19
1.69
1.47
1.48
0.99
0.73
1.47
1.37
1.4
1.55
1.2
1.85
2.03
0.35
1.74
0.56
1.29
-0.1
1.66
1.11
1.41
0.53
1.39
0.96
1.68
1.22
0.97
1.16
1.24
-0.25
1.74
0.78
1.76
-0.5
0.65
-0.08
1.23
1.48
0.92
0.79
-1.02
1.09
0.51
0.94
0.79
1.97
-0.46
1.22
1.54
1.24
0.73
1.36
0.52
-0.02
1.06
0.45
-0.72
0.03
1.19
1.74
1.49
1.18
1.23
0.25
1.24
0.09
1.5
1.81
0.92
-0.14
-0.72
0.39
-1.23
-0.01
-0.72
1.13
-0.2
0.04
-1.16
0.49
0.86
-1.16
-0.83
0.24
-0.59
0.66
0.69
1.56
-0.61
-1.18
1.21
0.67
-0.56
-1.12
0.19
-0.62
0.14
1.48
-0.32
0.23
0.42
0.15
1.43
0.34
-1.36
-0.39
0.4
-0.1
-0.15
0.82
0.78
0.39
1.06
0.12
-1.04
0.01
-0.12
-1.63
0.72
0.24
-0.12
1.74
1.13
0.97
0.99
-0.02
-1.11
0.67
-0.76
-0.08
-1.31
0.78
-0.47
0.75
-0.4
-0.31
-0.03
-0.38
0.52
-0.89
-1.39
-1.26
0.67
-1.05
-1.45
-0.95
-1.23
-1.14
0.03
-0.01
-0.04
-0.53
-1.68
-0.91
-0.86
-0.63
-1.66
-1.02
-1.1
-0.16
-1.71
-0.34
-1.23
-1.07
-1.5
-0.69
0.84
1.3
0.62
0.74
1.06
0.53
-0.04
-1.25
0.41
-1.04
-0.02
-0.88
-0.47
-1.61
-1.18
0.51
0.93
0.12
-0.86
-1.2
-0.48
-1.72
-1.53
0.13
-0.25
-0.69
0.23
-0.84
-0.93
-1.82
-1.9
-0.5
-0.36
0.16
1.42
0.39
-0.36
1.1
0.03
1.6
0.98
0.39
1.35
0.19
-0.27
-0.05
-0.13
-0.48
-0.06
-0.66
0.63
-0.51
0.42
1
0.04
0.66
-0.18
-0.29
0.46
-0.25
0.55
1.13
0.09
1.29
0.31
1.34
-0.03
-0.52
-0.47
0.08
1.1
-0.38
0.76
0.54
0.35
0.67
0.68
1.09
0.88
0.49
0.33
1.11
-0.02
1.51
1.86
1.6
-0.31
0.96
1.26
0.11
0.14
0.45
0.27
0.02
-0.12
0.13
0.3
0.9
-0.49
-0.12
-0.28
0.08
-0.48
-0.24
-0.1
1.31
0.83
0.45
-0.13
0.72
-0.25
0.67
1.36
1.05
0.43
1.55
1.33
1.2
1.95
1.49
1.71
1.36
0.47
1.02
0.22
-0.06
-0.07
-0.77
0.23
-0.97
0.11
1.26
0.68
1.27
-1.33
-0.32
1.93
0.54
-0.86
1.82
0.68
0.55
-0.39
-0.55
0.03
1.49
0.58
0.94
0.64
1.05
0.65
1.54
-0.18
-0.63
-0.75
0.46
1.82
-0.31
-0.49
1.4
1.47
1.25
1.17
1.44
0.71
-0.06
-0.07
-1.65
-0.96
-0.11
0.82
0.69
0.98
1.12
0.56
0.87
0.89
-1.09
-0.75
-1.03
-0.01
-0.56
0.41
-0.55
-0.71
-0.39
0.13
0.49
-0.42
-0.52
-0.14
-1.11
-0.49
-0.14
-0.9
-0.27
-0.92
-1.46
-0.1
-0.96
-1.93
-1.01
-0.91
-1.1
0.6
1.39
-0.51
-0.27
0.82
-0.54
1.21
0.7
0.91
0.08
0.94
-0.46
-0.81
-0.96
1.47
0.75
1.08
0.29
0.53
-1.13
0.56
-0.41
-0.11
-0.54
0.9
0.32
1.03
1.01
0.04
-0.79
0.63
0.46
1.27
1.43
-1.69
1.36
-0.05
-1.14
1.41
1.06
-0.26
0.13
-0.01
-0.85
-0.89
0.08
-0.69
1.28
0.73
-1.46
1.2
-0.35
0.68
1.02
0.69
-0.47
-0.01
-0.38
-1.18
0.59
0.79
1.13
-0.59
-1.33
1.33
-1.5
1.06
0.62
0.26
-0.79
0.32
0.22
0.51
0.04
-0.92
0.17
0.84
0.77
0.54
0.11
1.03
0.65
-0.03
0.39
1.21
1.07
-0.85
1.18
-1.06
0.49
-0.23
-1.41
1.18
0.71
0.21
0.53
-0.38
-1.47
-0.76
-2.53
-0.08
-2.18
-0.21
-1.39
-0.1
0.78
0.87
-0.71
-0.87
-0.87
-0.6
-0.33
-0.11
0.02
0.15
-0.56
-1.47
-1.49
0.09
0.78
-0.29
-0.07
1.52
0.83
0.36
-1.52
0.62
0.89
0.24
0.37
0.63
0.34
1.36
-0.36
1.4
-0.45
0.11
-1.63
-1.18
0.61
0.68
-0.09
-0.08
1.25
-0.96
-0.82
0.4
0.68
0.9
0.23
0.79
-0.08
0.65
-0.1
0.38
-0.63
0.56
0.1
-0.99
0.19
0.74
-0.18
0.16
-0.52
0.82
0.19
-0.97
1.51
-0.12
1.34
-1.43
-0.66
0.01
2.17
-0.09
-0.38
0.22
1.44
-0.06
0.19
-0.47
0.53
0.92
-1.91
-0.15
-0.79
-0.94
-1.04
1.26
-0.19
1.14
0.58
1.12
0.52
-0.12
-1.28
-0.02
0.56
0.51
0.53
0.32
-0.52
-0.54
0.56
-0.8
1
0.85
1.14
0.1
-0.35
0.79
-0.19
-0.91
0.06
0.98
-0.32
-0.12
0.24
-1.19
0.85
-0.89
-1.38
1.1
0.25
0.12
-1.06
-0.45
-0.42
-0.26
-0.21
-0.72
-1.36
-0.11
-1.68
-0.86
-0.78
-0.66
-1.66
-1.17
1.43
-0.08
1.64
-0.8
-0.94
0.6
1.05
0.47
-0.6
0.94
0.3
0.92
1.63
1.91
-0.86
0.22
0.19
0.97
0.53
0.02
0.18
0.03
-0.06
0.64
0.96
-0.42
-1.02
-0.86
-1.18
-0.33
-1.13
-0.33
-0.94
-1.26
0.25
0.21
-0.91
-0.91
-0.09
0.51
1.28
0.26
-1.04
-0.53
1.35
0.33
-1.16
-0.12
-0.16
1.02
0.08
1.04
0.03
0.61
0.18
0.66
-0.44
0.08
-0.26
1.13
0.73
-0.76
-1.48
-0.84
0.73
0.23
-0.18
-1.12
-1.53
0.56
-1.1
1.45
-0.16
-1.32
1.43
-0.17
0.36
-0.49
-0.65
0.43
-1
-0.42
-1.84
0
-0.11
-1.32
-0.55
-1.14
0.17
-0.77
1.12
0.51
0.43
1.03
0.45
-1.2
0.13
0.46
0.52
0.18
0.6
-0.12
0.82
-0.57
0.59
0.91
0.25
-0.24
0.17
-0.97
-0.73
1
-0.85
0.64
-0.75
-0.62
-0.5
-0.19
-1.11
1.28
-1.18
0.34
-0.94
0.75
-1.55
-1.24
0.8
0.51
1.2
-0.5
0.29
0.73
0.33
1.56
1.12
-0.96
0.78
0.16
-0.47
1.35
0.43
-0.75
-0.98
-0.16
-0.06
-0.5
0.18
1.05
0.04
1.13
0.72
1.43
0.88
-0.76
0.3
0.18
-0.69
-0.71
-1.31
-1.16
-0.21
0.67
0.34
-1.09
-1.31
-1.32
-0.84
-0.92
-1.6
-0.8
-1.12
-1.62
-0.95
-0.88
0.86
-1.33
-0.62
-0.19
-1
0.99
-1.18
-1.7
-0.6
0.82
-0.47
0.3
0.64
-2.57
0.58
1.46
0.29
0.36
1.64
-1.03
-0.64
0.98
1.29
-0.96
0.03
-2.09
-0.43
-0.33
-0.99
-1.32
-0.43
0.26
-0.1
0.01
0.12
0.27
0.79
-0.6
-0.73
-0.68
-1.26
-1.02
-0.76
-0.15
-0.46
-0.91
-1.34
-0.31
-1.14
0.18
-0.57
-0.83
0.59
-1.54
-0.83
1.46
0.76
1.27
0.53
-0.42
0.2
-0.95
-1.09
-1.36
0.69
-0.98
0.24
-0.82
1.41
-0.21
1.05
-0.05
-0.14
-1.58
0.54
0.32
-0.14
-0.75
-1.78
0.53
0.7
-0.11
0.55
0.8
-0.32
-0.57
0.26
1.7
-0.51
1.07
0.09
0.76
0.73
1.49
1.46
-0.83
0.55
1.51
-0.8
-0.96
0.27
0.83
0.81
0.09
0.68
-1.38
-0.94
-0.51
0.31
0.73
-0.37
-1.54
0.89
1.1
-0.96
0.77
-0.13
0.24
1.59
0.27
0.48
0.56
-0.23
1.03
0.59
0.74
-0.46
-1.52
1
1.08
-0.56
1.02
1.69
0.88
-0.13
0.38
-1.21
0.74
1
-1.73
-1.08
0.96
-1.36
0.55
1.15
-0.67
-1.61
-0.62
-0.05
2.07
1.21
-0.32
0.49
-1.19
-1.28
-1.82
-0.4
0.96
-1.25
-0.38
0.03
0.46
-0.45
0.37
-1.16
1.01
-0.35
-0.95
-1.11
-0.46
0.12
-0.84
-0.39
0.04
-0.22
-0.47
-0.88
-0.87
0.9
0.07
0.73
0.45
-0.83
0.53
-0.35
0.73
-0.13
0.56
1.26
0.83
1.15
0.03
0.53
-0.84
0.15
0.56
0.97
0.19
-0.39
-0.3
0.86
-1.2
0.29
0.46
1.24
-0.58
-0.04
-0.07
1.8
-0.1
0.84
-0.28
0.41
-0.25
0.27
-0.79
-1.27
1.62
-0.88
-0.16
0.48
0.3
0.84
-1.4
1.13
-0.39
-1.37
-1.47
1.52
0.37
-0.85
-0.12
-0.79
1.25
-0.39
0.4
0.64
1.21
0.21
-0.42
-1.42
-1.6
-1.45
0.98
-0.81
0.59
0.66
-0.58
-0.64
0.73
1.14
0.25
0.12
-0.31
-0.15
-0.21
1.28
0.32
1.26
0.33
1.07
-0.09
0.19
0.38
0.24
1.22
1.71
0.89
0.93
0.83
1.6
-0.43
-0.3
1.12
-0.35
-0.07
-1.1
-0.91
-0.87
-1
1.31
0.13
-1.29
-0.88
-1.46
0.27
1.35
-0.27
-0.5
-0.01
1.13
-1.49
0.41
-0.57
0.7
0.88
0.51
-0.84
-1.67
0.16
-0.52
-1.48
-1.45
-2.72
-0.68
-1.27
-1.24
-1.16
0.24
0.14
-0.39
-0.25
0.88
0.12
0.96
-1.37
-0.52
0.84
0
-1.13
-0.23
-1.09
1.01
-1.12
-0.42
-0.55
0.13
-0.29
-0.92
-1.01
-1.66
-1.76
-0.32
-1.3
-0.63
0.7
-0.5
0.44
0.74
-0.82
0.39
1.58
-0.97
0.79
1.64
-0.56
0.78
-1.18
0.37
-0.47
0.44
1.41
-0.35
-0.12
-0.86
-1.14
-0.76
-0.77
-1.52
0.25
-0.15
1.21
-1.51
0.1
0.01
0
1.03
0.63
1.61
0.22
1.43
-0.75
1.64
-1.42
-1.02
0.34
-0.89
-1.22
0.52
-0.6
0.64
0.59
-0.36
1.58
-0.69
-0.56
-0.52
-0.85
-0.49
-0.99
-0.83
0.49
-0.6
0.84
-0.55
-1.43
0.52
-0.26
-2.17
-1.11
-1.36
-0.09
-1.63
-1.58
0.3
-0.91
-1.03
-1.23
-1.36
-1.23
-0.77
-0.6
0.87
0.26
0.38
0.62
0.88
-0.5
-0.96
-1.21
0.72
-1.78
-0.19
0.26
-0.92
0.42
0.86
2.11
-0.03
0.6
-0.96
0.54
0.25
-0.16
-0.15
1.44
-1.09
-1.31
-0.86
-0.49
-1.44
-1.49
-1.04
0.48
0.07
-0.31
0.27
-0.31
-0.55
0.6
0.17
-0.66
-0.96
0.78
-0.87
-0.54
0.37
-0.67
1.11
-0.73
-1.27
-1.07
-0.81
0.96
-0.67
-1.07
-0.4
0.76
-0.24
0.21
-0.45
0.67
-0.24
0.64
0.52
-0.2
0.67
0.49
-0.89
-0.21
0.93
-0.22
-0.03
0.15
-1.77
0.24
0.16
0.3
-1.25
0.73
-0.64
-0.12
1.78
-0.15
0.51
0
1.38
-0.77
-0.91
0.53
-0.59
0.08
-1.88
0.54
-0.19
0.88
0.45
0.23
-0.33
-0.93
0.29
-0.13
-1.29
0.77
-1.04
-0.67
-1.61
-1.15
0.7
-0.63
-0.28
-0.81
-1.1
-0.44
-1.25
1.15
-0.63
0.11
-1.38
0.18
-1.23
-0.99
-0.19
1.13
-0.87
-0.13
0.53
-1.05
-0.38
-1.06
-1.72
0.44
-1.44
1.14
-0.8
-1.26
0.04
-0.61
-0.16
0.13
-0.34
-0.3
-0.53
-0.89
-0.29
-0.82
0.58
2
0.93
1.21
1.09
0.99
0.42
-0.98
-0.65
-0.98
0.3
0.06
-0.75
-0.14
-1.26
1.01
1.63
-0.67
0.68
-0.49
0.27
0.17
0.11
0.68
0.32
-0.62
0.58
1.25
-1
-0.41
-0.26
1.33
-1.6
-1.23
-1.32
0.87
0.31
-0.59
-0.96
0.9
0.85
-0.7
0.62
-0.16
-1.19
-1.54
0.96
0.65
1.24
-0.18
-1.16
-0.92
0.63
-0.45
-1.01
-0.64
-1.46
0.86
-0.59
-1.01
-1.28
0.44
-0.66
0.07
-0.92
0.5
0.73
-1.17
-0.75
0.81
-1.15
0.99
-0.45
-0.25
-0.99
-0.43
0.07
0.8
-0.18
0.82
-1.45
0.96
-0.62
0.63
0.54
0.7
-0.65
1.47
-0.69
0.74
1.26
-1.45
0.31
-0.74
0.28
-1.11
0.51
0.7
0.44
0.92
0.9
0.68
-0.92
-1.03
-1.07
-1.59
-0.67
0.23
0.52
-0.62
-1.8
1.17
0.53
0.89
-0.9
-0.98
-0.91
-1.23
2.65
0.84
0.29
-0.54
0.8
1.27
1.35
-0.51
0.61
1.22
0.92
-0.52
-0.28
-1.05
0.31
0.68
-0.6
-0.02
1.37
-0.08
-0.01
-0.28
0.27
1.18
-0.87
-0.54
1.43
-1.34
0.24
-0.34
-0.59
1.55
-0.69
1.24
1.36
0.43
0.93
-0.88
-1.55
-0.97
0.19
-0.82
-0.45
-0.15
-0.4
0.41
-0.46
-1.26
1.19
-1.15
-1.52
0.79
-0.99
-0.25
0.89
-0.12
0.29
0.54
-0.83
1.09
-0.53
-0.05
0.96
0.5
-0.06
0.2
-1.18
0.85
0.06
-0.47
-0.55
1.18
-0.71
0.12
-1.18
-0.23
0.21
-1.5
-0.1
-1.08
1.28
-1.32
-1.7
-0.21
-0.37
0.53
0.3
0.06
-0.88
-0.67
-0.73
-0.22
0.51
-0.04
-0.71
0.16
0.02
-1.59
-0.61
0.35
0.29
1.56
-1.63
-0.43
0
0.01
-0.32
-0.26
1.36
-1.4
-1.07
-0.67
-0.39
0.36
0.17
1.33
-1.11
1.14
1.3
0.16
-0.93
-0.99
0.31
-0.24
-0.62
-1.08
-1.01
0.01
-1.22
-0.1
-0.44
-1.3
1.25
0.12
-0.35
0.57
-1.64
1.45
0.72
-0.14
0.26
0.22
0.11
-0.83
-0.67
0.5
0.58
0.86
-1.27
-0.67
0.72
-0.88
-1.35
-0.38
0.05
0.14
0.3
-0.66
1.35
1.74
-0.72
-0.87
1.6
1.13
1.76
-1.29
1.16
-1.24
-0.39
0.69
-1.54
-1.55
-2.22
0.57
-1.02
-0.66
-1.54
-0.89
-0.09
-1.11
-2.09
-0.05
1.2
-0.87
-0.29
-0.3
-0.75
-0.7
-0.87
-0.22
-0.64
-0.77
0.19
0.02
-0.04
0.29
-0.4
-0.91
-0.89
0.75
-0.14
0.98
0.8
-1.08
0.58
1.01
0.74
1.77
-0.02
-1.52
0.87
1.05
1.41
-0.56
0.36
-0.23
0.9
-1.1
0.98
-1.11
-1.36
-1.06
-0.79
-1.03
-0.13
0.83
-0.28
-0.36
0.23
0.15
1.35
-0.61
-0.49
-0.23
-0.63
0.72
0.14
-1.21
0.06
0.06
-0.59
-0.16
0.26
0.68
0.69
-0.57
-0.51
-0.49
-0.68
-0.07
-0.85
0.9
-0.76
-0.17
-0.82
-1.28
0.98
-0.36
-0.17
0.27
0.07
-0.16
0.89
-0.23
1.18
-0.51
-1.34
-0.81
0.09
-1.78
0.31
0.49
-1.45
0.48
0.08
-0.63
-0.45
-0.79
0.72
-0.05
-1.15
-0.24
0.31
-0.17
-0.79
0.75
0.41
1.48
1.31
-0.75
0.44
-0.01
0.59
0.4
-1.45
0.26
0.3
-0.98
-1.47
-0.22
0.11
0.61
-0.29
-1.37
-1.18
-0.02
0.58
1.15
-0.73
-0.96
-1.16
-0.06
0.09
-1.16
1.07
-0.4
0.48
1.53
1.44
-0.73
-0.04
-0.12
0.93
-0.04
-0.74
-1.3
-0.03
0.63
0.5
-1.12
0.21
-0.85
0.78
-0.09
-0.65
-1.42
-0.64
0.07
-0.64
0.46
0.16
0.18
0.21
-0.86
0.03
-0.76
1.06
0.68
-1.15
1.15
0.83
1.05
0.51
1.57
1.45
0.73
-0.79
0.57
0.78
0.33
0.59
0.68
0.72
0.17
0.24
0.81
-0.18
-1.47
-0.25
1.21
-1.12
-0.96
-0.53
0.17
0.38
0.88
1.08
0.56
-1.53
-0.66
-0.86
-1.05
0.56
-0.55
-1.07
-0.34
0.05
-0.11
-1.08
-0.79
-0.07
0.89
-1.42
0.05
-1
-0.12
-0.73
-0.52
0.03
0.44
-0.52
-1.25
0.58
-0.89
0.01
-0.2
0.07
-0.86
-0.44
-0.94
-1.21
-1.71
0.37
-0.1
0.17
-0.55
0.38
-1.02
-1
-1.28
-0.47
0.79
-0.04
0.54
0.97
1.38
1.59
0.88
-0.62
0.7
1.37
1.25
0.25
0.47
1.39
0.32
0.64
-0.16
-1.37
0.92
0.77
0.92
1.4
0.71
-0.81
1.1
-0.56
0.65
0.31
1.01
0.55
-0.25
0.1
-0.86
0.06
-0.7
0.47
-1.49
-0.33
-0.66
-0.41
1.59
0.53
0.49
-0.77
-1.45
1.11
1.4
0.68
0.44
1.08
0.7
1.06
1.1
1.23
0.76
0.54
0.31
-0.38
-0.09
1.25
1.48
-0.78
0.47
1.19
1.44
-0.5
-0.28
-1.43
1.37
0.49
-0.1
-0.17
0.9
0.66
0.57
-1.74
-0.84
-1.52
0.7
1.17
0.28
-0.9
-0.78
-0.08
0.49
-0.28
-0.19
0.04
1.23
-0.35
-0.72
0.78
-0.85
1.42
-0.2
-0.83
-1.02
-0.89
-0.19
-1.09
-1.06
-0.63
-0.94
0.45
-0.41
0.66
-0.39
0.18
1.48
0.56
0.05
-1.05
-0.12
-0.18
-0.46
-1.19
-1.33
-1.53
0.25
-0.73
-0.15
0.64
-0.52
-0.4
-1.17
-0.65
0.04
0
1.65
-1.17
0.16
-0.07
0.45
-1.83
-0.81
0.65
-1.23
0.11
1.08
1.63
-0.32
-0.97
0.18
0.58
0.31
-0.12
0.14
-1.03
-0.24
-0.59
0.85
0.39
-0.88
-0.76
0.63
0.61
0.58
1.45
-0.48
-0.46
0.1
-0.48
-0.99
-0.6
-1.25
-0.59
0.93
-0.57
-1.14
-0.86
0.57
0.98
-0.17
0.25
0.55
-0.75
0.27
-0.05
-1.03
-1.22
0.01
1.3
0.49
-1.44
-1.12
-0.89
-1.07
-0.78
-1.18
0.01
-2.05
-0.49
-1.57
-1.41
-1.74
-1.56
-1.04
-0.17
-2.14
-0.65
-1.78
-1.01
0.06
-0.71
0.32
-0.23
-0.32
-0.6
-0.79
0.12
-0.3
0.39
-0.23
-0.42
0.76
-0.04
0.92
-0.87
-0.18
-1.16
0.15
-1.9
0.36
-0.23
-1.68
0.77
-1.54
-1.29
-1.73
-1.42
-1.18
-1.85
-2.01
-1.04
-0.54
-1.99
-1.52
-1.55
0.01
0.39
1.15
-1.16
-0.4
-0.64
-0.94
-0.29
-0.92
-1.6
0.53
-0.41
1.07
0.78
-1.34
-1.26
0.66
-1.95
0.27
-0.57
0.44
-1.29
-0.08
0.6
-0.65
-0.73
0.09
1.23
1.37
-0.67
0.66
-0.54
-1.2
-0.71
1.23
-0.96
-0.7
0.1
0.46
0.58
-0.05
1.11
-0.23
-1.09
-2.01
0.3
-0.41
0.4
-0.6
-0.44
0.42
-1.31
0.55
-0.43
-0.6
0.12
-0.24
0.07
-0.27
-0.32
-1
-0.69
0.44
0.36
-0.69
-0.05
-0.79
-0.84
-0.11
-0.12
0.58
-0.54
-0.36
0.05
0.5
-0.15
0.83
1.02
0.17
-0.71
0
0.46
-0.23
-0.96
-0.69
-1.13
-1.43
-1
-0.79
-0.38
-1.7
-0.55
-1.22
0.34
0.75
-0.85
-0.78
-1.59
-1.73
-1.69
-0.83
-0.08
-0.58
-1.2
-1.88
-0.77
-0.91
-0.06
-0.67
-1.18
-1.05
-1.84
-1.78
-0.96
-0.9
-2.15
-1.42
-0.69
-1.95
-1.55
0.68
0.17
-0.83
-1.28
-0.94
-1.08
-0.64
1.34
1.56
0.19
-0.48
0.06
-0.8
-0.5
0.95
-0.61
-0.77
1.45
-0.88
-1.61
-0.65
-1.14
-1.45
-1.06
-1.34
-0.98
-0.27
-0.33
-0.34
0.66
-0.7
0.87
-0.86
-0.46
-0.88
-1.06
0.14
-0.57
-1.48
0.04
-0.77
-1.01
0.89
-0.6
-1.55
-0.45
1.16
0.96
-1.03
0.75
-0.46
-1.21
-0.75
-2.02
-1.49
-0.22
-0.73
-1.17
-1
0.52
0.23
0.69
1.31
0.88
0.71
1.25
-1.2
0.78
-0.33
-0.66
-1.97
-0.56
-1.52
0.03
0.07
-0.19
-0.88
-0.73
0.48
-0.91
0.86
-1.19
-0.13
-0.47
-1.27
0.8
-0.52
-1.18
-0.27
0.47
1.35
-0.42
0.87
1.01
1.9
0.66
0.95
1.78
1.04
1.88
1.72
0.47
-0.98
-0.45
0.77
-0.5
0.09
0
1.23
0.91
-1.15
0.08
2.05
-0.34
-1.81
-0.61
-0.55
0.22
-1.51
0.28
1.51
0.43
0.14
2.05
0.33
-0.04
0.75
1.13
0.99
1.24
1.08
0.25
0.96
0.91
1.64
1.98
0.48
0.49
1.58
-0.02
0.5
1.99
-0.65
0.17
1.84
0.57
0.19
2.01
-0.4
0.47
-0.05
0.02
1.72
1.29
1.6
-0.31
0.02
-0.35
0.9
0.01
0.16
0.64
1.41
0.96
1.22
-0.41
2.15
0.32
0.07
0.46
1.03
-0.81
-0.7
0.66
-1.07
-0.16
-0.89
0.35
-1.06
-0.83
-1.27
-0.15
0.07
0.42
-0.46
-1.4
-0.22
-0.75
-0.78
-1.71
-1.26
0.69
0.42
-0.8
-0.55
-1.3
-0.82
-2.34
-1.81
-1.2
-0.98
-1.08
-1.29
1.51
1.11
0.92
-1.02
-1.52
-0.98
-0.95
-1.48
-0.07
-2.78
-0.67
-1.59
-1.51
-1.35
-1.46
-1.38
-1.25
-1.38
-0.93
-0.14
-0.97
0.9
-0.52
-0.25
-1.23
0.38
-1.6
1.26
1.28
-0.51
-0.6
1.1
-0.64
-1.42
0.99
-1.21
0.42
0.21
0.34
-0.32
-0.71
0.56
0.06
-0.52
0.86
-0.62
0.05
0.29
-0.88
-0.74
-0.75
-0.09
-1.27
-0.14
0.3
-1.01
-0.44
-1.46
-1.42
0.15
0.1
1.21
-0.97
-0.7
-0.45
-0.22
1.11
-0.63
0.34
0.7
-0.69
0.55
-0.81
0.88
-0.89
-0.28
0.75
1.32
0.87
-0.04
-0.22
-0.34
-0.25
0.84
-0.63
0.29
0.28
-0.58
0.73
0.4
-0.08
-0.68
1.15
-1.26
-0.26
-0.13
-0.02
0.56
1
-1.09
-0.64
-1.03
-0.56
-0.72
0.35
-0.07
1.31
-1.54
-1.58
1.47
-0.23
-0.19
0.41
-0.33
-1.72
0.95
-0.68
-0.03
-0.58
1.14
0.61
0.19
-0.52
0.36
0.18
-1.26
-1.68
-0.54
0.94
1.03
-0.42
-1.02
-1.19
0.81
0.27
-1.01
0.79
0.77
0.93
0.75
0.64
-0.93
0.4
-0.84
0.26
-0.7
-0.32
1.18
1.18
0.07
1.09
0.34
0.39
0.84
-1.91
-0.65
0.92
-1.31
-1.14
-1.01
-1.05
-1.34
0.29
-0.28
-0.86
0.23
0.12
-1.01
-1.54
-0.7
0.23
0.06
0.55
0.44
0.47
0.35
-1.18
-1.5
-1.15
0.61
-0.66
-1.05
-0.71
-1.02
-0.52
-1.32
1.26
-0.81
1.67
-0.5
-0.09
0.31
-1.42
-0.38
-0.92
-0.86
-0.45
-0.84
-0.45
1.28
0.96
-1.06
0.86
0.81
0.65
-0.47
1.09
-0.83
-1.05
-0.66
0.15
-1.55
0.83
1.1
-0.2
-0.73
-0.03
-1.23
-0.97
0.19
0.14
-0.96
0.9
0.33
-1.55
-0.03
-0.21
-0.6
0.29
0.47
-0.89
-0.19
-1.03
-0.17
0.51
-1.57
-1.22
-2.28
-1.19
-1.71
-1.26
-1.38
-0.05
-1.94
-1.07
-1.6
-1.43
-1.08
0.94
0.43
-0.06
-1.14
1.23
0.6
-0.04
-0.78
0.21
0.16
-1.58
-0.79
-0.46
-0.22
-0.19
-1.45
1.09
0.52
-1.4
0.56
0.81
0.49
0.2
1.17
1.2
0.49
-1.31
-0.76
0.91
-1.04
0.82
0.97
-1.4
0
-0.67
-1.49
-0.07
-1.01
-0.58
0.76
-1.97
1.16
1.24
0.15
-0.08
0.37
-2.07
-1.21
-0.06
-0.08
0.64
1.11
0.66
0.09
1.26
