0.02088
0.02723
0.01614
0.00915
0.01669
0.01555
0.01616
0.01984
0.01593
0.02006
0.01653
0.01214
0.01877
0.01578
0.02146
0.01886
0.01915
0.01686
0.01462
0.01793
0.02089
0.01782
0.01792
0.01586
0.01906
0.01861
0.01661
0.02003
0.00609
0.01576
0.01474
0.02266
0.02042
0.00764
0.01793
0.01475
0.01626
0.01902
0.01383
0.01579
0.02377
0.01607
0.02263
0.0122
0.01657
0.01461
0.02166
0.01653
0.0236
0.01848
0.02063
0.01908
0.02334
0.0097
0.01566
0.01792
0.0061
0.01715
0.01831
0.02638
0.01016
0.02333
0.02414
0.01904
