4.0414
3.8479
3.4718
4.1040
2.5070
2.4740
3.5196
6.4351
3.6675
3.7058
4.2577
4.3152
3.5410
3.6598
3.7694
3.6702
4.5290
4.3136
3.9774
3.5850
3.9432
2.4029
3.4146
2.2427
2.4071
3.9182
3.9559
2.4620
3.7419
2.3361
3.6893
3.7268
3.8925
2.4019
4.1929
2.5120
3.4822
3.6253
3.9812
2.4595
2.4747
2.2163
3.6039
3.8619
4.3808
3.8636
2.3984
2.5091
3.8709
2.4708
4.0095
3.7569
2.4347
4.5898
3.7606
2.5161
3.5574
2.2685
2.6595
3.8525
2.4775
3.9573
3.8397
3.9389
2.7628
4.0887
3.8339
3.5299
3.7722
2.3655
3.7400
2.4908
3.6721
3.6833
3.8626
2.9881
4.3827
2.3768
3.7608
3.5758
3.6199
3.8073
4.1717
2.4569
3.4896
3.8164
3.2776
3.8757
3.4417
4.0258
4.1972
3.7662
3.8728
3.4680
4.2699
6.4780
4.0056
3.6259
4.1781
3.9235
4.0886
2.7535
2.4780
3.6143
3.4084
3.8158
2.3624
3.4174
2.4152
2.9891
4.2385
2.4774
2.4246
2.5700
2.4048
4.6516
3.4102
4.0783
2.3992
4.3578
2.4418
4.6773
3.8472
2.4312
2.4134
3.8420
3.6930
4.7268
3.8437
2.3818
2.4595
3.8853
3.6924
4.7241
3.5213
2.5019
2.3937
2.3784
3.4222
2.5363
2.4853
3.5067
4.1402
2.4237
3.7825
4.6397
2.4838
3.7398
3.7531
4.0342
3.6130
3.5782
2.4212
3.5396
3.5015
3.4257
2.3280
4.6616
2.5059
4.0156
3.8175
4.0037
3.8592
4.7263
2.4070
3.7018
4.2417
2.4153
2.3019
3.0851
2.4591
3.5300
4.2258
3.9326
6.1498
3.2579
2.4829
2.3960
3.6878
3.9943
3.0744
2.3600
2.5518
7.5904
3.4000
3.6643
2.5663
2.6769
2.5300
4.6754
3.8680
4.0879
2.5097
2.4278
2.4416
5.0918
4.1757
3.3264
2.5833
2.3444
2.4336
3.7293
2.4317
3.2968
2.3471
2.5531
2.4413
2.4816
2.4003
3.6268
2.3635
2.5135
2.4823
2.4990
2.3713
2.3828
2.5217
3.4260
2.3934
2.5213
2.5451
2.3981
2.5518
3.7413
2.3447
2.4936
2.3887
3.6819
2.4670
3.6181
2.3761
2.4743
2.6058
3.9383
2.3792
3.7116
2.5915
2.5110
2.4552
3.3010
2.4770
3.6699
2.5566
2.6806
2.4366
3.8701
2.3850
3.5861
2.3990
2.6508
2.4030
2.3686
2.3852
3.9362
2.4355
2.9834
2.3990
2.3999
2.4008
4.0001
2.3882
2.3298
2.4622
3.4846
2.4467
3.7682
2.4892
3.7897
2.3705
3.9038
2.4385
3.5349
2.3983
2.3835
2.4575
3.3483
2.4503
3.6575
2.4626
2.4266
2.4300
3.9734
2.5295
3.7469
2.4531
3.4357
3.2892
2.4157
2.4072
3.4921
2.4332
3.4612
3.6660
2.3877
2.5973
3.9666
2.4083
3.6011
3.6806
3.5939
2.4601
3.8990
2.4807
4.1226
3.6378
4.0394
4.4793
2.4044
2.8356
3.7017
3.6279
3.3128
2.4641
2.4615
2.5357
3.6420
3.6473
3.8804
2.4998
2.4834
3.9427
4.2816
3.8975
2.4008
2.4679
2.4969
3.8862
3.8833
4.0423
2.4065
2.6503
2.4996
3.6342
3.5598
3.7505
2.4064
2.4095
2.5210
3.6616
3.8694
3.6685
3.3192
2.4268
2.5969
3.9240
4.2591
3.5836
3.9628
2.3903
3.9996
3.2965
2.4327
3.7982
3.3256
2.7535
3.9501
4.2151
2.3981
3.4641
3.2501
2.5128
3.6758
3.6569
2.3988
3.9920
3.6132
2.3561
3.6196
3.5809
2.4594
3.8869
2.3943
2.4183
3.7084
3.6373
2.4290
2.4049
3.2559
2.4044
3.6415
3.9016
2.3569
2.4487
4.0157
2.6311
3.7367
3.8805
2.3544
2.4439
3.3407
2.3792
3.4149
3.8966
2.5300
2.5177
3.8512
2.4232
3.8519
3.2152
4.1679
2.5401
2.4017
2.3911
3.9957
3.9651
3.7892
2.5084
3.2726
2.4475
3.3865
4.0959
3.6629
2.5509
4.0052
2.4974
3.7730
3.6157
3.9738
4.1456
3.3677
2.3816
3.6131
2.9445
4.1379
3.9703
3.8361
2.6317
3.6765
3.8782
3.8857
3.6184
2.4238
3.1711
3.6765
3.9515
3.6050
3.8261
3.5645
4.3667
2.5273
4.1952
3.9866
3.9347
3.9916
3.4245
2.5134
3.8316
2.5156
4.2749
3.3675
3.7958
2.4680
3.7352
2.4117
4.0016
3.2825
4.1392
2.4932
2.4931
2.4102
3.6949
3.5771
3.7894
2.4669
2.4619
2.4469
3.6429
2.3916
4.1287
2.4842
2.4559
2.4969
3.9008
3.5221
3.0544
2.3596
2.4199
2.3940
2.4883
3.9160
3.7082
3.6106
2.4208
2.4184
2.4639
3.3520
4.0131
3.5917
2.4416
2.4631
2.3990
4.0578
4.2233
2.4691
2.4148
2.3813
2.4830
2.3802
3.7163
2.4752
2.4574
2.3849
2.3907
3.9998
3.6841
3.7303
2.3800
3.4234
2.4001
3.3772
3.7075
3.6354
2.5019
3.3572
2.4378
3.2857
3.8379
2.6099
2.5647
3.4298
2.4692
3.9275
4.0632
2.4530
2.5447
4.0878
2.4617
3.4106
3.2613
3.1547
2.7919
4.0617
2.4076
2.4077
4.1045
3.6791
2.4136
4.1119
2.4612
3.5913
2.9378
2.4449
2.6887
3.9663
2.4286
3.5879
4.4230
2.4733
2.4118
4.0728
2.4323
3.6948
3.8428
2.3831
2.4848
3.9877
2.4499
3.3290
3.4933
2.3820
2.4049
3.9625
2.8031
3.2600
4.0917
3.4214
2.4828
3.8688
2.8360
3.7227
3.1569
3.4448
2.4396
3.6280
3.2054
2.4402
4.0344
2.5139
2.4209
3.9409
3.0332
4.2313
4.2657
2.5125
2.4577
3.9520
3.7275
3.6007
3.4700
2.8258
2.4537
3.6191
3.6032
3.5740
4.0763
3.2902
2.5052
3.9254
2.4293
3.2638
3.0725
2.8453
2.4905
3.5473
2.4512
2.4006
3.7109
3.2721
2.4150
3.6885
3.6051
2.4073
4.1604
3.3728
2.5068
2.4706
3.6451
4.2226
3.5864
3.3759
2.5233
2.5248
2.4560
3.3016
4.0060
2.4779
2.4721
3.7986
2.5436
3.9471
3.4954
2.4754
2.4268
3.7063
3.9650
3.2977
3.9966
3.8624
3.9654
2.4229
3.6829
2.4025
3.5627
2.4061
3.9512
2.4342
2.4300
4.1509
3.8978
2.4086
3.9803
3.6139
2.4087
3.3643
4.1315
2.4014
3.6767
3.6131
2.6102
3.9138
3.2196
3.6659
3.5628
2.4425
2.4194
3.2929
3.9552
3.5849
4.0633
2.4478
2.4360
2.4206
3.3295
2.4423
4.1252
2.4589
2.4353
4.1696
4.2459
2.4581
3.8838
2.3458
3.7183
3.2378
3.6211
3.6646
3.7014
2.4647
3.7907
4.1794
3.5489
3.6436
4.1574
2.4055
2.7111
3.2609
3.6938
2.4942
4.1709
2.5444
2.6937
2.4022
3.4483
2.4856
3.5201
2.4502
3.4365
2.4411
2.4667
4.0441
4.0089
2.4430
3.4476
3.9882
2.4732
4.1969
3.5655
2.4321
2.4774
3.6432
2.3956
4.1532
3.3149
4.3435
2.4736
3.6014
2.8858
4.1645
3.6410
3.4497
2.4336
3.5448
3.8923
4.1062
3.8000
4.2527
3.5380
2.4518
4.0483
4.1956
3.9727
3.5747
2.4423
3.8598
2.7462
3.9817
3.6841
2.5550
3.5365
3.3198
4.0325
4.1586
3.6342
2.4138
3.6347
3.9887
4.1561
4.1424
4.2348
3.6736
3.6368
3.5446
3.8880
4.1576
3.7691
3.5186
2.4444
3.8456
2.2927
4.1921
3.4768
2.3984
2.4457
3.2618
2.5495
4.2125
2.4950
2.3894
3.6553
3.8996
2.6931
3.8859
2.4065
2.3567
3.6027
3.4879
3.9508
3.9466
2.4840
2.4263
2.4557
4.0364
2.2836
3.6606
2.4089
3.8543
2.4583
3.5979
3.1953
3.7446
2.4596
2.3880
2.4201
3.5884
3.7665
3.8078
2.6013
3.8885
2.4167
3.3865
3.8283
2.4637
2.4669
3.8560
3.5616
2.4181
3.6881
2.4239
2.8100
2.3917
2.5627
3.9664
3.4304
2.5802
2.6764
3.7759
2.4851
3.3342
3.5162
2.7470
2.4610
2.3721
2.4894
4.0846
3.9299
2.4783
3.0444
2.3191
2.4724
3.3942
2.4938
2.5361
2.4870
2.4689
3.6652
2.4561
2.2666
2.4882
2.4501
3.6060
2.4335
3.8473
2.4698
3.6332
3.8402
2.4125
2.2768
2.3979
2.8655
3.5127
2.5053
3.8138
2.5157
3.8821
3.6423
2.4953
3.5658
2.4599
2.8972
3.6405
2.4765
2.5291
2.4404
3.9094
3.7946
2.4003
3.8407
2.4030
3.1659
3.7051
2.5108
3.8391
2.4139
3.2751
4.1668
2.4943
2.3650
2.4366
2.9748
2.3943
2.4647
2.3783
2.3903
3.9124
3.7131
2.4724
3.8455
2.5360
2.8411
3.6120
3.0495
4.0400
2.4820
3.0823
3.7340
3.5905
3.6089
2.5145
3.9615
3.6553
3.7382
3.3059
2.4812
3.6996
2.4029
3.4991
3.9750
2.5709
3.9612
2.3899
4.2035
4.2168
2.5182
3.7992
3.9422
3.7130
4.1614
2.4012
3.8995
3.8268
3.8596
3.9628
2.5344
3.9691
4.0024
3.4861
4.1365
3.9199
3.3724
3.8601
4.2023
3.8930
4.3618
3.4811
3.9647
2.3927
2.4092
3.6400
4.0364
3.9910
2.4242
3.3867
3.8190
3.6929
3.9462
2.4056
3.7380
3.5779
4.0193
4.0643
2.3992
3.6976
4.1297
3.5360
4.0030
2.4304
4.0919
3.7338
3.4842
3.9646
2.3938
3.4420
3.5820
3.6931
3.9601
2.4004
3.7366
3.6839
4.1637
3.9183
2.3488
3.7576
4.0429
3.7436
3.7277
3.8659
3.5731
3.7904
3.6174
3.7720
3.7391
3.9629
3.7838
3.0763
3.6814
2.4203
4.0288
3.3759
4.1716
4.1258
2.4183
3.5183
3.4506
3.7368
3.7553
3.6039
4.1126
3.9614
2.5590
3.5826
3.6471
3.9258
3.8706
2.5049
4.0727
2.4679
2.4157
4.0281
2.4826
4.0719
2.4558
2.4425
3.7321
2.4500
2.4012
3.9704
2.3926
4.2360
2.4625
2.4359
2.7473
2.4715
3.6088
2.4492
3.7604
3.4356
2.4558
3.8515
2.4928
3.8319
3.4193
2.5339
3.4728
2.3531
2.4360
3.5278
2.5148
3.5788
2.4775
2.4842
3.2779
2.8562
2.4730
2.4460
2.4483
2.4470
2.5521
2.4757
2.5955
2.5026
2.4405
2.4654
2.4302
2.5842
2.4143
2.4726
2.4724
2.4291
3.0264
2.4890
2.4103
2.3139
2.4697
2.5835
2.4485
3.8521
2.4443
2.4295
2.5370
2.5096
3.8440
2.4469
2.3736
2.5054
4.1012
2.3919
2.4704
2.4686
2.4668
3.8832
2.4017
2.5057
2.8080
2.4812
3.9603
2.4328
2.4557
2.4458
2.7371
2.4745
3.7900
2.4803
2.4579
2.4221
2.4116
3.7685
2.5013
2.4492
2.4374
2.4826
4.1836
2.4958
2.4854
2.6361
2.4410
4.1127
2.5261
2.5244
2.5330
2.3763
2.4214
2.4560
2.4926
2.5042
2.4982
2.3889
2.3843
2.4036
2.4584
2.4132
2.5263
2.4584
2.4594
3.8634
2.4155
2.5711
2.6300
3.9654
2.4372
2.4968
2.4770
3.9806
2.4799
2.4394
3.9458
2.5174
2.4859
3.9589
2.4045
2.6425
3.8566
2.4287
2.4610
3.7655
2.4185
3.4080
2.4466
3.4519
2.4134
3.7840
2.4108
3.3399
2.4046
3.4251
2.4615
3.4507
2.4819
3.4285
3.4427
2.4626
3.3878
2.4668
3.6246
3.6140
3.9127
3.5466
3.7982
2.4300
3.7882
2.4537
3.9309
3.5071
4.4522
3.6295
3.8721
2.6145
3.4196
2.4301
3.2830
3.5961
3.8473
3.6339
3.7490
2.4495
3.0836
2.4567
3.5989
2.4080
3.6803
2.3833
3.5564
2.3960
4.0470
2.3232
2.6495
4.1652
4.0379
5.1606
3.5134
5.8945
4.2059
3.8796
4.1517
3.5429
2.9394
3.8199
2.4389
3.6037
2.4839
3.1682
2.4250
3.6679
2.5286
3.4434
2.5076
3.6398
2.6212
4.2550
2.6104
3.4379
2.4610
3.4998
2.5229
3.5154
2.3971
3.5889
2.5685
2.6463
2.4330
3.6693
2.4474
3.7407
2.4658
3.6444
2.5453
3.4907
2.6103
3.9171
2.5396
3.3173
2.4992
2.6851
2.4141
2.4339
2.4936
2.4578
2.4907
2.4636
2.5352
3.7104
2.4259
3.5422
2.5121
3.4740
2.4847
3.8794
2.5171
2.5060
2.4633
2.4246
2.5097
2.4450
2.4329
2.4143
2.4590
2.3878
2.4218
3.8775
3.8470
2.3193
3.8289
2.4096
3.8527
3.8987
3.9292
2.2688
