3.9155
7.5844
3.5114
3.7056
3.4700
3.6451
9.6735
3.6391
3.4802
4.0303
2.4315
3.2743
4.9458
3.7465
8.4324
3.7020
4.0108
3.5178
2.3543
3.3003
3.6806
3.7746
2.3537
3.6244
2.3891
2.6058
3.6034
3.8710
2.2497
3.6423
3.6519
3.5547
3.4445
3.5904
3.7769
3.7321
2.8704
3.6308
3.7429
3.6643
3.9346
4.0085
3.7155
3.4357
3.5111
3.6530
3.8245
3.6600
3.5512
3.6730
3.5684
4.3646
4.0189
3.7530
3.5896
2.7150
3.7197
3.5236
3.3741
3.8331
3.5935
3.8220
3.3091
3.6950
3.5860
3.6105
3.3065
3.5966
3.5952
3.3959
3.5980
3.9237
3.6158
3.5710
3.7124
3.8171
3.3677
3.5682
3.5941
3.5908
3.8861
3.3789
3.6528
3.6672
3.5632
3.5673
3.6494
3.9403
3.6232
3.5288
4.1162
3.4589
3.5790
3.5840
3.3675
3.7757
4.1903
3.7521
3.5812
3.6606
3.5513
3.7231
3.6742
3.4718
3.5833
3.7011
3.5592
3.4518
3.4778
3.5339
3.4930
4.0474
3.5253
4.0964
3.4948
3.8055
3.6225
4.0317
3.6238
2.3539
3.4430
3.9755
3.3347
3.7843
3.7994
3.8060
3.7626
3.5118
3.5626
3.3993
3.6507
3.4872
4.1840
3.4636
3.7829
3.4819
3.6312
3.1901
4.0133
3.4633
3.5146
3.7747
3.6463
3.9282
3.7216
3.4493
3.6222
3.6662
3.8937
3.7985
3.6037
4.1040
3.6714
3.6990
3.5777
3.6284
3.6444
3.6968
3.3518
3.6329
3.7104
4.1569
3.6271
3.7087
3.4208
3.7233
3.7170
3.9525
3.3969
3.7542
3.7644
3.3106
4.2124
3.7974
3.5092
3.6563
3.6521
3.8339
3.5671
3.4341
4.1875
3.6943
3.9224
3.6665
3.5987
3.8336
3.3843
3.3793
2.9793
3.2043
3.7037
3.7112
3.6332
3.6335
4.1014
3.7011
3.6448
3.6505
3.7430
3.6322
3.6736
3.4496
3.7495
3.5688
3.6753
3.9685
3.5880
4.0650
3.6807
3.6414
3.6566
3.7666
3.6934
3.6490
3.4245
3.6836
4.1137
3.6953
3.4529
3.6918
3.5574
3.5757
4.0457
3.6434
3.6259
3.6888
3.5539
3.5947
3.6991
3.7206
3.6054
3.7453
3.3669
3.4331
3.3921
3.6186
3.6503
3.8164
3.6712
3.4572
3.6898
3.9710
3.5748
3.3292
3.6818
3.6451
3.3435
3.3599
3.7190
3.6073
2.8870
3.3733
3.5721
3.4164
3.0820
3.5742
3.6804
3.6100
3.6359
3.9132
3.7465
3.5968
3.7205
3.7371
3.5479
3.9450
3.5391
3.5251
3.6288
3.5555
3.5985
3.6568
3.5452
3.9154
3.6265
3.5614
3.5706
3.7069
3.5687
3.5636
3.7252
3.6993
3.5829
3.6681
3.6427
3.5753
3.7276
3.7240
3.6962
3.8017
3.5250
3.6756
3.7634
3.8427
3.6916
3.9370
3.6774
3.9237
3.2932
3.6573
3.6263
3.3241
3.5398
3.6580
3.7674
3.4846
3.6758
2.3315
3.3995
3.6377
2.3819
3.4383
3.5623
2.4949
3.5600
2.4964
3.5912
2.3595
2.4872
3.5476
2.9455
2.4542
3.6025
2.4859
3.4822
2.4287
2.5040
3.7258
2.7425
2.5092
2.4172
2.5010
3.7068
2.5870
3.6490
3.7049
2.3723
3.5538
3.8521
3.9256
3.7413
2.5212
3.7271
3.7182
3.7011
3.7538
2.3824
3.6996
3.8317
3.8802
3.4034
3.5008
2.3962
3.4631
3.6835
3.7387
2.3849
3.5398
3.6498
3.3522
3.5694
3.5737
3.3655
2.3694
3.5830
11.4840
3.4985
3.7220
3.5827
3.2960
3.8082
3.1407
3.9452
3.6218
3.5865
3.7375
3.7094
3.6053
3.7008
3.6094
3.6233
3.5727
2.3959
3.6313
3.5963
3.3060
3.6708
2.4061
3.6723
3.5233
11.4577
3.8827
11.8030
3.6553
3.6361
2.3884
3.7406
3.7129
2.3880
3.5861
3.5565
3.6876
3.7065
3.7885
4.0172
3.6598
2.3859
3.8216
10.7349
4.8191
3.6793
3.5903
3.4998
3.5434
3.4978
3.5805
3.6043
3.8937
3.6357
4.1883
3.5861
3.5906
3.4646
3.7114
3.7328
3.5464
3.4830
3.7081
3.7233
3.5554
3.6094
3.6783
3.7262
3.5952
3.6994
3.6117
3.7792
3.6916
4.0145
3.6289
3.6865
3.7040
3.5084
3.7598
3.7445
3.4639
3.9519
3.4979
3.4884
3.5962
3.6819
3.3985
3.7521
3.7636
3.5169
3.4101
3.5521
3.7188
3.5574
3.7120
3.3681
3.4141
3.5658
3.6990
3.5623
3.5485
3.7403
3.5908
3.2352
3.6796
3.9021
3.9970
3.7211
3.5628
3.5030
2.3639
3.9757
3.6251
3.8961
3.7824
2.3721
3.7387
3.5667
3.6946
3.2437
4.2466
3.8344
3.4477
3.2106
3.6594
3.6482
3.7437
3.6678
3.6517
3.6946
3.5726
3.6594
3.5850
3.7307
3.5992
3.9397
3.6730
3.7048
3.8967
3.6985
3.7327
3.6621
3.5365
3.7329
3.4784
3.5391
3.6321
3.9521
3.5728
3.5231
3.7150
3.6162
3.6475
3.5272
3.5953
3.8596
3.6507
3.7125
3.7121
3.7898
3.5625
3.9109
3.5514
3.4976
3.3955
3.5807
3.7510
3.6187
3.6124
3.7357
3.5976
3.7845
3.4003
3.5152
3.6518
3.6653
3.8350
3.6266
3.6557
3.7366
3.7809
3.5383
3.5990
3.5786
3.7268
3.6895
3.5909
3.5854
3.7072
3.6771
3.9023
4.0109
4.0544
3.9834
3.1467
3.6813
3.6688
3.6786
3.7748
3.5126
3.5241
3.4981
3.5666
3.6034
3.5755
3.8464
3.6544
3.8096
3.4595
3.7319
3.4151
3.6286
3.7007
11.1684
3.2765
3.8680
4.1708
3.5352
3.7428
3.5086
3.3100
3.8744
3.5600
3.6130
3.6671
3.8110
3.5436
3.6891
4.9832
3.9351
3.7699
3.6774
3.9794
2.3673
2.4069
2.3818
2.4269
2.3854
2.3884
